"Y1","Y2","Y3","Y4","A","X1","X2","X3","X4","X5","X6M","GP","g1A","g11","g10","g2A","g21","g20","g3A","g31","g30","g4A","g41","g40"
7.65813576303442,0,0,0,1,0.958232078547652,-1.36125431293752,1,-0.966650084733842,1,5,1,9.57381076233285,9.57381076233285,2.62079745784184,0,0,0,0,0,0,0,0,0
5.01104724685533,0,0,0,1,0.676707659191609,-0.254338238755753,0,-0.966650084733842,1,5,1,5.3293526330049,5.3293526330049,3.16466469331152,0,0,0,0,0,0,0,0,0
6.7682693186312,0,0,0,1,0.217123166451342,0.0400099455281335,1,-0.966650084733842,1,5,1,7.64144468785604,7.64144468785604,2.53984389211487,0,0,0,0,0,0,0,0,0
2.63488030221203,0,0,0,0,0.45496775318993,0.412782971435745,1,-0.966650084733842,1,5,1,3.38830609149966,8.65869587300698,3.38830609149966,0,0,0,0,0,0,0,0,0
6.48188281167831,0,0,0,1,0.0144699057138856,0.582433920266375,0,-0.966650084733842,1,5,1,5.11619061685506,5.11619061685506,2.6769613453782,0,0,0,0,0,0,0,0,0
-1.39805571160785,0,0,0,0,-1.66166201944483,-0.111079271741531,0,0.813180536827875,1,4,2,-1.09566589610686,1.01667270850377,-1.09566589610686,0,0,0,0,0,0,0,0,0
4.223098002615,0,0,0,1,-0.335765160382494,-1.11259264606278,0,0.813180536827875,1,4,2,3.89247684376954,3.89247684376954,0.55461444769656,0,0,0,0,0,0,0,0,0
3.98384975650252,0,0,0,0,0.826179660253055,-1.25426362010808,0,0.813180536827875,1,4,2,2.73683311492236,6.41001034364898,2.73683311492236,0,0,0,0,0,0,0,0,0
11.5674816038463,0,0,0,1,0.0609231016628168,1.60171131411874,0,0.813180536827875,1,4,2,8.72777406574468,8.72777406574468,4.0622949319687,0,0,0,0,0,0,0,0,0
4.4248481468963,0,0,0,1,0.786441005798411,-1.26523684635094,0,-1.99872431356776,1,4,3,3.01357056096306,3.01357056096306,-0.687253716401026,0,0,0,0,0,0,0,0,0
-1.5124619710718,0,0,0,1,-0.453825946140091,0.556580993018991,0,-1.99872431356776,1,4,3,1.06381262088191,1.06381262088191,-1.3459697809081,0,0,0,0,0,0,0,0,0
3.47525014337896,0,0,0,1,-0.289150167832759,-0.994416272711957,1,-1.99872431356776,1,4,3,3.52124823340996,3.52124823340996,-2.56761549002438,0,0,0,0,0,0,0,0,0
1.52318066604163,0,0,0,1,0.331970012767443,-0.806017495527049,0,-1.99872431356776,1,4,3,1.61268785145663,1.61268785145663,-1.13697635163907,0,0,0,0,0,0,0,0,0
3.72519748475004,0,0,0,1,-0.0704960583679595,0.29478392110452,0,-1.24292660936669,1,5,4,3.79582280823857,3.79582280823857,1.60892524809682,0,0,0,0,0,0,0,0,0
2.5002369717814,0,0,0,1,-0.114883374024329,-0.449721234186341,0,-1.24292660936669,1,5,4,3.0778946499713,3.0778946499713,0.775645461493216,0,0,0,0,0,0,0,0,0
7.48429190496441,0,0,0,1,0.134862399410891,0.903920086543049,1,-1.24292660936669,1,5,4,8.54584985194904,8.54584985194904,2.62877832909305,0,0,0,0,0,0,0,0,0
6.05206992000085,0,0,0,1,-0.908974562880935,1.38301680483555,0,-1.24292660936669,1,5,4,5.03293660525942,5.03293660525942,1.02020112280189,0,0,0,0,0,0,0,0,0
5.58491157470102,0,0,0,1,0.249929549427762,1.10309367694234,0,-1.24292660936669,1,5,4,6.37490187963624,6.37490187963624,3.05808621952608,0,0,0,0,0,0,0,0,0
1.47865882292643,0,0,0,0,-0.424952567178703,1.28887790137484,1,-0.669432209846192,0,5,5,1.70195538206304,8.46316162671546,1.70195538206304,0,0,0,0,0,0,0,0,0
7.21013743836023,0,0,0,1,-0.467145061241634,0.432538899070093,1,-0.669432209846192,0,5,5,6.90466029314594,6.90466029314594,1.61757039393718,0,0,0,0,0,0,0,0,0
-3.14752285844023,0,0,0,0,-1.65373544747319,1.21896507697433,1,-0.669432209846192,0,5,5,-0.755610378525927,5.83026548035711,-0.755610378525927,0,0,0,0,0,0,0,0,0
5.72290818797747,0,0,0,1,-0.604827877088628,-1.11098977639879,0,-0.669432209846192,0,5,5,4.67650304550582,4.67650304550582,1.34220476224319,0,0,0,0,0,0,0,0,0
6.64907860836627,0,0,0,1,0.590320926255661,-0.154665059045577,0,-0.669432209846192,0,5,5,5.85642364942134,5.85642364942134,3.73250236893177,0,0,0,0,0,0,0,0,0
7.67421866419553,0,0,0,1,0.152741142510331,1.19450992231147,0,-0.43601954722173,0,5,6,6.64222319396177,6.64222319396177,3.11536923946122,0,0,0,0,0,0,0,0,0
2.426620542026,0,0,0,0,0.507149058955453,0.164033882048065,0,-0.43601954722173,0,5,6,3.82418507235146,5.95109218681122,3.82418507235146,0,0,0,0,0,0,0,0,0
6.81389490639576,0,0,0,1,0.222733760919806,0.54584280579561,0,-0.43601954722173,0,5,6,5.65329884491899,5.65329884491899,3.25535447628017,0,0,0,0,0,0,0,0,0
7.93435874620841,0,0,0,0,1.61665013752067,-0.146531890701584,0,-0.43601954722173,0,5,6,6.04318722948189,8.16465882447447,6.04318722948189,0,0,0,0,0,0,0,0,0
7.12755579750033,0,0,0,0,0.87436868928299,2.6929234343357,0,-0.43601954722173,0,5,6,4.55862433300654,13.9104609562009,4.55862433300654,0,0,0,0,0,0,0,0,0
1.7698406420597,0,0,0,1,-1.11457014072713,-1.11786172072575,0,1.30979350364395,1,4,7,1.28705380229601,1.28705380229601,-2.06256102436791,0,0,0,0,0,0,0,0,0
2.68982970847886,0,0,0,0,-0.0698709505531993,0.875188507640923,0,1.30979350364395,1,4,7,2.01988758434662,4.88584250825337,2.01988758434662,0,0,0,0,0,0,0,0,0
8.60481502048953,0,0,0,1,1.18508032364026,-0.113448287041606,1,1.30979350364395,1,4,7,8.65402385188368,8.65402385188368,3.541153338051,0,0,0,0,0,0,0,0,0
-3.93913919337367,0,0,0,0,-2.270077431223,0.0439918021197169,0,1.30979350364395,1,4,7,-3.21172208251418,-1.10978680386044,-3.21172208251418,0,0,0,0,0,0,0,0,0
0.723303628386602,0,0,0,0,-0.402447326763346,-1.01492456278334,1,0.196662085060627,1,5,8,1.14150480798958,7.27157667613053,1.14150480798958,0,0,0,0,0,0,0,0,0
7.94518107985788,0,0,0,1,0.0620869825896566,-0.440777718909068,1,0.196662085060627,1,5,8,7.93900526805653,7.93900526805653,2.64472027056985,0,0,0,0,0,0,0,0,0
10.3362571176214,0,0,0,1,0.497501417239007,1.59221992605487,0,0.196662085060627,1,5,8,10.1837110777587,10.1837110777587,5.54854678483249,0,0,0,0,0,0,0,0,0
6.43906455537333,0,0,0,1,0.273703086268689,0.849630485149393,0,0.196662085060627,1,5,8,7.18023264328157,7.18023264328157,4.35836068198638,0,0,0,0,0,0,0,0,0
11.4788081057855,0,0,0,1,0.529377852388575,1.95471989445031,0,0.196662085060627,1,5,8,11.8957294892869,11.8957294892869,5.97479962352706,0,0,0,0,0,0,0,0,0
4.98738501943348,0,0,0,1,-0.197126342375007,0.024576240721057,0,0.020936600389172,1,6,9,4.73048920634317,4.73048920634317,2.62988521473519,0,0,0,0,0,0,0,0,0
7.55425815085618,0,0,0,1,1.17483663389928,-0.587896467574114,0,0.020936600389172,1,6,9,7.20696071557471,7.20696071557471,4.76133845898859,0,0,0,0,0,0,0,0,0
1.92756422606229,0,0,0,0,0.638628651725534,-0.520974367626805,1,0.020936600389172,1,6,9,3.75584459458841,9.12725888631256,3.75584459458841,0,0,0,0,0,0,0,0,0
6.59713179015951,0,0,0,1,-1.16330505497688,0.643460167255806,1,0.020936600389172,1,6,9,6.83045270291106,6.83045270291106,1.31641171606619,0,0,0,0,0,0,0,0,0
6.17430588836008,0,0,0,1,0.458674067131532,-0.342506301705851,0,0.020936600389172,1,6,9,5.79171405802958,5.79171405802958,3.57440349132136,0,0,0,0,0,0,0,0,0
-0.841492181336669,0,0,0,0,-1.81573145573216,0.0261865840863396,0,0.020936600389172,1,6,9,-0.60571466861383,1.49497106857228,-0.60571466861383,0,0,0,0,0,0,0,0,0
7.60962415431245,0,0,0,1,0.491007057837425,-1.03480370201189,0,0.0755912056771915,0,5,10,7.14711878699663,7.14711878699663,3.97630008529912,0,0,0,0,0,0,0,0,0
-0.0966581527726453,0,0,0,0,-0.713797884655731,0.35073407121108,0,0.0755912056771915,0,5,10,1.56669020031281,3.7897045890211,1.56669020031281,0,0,0,0,0,0,0,0,0
4.0809587749649,0,0,0,0,0.645742244853019,-1.04438571201387,1,0.0755912056771915,0,5,10,4.28577045933031,10.476511974789,4.28577045933031,0,0,0,0,0,0,0,0,0
2.56542952847317,0,0,0,0,-0.0801209745656632,-1.95839777314452,0,0.0755912056771915,0,5,10,2.83404402049294,8.76936585835035,2.83404402049294,0,0,0,0,0,0,0,0,0
3.61681564892474,0,0,0,0,0.203579781960561,0.644068429431204,0,0.0755912056771915,0,5,10,3.40144553354539,5.91626967533537,3.40144553354539,0,0,0,0,0,0,0,0,0
3.06869586649706,0,0,0,1,0.250742243819746,-1.03049416053426,0,1.27031350652473,1,5,11,4.01921213714129,4.01921213714129,0.85729392224608,0,0,0,0,0,0,0,0,0
1.42559367445042,0,0,0,0,-0.932046934751446,1.92168238576828,1,1.27031350652473,1,5,11,1.44389211140623,10.2367553031783,1.44389211140623,0,0,0,0,0,0,0,0,0
7.07218050872652,0,0,0,1,1.80613053785086,-1.11695070451509,0,1.27031350652473,1,5,11,7.22919284264425,7.22919284264425,3.88161396632748,0,0,0,0,0,0,0,0,0
2.32192966464063,0,0,0,0,0.522900277699279,-1.51111180366178,1,1.27031350652473,1,5,11,0.920992346877631,8.30445123004358,0.920992346877631,0,0,0,0,0,0,0,0,0
5.62225143588524,0,0,0,1,0.684867524012122,-0.212996560072019,0,1.27031350652473,1,5,11,4.68840961769559,4.68840961769559,2.54304208309307,0,0,0,0,0,0,0,0,0
4.90615515820025,0,0,0,0,0.668848499248513,0.756420943153393,0,-0.124800682565787,1,5,12,5.07854273128153,7.7507153745226,5.07854273128153,0,0,0,0,0,0,0,0,0
-2.43739760610967,0,0,0,0,-0.930637714330955,-0.532185302188567,0,-0.124800682565787,1,5,12,0.590964058780637,2.97418525464617,0.590964058780637,0,0,0,0,0,0,0,0,0
11.7438928587593,0,0,0,1,0.715897149571612,-2.09087522892562,1,-0.124800682565787,1,5,12,11.7971030827835,11.7971030827835,2.32534385984872,0,0,0,0,0,0,0,0,0
8.54141962419338,0,0,0,1,0.355513654327818,-0.587380188566073,1,-0.124800682565787,1,5,12,8.55308739564059,8.55308739564059,3.10807190972068,0,0,0,0,0,0,0,0,0
-0.379042636050602,0,0,0,0,-1.50405851958075,-0.681239241626215,0,-0.124800682565787,1,5,12,-0.704931491156607,1.85915541317485,-0.704931491156607,0,0,0,0,0,0,0,0,0
3.50572901143382,0,0,0,1,-0.520410139676445,-0.67757459547356,0,-0.247360546226322,1,6,13,3.77952521777532,3.77952521777532,1.22041788534416,0,0,0,0,0,0,0,0,0
-0.563882816829342,0,0,0,1,-2.2118816490716,0.701894492886837,0,-0.247360546226322,1,6,13,1.80959983405912,1.80959983405912,-0.783056045085745,0,0,0,0,0,0,0,0,0
6.07124618504144,0,0,0,1,-0.1571237288428,0.367253866138473,0,-0.247360546226322,1,6,13,5.22669457081714,5.22669457081714,2.99181916862349,0,0,0,0,0,0,0,0,0
2.11554685752014,0,0,0,0,-0.920324205252771,2.42903769550937,0,-0.247360546226322,1,6,13,3.52720204517444,11.5274261713799,3.52720204517444,0,0,0,0,0,0,0,0,0
8.09275387159933,0,0,0,1,1.05107986697334,-0.0452463128768653,0,-0.247360546226322,1,6,13,7.09777341006938,7.09777341006938,4.99572618124043,0,0,0,0,0,0,0,0,0
3.0931893913083,0,0,0,0,0.327954991801408,-0.924652993141888,0,-0.247360546226322,1,6,13,2.67006975063154,5.6250529083578,2.67006975063154,0,0,0,0,0,0,0,0,0
4.70560806539186,0,0,0,1,-1.15483482215579,0.54562486573428,0,0.0322831435839411,1,5,14,3.63261951417059,3.63261951417059,1.23491302006304,0,0,0,0,0,0,0,0,0
-1.91478172194054,0,0,0,0,-1.99711436791781,-0.593527581293288,0,0.0322831435839411,1,5,14,-1.58879851848857,0.863476471267295,-1.58879851848857,0,0,0,0,0,0,0,0,0
9.03470290199104,0,0,0,1,0.646349814162064,0.851989610246738,0,0.0322831435839411,1,5,14,7.96953333317959,7.96953333317959,5.1436470372112,0,0,0,0,0,0,0,0,0
5.06014988124675,0,0,0,1,-1.01688230076405,0.712826411278918,0,0.0322831435839411,1,5,14,4.28614110100794,4.28614110100794,1.67801960839116,0,0,0,0,0,0,0,0,0
4.24021055212874,0,0,0,0,0.574843023764823,1.17242017765959,0,0.0322831435839411,1,5,14,5.32106402382957,8.79563309681291,5.32106402382957,0,0,0,0,0,0,0,0,0
2.8735727539406,0,0,0,0,0.776989714557214,-0.591068682488891,0,1.18218669922876,1,4,15,2.56534535479214,5.01470754221129,2.56534535479214,0,0,0,0,0,0,0,0,0
1.77503597107711,0,0,0,0,0.629147516197357,0.445005505233126,1,1.18218669922876,1,4,15,3.30573514579444,8.60376504548223,3.30573514579444,0,0,0,0,0,0,0,0,0
-2.92320120138313,0,0,0,0,-1.3822470746182,-1.15937413239942,0,1.18218669922876,1,4,15,-2.32143367346922,1.1227147054077,-2.32143367346922,0,0,0,0,0,0,0,0,0
1.42077549970125,0,0,0,0,0.432195006526569,-0.18007872236144,0,1.18218669922876,1,4,15,2.2867458988583,4.41917424510563,2.2867458988583,0,0,0,0,0,0,0,0,0
3.39436361344501,0,0,0,0,0.676214433831071,-1.08817886017779,0,1.34797478830268,0,5,16,2.5353928377625,5.81952606950033,2.5353928377625,0,0,0,0,0,0,0,0,0
5.00448708007837,0,0,0,1,-0.189986425083801,0.314588930303877,0,1.34797478830268,0,5,16,3.0019573150025,3.0019573150025,0.802991119932757,0,0,0,0,0,0,0,0,0
6.14951789781739,0,0,0,1,0.154957288101336,0.00839702912293755,1,1.34797478830268,0,5,16,6.59294905640112,6.59294905640112,1.49287854630303,0,0,0,0,0,0,0,0,0
1.23332537732844,0,0,0,0,-0.899166309944033,-0.155279677401529,0,1.34797478830268,0,5,16,-0.615368649787709,1.50874312842621,-0.615368649787709,0,0,0,0,0,0,0,0,0
4.6057898471712,0,0,0,0,0.314197892145774,-0.797970381997051,0,1.34797478830268,0,5,16,1.81135975439191,4.54811648493643,1.81135975439191,0,0,0,0,0,0,0,0,0
-1.31446714471559,0,0,0,0,-0.866547884577848,-1.37141897716682,0,0.00830190166491493,1,5,17,-0.104583667893765,3.87620634303951,-0.104583667893765,0,0,0,0,0,0,0,0,0
3.44648132757687,0,0,0,1,-1.25479375930812,-0.473141698152996,1,0.00830190166491493,1,5,17,5.34106492819061,5.34106492819061,0.0172018616595124,0,0,0,0,0,0,0,0,0
7.08234749997844,0,0,0,0,1.42046254445246,1.51277197646124,0,0.00830190166491493,1,5,17,7.35362814379491,11.7421071965614,7.35362814379491,0,0,0,0,0,0,0,0,0
10.6085376383121,0,0,0,1,-0.122199435509832,0.555464395104237,1,0.00830190166491493,1,5,17,8.71953729674184,8.71953729674184,3.31099660251332,0,0,0,0,0,0,0,0,0
13.5457612554067,0,0,0,1,1.22240484707378,2.11489503025709,0,0.00830190166491493,1,5,17,14.1324167918395,14.1324167918395,7.55963580283339,0,0,0,0,0,0,0,0,0
4.92573350210742,0,0,0,1,-0.362468872151784,-0.25961530374056,0,-0.249351277368806,1,6,18,4.12067099836672,4.12067099836672,1.95327089243042,0,0,0,0,0,0,0,0,0
8.00878812832763,0,0,0,1,1.54837617459728,-0.593214789408646,1,-0.249351277368806,1,6,18,10.8932652866336,10.8932652866336,5.44136150026046,0,0,0,0,0,0,0,0,0
1.93216256185899,0,0,0,1,-0.359636690604044,-0.995989957495982,0,-0.249351277368806,1,6,18,4.31455659720332,4.31455659720332,1.22256060177047,0,0,0,0,0,0,0,0,0
4.89354428840684,0,0,0,1,0.796736517924341,-1.01330947854804,0,-0.249351277368806,1,6,18,6.64478359709049,6.64478359709049,3.51798749777518,0,0,0,0,0,0,0,0,0
1.24445517424773,0,0,0,0,0.00457245558507699,-0.00442891123331066,0,-0.249351277368806,1,6,18,2.94253994041139,5.0425595556661,2.94253994041139,0,0,0,0,0,0,0,0,0
-1.12493360991928,0,0,0,0,-2.08648479910611,1.13890994777765,0,-0.249351277368806,1,6,18,-0.0962357099600353,3.30088015918685,-0.0962357099600353,0,0,0,0,0,0,0,0,0
10.5036871650196,0,0,0,1,0.481709617661676,0.842580032745071,1,0.612310006485848,1,5,19,10.2410168356064,10.2410168356064,4.43107572402572,0,0,0,0,0,0,0,0,0
5.3213123086425,0,0,0,1,-0.0876479564808265,-0.864947664545621,0,0.612310006485848,1,5,19,4.43296734085295,4.43296734085295,1.58483287845003,0,0,0,0,0,0,0,0,0
0.963297538156002,0,0,0,0,-0.624835309340571,-1.69651858094494,0,0.612310006485848,1,5,19,-0.321112743668777,4.65706255182264,-0.321112743668777,0,0,0,0,0,0,0,0,0
13.0872554873468,0,0,0,1,2.26347913069984,0.644910746694697,1,0.612310006485848,1,5,19,13.312855335254,13.312855335254,7.79694546405167,0,0,0,0,0,0,0,0,0
10.1657099932774,0,0,0,1,0.0383274286585553,1.72144263130838,0,0.612310006485848,1,5,19,9.48653867746872,9.48653867746872,4.42317394458279,0,0,0,0,0,0,0,0,0
7.26941178094363,0,0,0,1,1.33390542158742,0.122088502515943,0,0.330263120776088,1,5,20,7.79573121919261,7.79573121919261,5.68082561674603,0,0,0,0,0,0,0,0,0
5.72159562463607,0,0,0,1,0.200281637402287,-0.93848268338017,0,0.330263120776088,1,5,20,5.33375660948409,5.33375660948409,2.35300686247964,0,0,0,0,0,0,0,0,0
-0.776987724259711,0,0,0,0,-0.684556995230277,-0.292446602261509,0,0.330263120776088,1,5,20,1.22936567833318,3.41489069350748,1.22936567833318,0,0,0,0,0,0,0,0,0
4.5416067455071,0,0,0,1,0.00839087250718039,0.355343294665031,0,0.330263120776088,1,5,20,5.48932016779803,5.48932016779803,3.26305131073463,0,0,0,0,0,0,0,0,0
2.17073457522103,0,0,0,1,-1.03774995799511,-0.903006512265062,0,0.330263120776088,1,5,20,2.82784060399308,2.82784060399308,-0.0875801572000363,0,0,0,0,0,0,0,0,0
0.209720295540642,0,0,0,0,-0.274423024779423,-0.188799876463551,0,1.8181070218093,1,5,21,-1.04315906877467,1.09248632457799,-1.04315906877467,0,0,0,0,0,0,0,0,0
4.42907887499924,0,0,0,0,1.25719747422302,0.151736816162743,1,1.8181070218093,1,5,21,2.36061862185652,7.48364268323573,2.36061862185652,0,0,0,0,0,0,0,0,0
0.484166898933035,0,0,0,1,-1.00912350855026,-2.11607206038207,0,1.8181070218093,1,5,21,2.13792874449476,2.13792874449476,-4.43983222023487,0,0,0,0,0,0,0,0,0
-3.96621953378396,0,0,0,0,-0.914590904590303,-1.47870796779047,0,1.8181070218093,1,5,21,-3.61340291972334,0.673174334283669,-3.61340291972334,0,0,0,0,0,0,0,0,0
-2.803786727749,0,0,0,0,-0.802196619314965,-0.113932765267594,0,1.8181070218093,1,5,21,-2.02383914664979,0.0891415283517275,-2.02383914664979,0,0,0,0,0,0,0,0,0
0.735876554671194,0,0,0,0,-0.449072965420655,0.475893352884227,0,-1.19859878706313,1,5,22,1.14110836969372,3.46758285301311,1.14110836969372,0,0,0,0,0,0,0,0,0
0.491096527022371,0,0,0,1,-1.37318285120173,-0.847628629321293,0,-1.19859878706313,1,5,22,0.78784090917115,0.78784090917115,-2.03063338407394,0,0,0,0,0,0,0,0,0
-0.16362825922571,0,0,0,0,0.145465811560008,-0.823079857890417,0,-1.19859878706313,1,5,22,1.0312127128804,3.80867316534531,1.0312127128804,0,0,0,0,0,0,0,0,0
5.30108172319555,0,0,0,1,1.15377215179134,-1.11644633045644,0,-1.19859878706313,1,5,22,6.10091132956669,6.10091132956669,2.75445892077704,0,0,0,0,0,0,0,0,0
0.90464420936721,0,0,0,0,-0.805046201090279,0.317740015619941,0,-1.19859878706313,1,5,22,0.271008561090187,2.47196727861635,0.271008561090187,0,0,0,0,0,0,0,0,0
-2.43976553936368,0,0,0,0,0.397953299257561,-1.11668810329087,1,2.55769271257841,1,5,23,-3.86257351675242,2.48441880327893,-3.86257351675242,0,0,0,0,0,0,0,0,0
2.38410175715752,0,0,0,1,-0.596906950942732,-1.59734940152275,1,2.55769271257841,1,5,23,1.31856979516019,1.31856979516019,-6.33295531538489,0,0,0,0,0,0,0,0,0
12.1790894779674,0,0,0,1,2.22181501064203,2.28917582001756,0,2.55769271257841,1,5,23,10.531339764278,10.531339764278,3.19101382932494,0,0,0,0,0,0,0,0,0
0.442598817231382,0,0,0,1,-0.957703149415185,0.266493569354511,1,2.55769271257841,1,5,23,-0.0196859189452308,-0.0196859189452308,-5.19070474145254,0,0,0,0,0,0,0,0,0
6.28059368724977,0,0,0,1,2.20562775707968,-0.47112131571286,0,2.55769271257841,1,5,23,2.72029748058883,2.72029748058883,0.398342186469818,0,0,0,0,0,0,0,0,0
2.61105245431669,0,0,0,1,0.0925622338824134,-0.148403516978263,0,-0.0885461413583048,0,5,24,5.2993076524669,5.2993076524669,3.17728404861538,0,0,0,0,0,0,0,0,0
5.33596943436634,0,0,0,1,-0.0719399506071626,-0.940504297210144,0,-0.0885461413583048,0,5,24,5.83282801270698,5.83282801270698,2.84827967963623,0,0,0,0,0,0,0,0,0
0.426844854655911,0,0,0,0,-1.32350908480961,0.26532360134048,0,-0.0885461413583048,0,5,24,0.345141411231329,2.51553802465961,0.345141411231329,0,0,0,0,0,0,0,0,0
2.80367163050591,0,0,0,0,-0.203640156471514,-1.42081244801183,1,-0.0885461413583048,0,5,24,2.58487926790753,9.70358728033288,2.58487926790753,0,0,0,0,0,0,0,0,0
7.86522977200327,0,0,0,0,2.18295211987234,-0.200049726961984,1,-0.0885461413583048,0,5,24,7.35806382059524,12.4980837138528,7.35806382059524,0,0,0,0,0,0,0,0,0
3.67113299797777,0,0,0,1,-1.39862376105831,0.129649442164875,1,0.167093403111918,1,4,25,5.42129069253839,5.42129069253839,0.30448171468473,0,0,0,0,0,0,0,0,0
1.12861884888806,0,0,0,0,-1.5049295814749,-0.614127655765087,0,0.167093403111918,1,4,25,-0.651907024078413,1.82524575349711,-0.651907024078413,0,0,0,0,0,0,0,0,0
4.36163794962461,0,0,0,0,-0.606291046142858,2.34522918564437,0,0.167093403111918,1,4,25,4.10472688799514,11.7048268211933,4.10472688799514,0,0,0,0,0,0,0,0,0
5.20743016215046,0,0,0,1,0.0941662120534765,-0.0801955508742043,1,0.167093403111918,1,4,25,8.18664799424924,8.18664799424924,3.08021666786923,0,0,0,0,0,0,0,0,0
0.544744746654468,0,0,0,0,-1.22060562751637,1.96515122491506,0,-0.0300887857446023,0,4,26,0.557883409939666,6.51970274672485,0.557883409939666,0,0,0,0,0,0,0,0,0
11.3736466121428,0,0,0,1,1.33435917318874,-1.81495594865303,0,-0.0300887857446023,0,4,26,11.0618781069009,11.0618781069009,5.6678130113499,0,0,0,0,0,0,0,0,0
1.85952379858531,0,0,0,0,-0.0978555788888593,-1.05692774661657,1,-0.0300887857446023,0,4,26,2.8033835071947,9.02047976876268,2.8033835071947,0,0,0,0,0,0,0,0,0
-0.294936243033596,0,0,0,0,-1.58060087208546,-0.0900754522383862,0,-0.0300887857446023,0,4,26,-0.162107079198507,1.94600650789744,-0.162107079198507,0,0,0,0,0,0,0,0,0
12.1028661662682,0,0,0,1,1.35812096299107,0.44361194231356,1,0.0941184510889123,0,6,27,11.00417519851,11.00417519851,5.70738364314677,0,0,0,0,0,0,0,0,0
1.1769796340633,0,0,0,0,-0.973995629100804,0.499041784983325,1,0.0941184510889123,0,6,27,1.04315045896302,6.39219316212236,1.04315045896302,0,0,0,0,0,0,0,0,0
3.70964187594368,0,0,0,0,0.391938739352691,0.188719184158977,0,0.0941184510889123,0,6,27,3.77501919587001,5.91063412633964,3.77501919587001,0,0,0,0,0,0,0,0,0
2.66512759323633,0,0,0,0,-0.639951753976246,0.561281736400887,1,0.0941184510889123,0,6,27,1.71123820921213,7.12627539682933,1.71123820921213,0,0,0,0,0,0,0,0,0
13.6072119083202,0,0,0,1,0.471342875903789,3.0548957619562,0,0.0941184510889123,0,6,27,15.3662155853901,15.3662155853901,3.9338274689722,0,0,0,0,0,0,0,0,0
0.522604506612966,0,0,0,0,-0.976552120764245,0.0367330734222877,0,0.0941184510889123,0,6,27,1.03803747563613,3.13938679431918,1.03803747563613,0,0,0,0,0,0,0,0,0
6.47740712380172,0,0,0,0,0.75461730982619,1.54418300134864,0,0.976032011891353,1,6,28,5.10077913276434,9.58528027441845,5.10077913276434,0,0,0,0,0,0,0,0,0
2.48711543717896,0,0,0,0,-0.676899459817532,1.36009359560745,0,0.976032011891353,1,6,28,2.0536561877357,6.00351077654809,2.0536561877357,0,0,0,0,0,0,0,0,0
10.1012670919171,0,0,0,1,0.35033974603914,2.08489321130893,0,0.976032011891353,1,6,28,11.2797139177126,11.2797139177126,4.83293421515053,0,0,0,0,0,0,0,0,0
2.65209262781587,0,0,0,0,-0.808967988754883,0.531534588113386,0,0.976032011891353,1,6,28,0.960960122366937,3.3434891407278,0.960960122366937,0,0,0,0,0,0,0,0,0
4.3313320500402,0,0,0,1,0.429269576842179,-0.0946500168679726,0,0.976032011891353,1,6,28,4.92020927427281,4.92020927427281,2.8112506485797,0,0,0,0,0,0,0,0,0
1.21409105770912,0,0,0,1,-1.13035810121456,-0.643710708356478,0,0.976032011891353,1,6,28,1.65729807703052,1.65729807703052,-0.857065399022283,0,0,0,0,0,0,0,0,0
12.7371722126901,0,0,0,1,1.34267743288088,-2.01476534788457,1,-0.127241038706284,1,4,29,12.8136786429826,12.8136786429826,3.65439923594613,0,0,0,0,0,0,0,0,0
17.0695412603747,0,0,0,1,1.4243642340371,2.48444129258008,0,-0.127241038706284,1,4,29,16.5894280150002,16.5894280150002,8.31697947872322,0,0,0,0,0,0,0,0,0
7.27817560656928,0,0,0,1,0.225668207859361,0.240410539831107,1,-0.127241038706284,1,4,29,8.83335390128066,8.83335390128066,3.67555667361877,0,0,0,0,0,0,0,0,0
8.80710553208098,0,0,0,1,1.03347927975472,-0.19002161931987,1,-0.127241038706284,1,4,29,9.99685487406746,9.99685487406746,4.86074665825851,0,0,0,0,0,0,0,0,0
7.56174196063991,0,0,0,1,0.0428053123666388,-1.65525967923078,0,0.99206095071532,0,5,30,6.94131030048629,6.94131030048629,2.10142569479909,0,0,0,0,0,0,0,0,0
6.55778539906839,0,0,0,1,0.146963746870241,0.51081248964713,0,0.99206095071532,0,5,30,4.6706719633858,4.6706719633858,2.3097425638063,0,0,0,0,0,0,0,0,0
4.5885730041941,0,0,0,0,0.715345126166399,2.22133469203701,0,0.99206095071532,0,5,30,3.44650532239861,10.4808331364458,3.44650532239861,0,0,0,0,0,0,0,0,0
7.12376040322236,0,0,0,0,1.61640676491218,-0.100278287437702,0,0.99206095071532,0,5,30,5.24862859989017,7.35868433482161,5.24862859989017,0,0,0,0,0,0,0,0,0
4.830008470585,0,0,0,1,0.368235364636926,1.05565530628911,0,0.99206095071532,0,5,30,5.96669392503602,5.96669392503602,2.75228579933967,0,0,0,0,0,0,0,0,0
11.8495751672987,0,0,0,1,1.70315248824972,1.2530759815932,0,0.0936272525112491,1,4,31,11.3208143113256,11.3208143113256,7.65061489567985,0,0,0,0,0,0,0,0,0
4.94799529741947,0,0,0,1,-0.555985998302408,-1.38612379575154,0,0.0936272525112491,1,4,31,4.51447732237949,4.51447732237949,0.493138145230841,0,0,0,0,0,0,0,0,0
6.48442036433534,0,0,0,1,0.0700668878806328,-0.101707965683493,0,0.0936272525112491,1,4,31,5.14000425794844,5.14000425794844,3.02965974766497,0,0,0,0,0,0,0,0,0
5.69896606979774,0,0,0,1,-1.11070441745613,-0.472827008648884,1,0.0936272525112491,1,4,31,5.6205634741339,5.6205634741339,0.296998094026052,0,0,0,0,0,0,0,0,0
2.01987943198889,0,0,0,0,-0.567184570374335,-0.559407418419417,0,-0.57098319768477,0,4,32,1.539609047213,3.95254570699568,1.539609047213,0,0,0,0,0,0,0,0,0
4.94571226500734,0,0,0,1,-0.915371334865567,-1.30209814608962,0,-0.57098319768477,0,4,32,4.63869510028057,4.63869510028057,0.843235518230542,0,0,0,0,0,0,0,0,0
7.2893158810534,0,0,0,1,0.45796562395718,-0.578857547271787,0,-0.57098319768477,0,4,32,6.02498549590955,6.02498549590955,3.58990943587604,0,0,0,0,0,0,0,0,0
4.96605944233163,0,0,0,0,1.02850015740399,-0.0711247848657823,0,-0.57098319768477,0,4,32,4.73097850276965,6.83603723779185,4.73097850276965,0,0,0,0,0,0,0,0,0
3.05324870409544,0,0,0,0,-0.36361061875796,-1.1353933015796,0,0.00042810026981351,0,5,33,2.27277857921424,5.66189652848607,2.27277857921424,0,0,0,0,0,0,0,0,0
17.7659712722904,0,0,0,1,2.67033544929112,-1.65100015458917,1,0.00042810026981351,0,5,33,16.1664722257658,16.1664722257658,8.3406707153124,0,0,0,0,0,0,0,0,0
11.5111512093215,0,0,0,1,0.816999863750462,-1.45976979018604,1,0.00042810026981351,0,5,33,11.8649273845709,11.8649273845709,4.63399954423108,0,0,0,0,0,0,0,0,0
8.45669779489912,0,0,0,1,-0.61948828933911,-1.20684798664712,1,0.00042810026981351,0,5,33,8.31750530092616,8.31750530092616,1.76102323805194,0,0,0,0,0,0,0,0,0
6.84516228285554,0,0,0,0,1.07036227299568,1.89853585640645,0,0.00042810026981351,0,5,33,5.14072436272151,10.8451627607825,5.14072436272151,0,0,0,0,0,0,0,0,0
5.77713396627954,0,0,0,1,-0.368504362373005,0.757679720938885,0,0.661928650401596,1,5,34,5.25660001749242,5.25660001749242,2.5825214579704,0,0,0,0,0,0,0,0,0
8.51545906784603,0,0,0,1,0.705335422981451,0.69329947596313,1,0.661928650401596,1,5,34,10.2464849470743,10.2464849470743,4.66582078370355,0,0,0,0,0,0,0,0,0
9.70999815815472,0,0,0,1,0.426518567020199,-2.41527161172557,0,0.661928650401596,1,5,34,8.93315294249979,8.93315294249979,0.999615984092348,0,0,0,0,0,0,0,0,0
1.16883528993141,0,0,0,0,-0.530062593504015,-0.169066420991167,1,0.661928650401596,1,5,34,1.33265885377832,6.46124230848509,1.33265885377832,0,0,0,0,0,0,0,0,0
6.08071141184479,0,0,0,1,-1.12057380103329,0.112189362699481,1,0.661928650401596,1,5,34,5.54547867551334,5.54547867551334,0.432892222410427,0,0,0,0,0,0,0,0,0
6.59041937460456,0,0,0,0,0.937215571675784,1.11571594542333,0,-0.683710758820182,1,4,35,5.52268668704843,8.86750875792029,5.52268668704843,0,0,0,0,0,0,0,0,0
5.2157139615299,0,0,0,0,0.0332559980753992,1.34907747684854,0,-0.683710758820182,1,4,35,3.94812907127287,7.86813910981289,3.94812907127287,0,0,0,0,0,0,0,0,0
5.08335017550529,0,0,0,1,-0.652904087803075,-0.462180493786379,1,-0.683710758820182,1,4,35,6.07816173771762,6.07816173771762,0.764550928881002,0,0,0,0,0,0,0,0,0
0.903885155427406,0,0,0,0,-0.839565230313152,-0.109220607103561,0,-0.683710758820182,1,4,35,0.744188530543666,2.85611767155974,0.744188530543666,0,0,0,0,0,0,0,0,0
10.1705498582447,0,0,0,1,0.294001392369334,0.989719909069853,1,0.714928575292168,1,5,36,10.1461453244485,10.1461453244485,4.06659982603923,0,0,0,0,0,0,0,0,0
3.40208621880903,0,0,0,1,-0.396566952296799,0.423165206091001,0,0.714928575292168,1,5,36,4.39797722537415,4.39797722537415,2.11890843372811,0,0,0,0,0,0,0,0,0
3.99328688466224,0,0,0,1,0.16351697535542,-0.206226206819574,0,0.714928575292168,1,5,36,4.75221412450117,4.75221412450117,2.60968487612198,0,0,0,0,0,0,0,0,0
3.85124880350088,0,0,0,1,-0.708098199088951,0.733852874575568,0,0.714928575292168,1,5,36,4.4450736501512,4.4450736501512,1.80653360862838,0,0,0,0,0,0,0,0,0
3.70513650490621,0,0,0,1,-1.03237643939106,-0.8139081340192,1,0.714928575292168,1,5,36,5.37266257005202,5.37266257005202,-0.389783880570599,0,0,0,0,0,0,0,0,0
6.39838772191176,0,0,0,1,0.129177342835584,-0.226589764231891,0,0.346700483102289,1,5,37,5.06290661771058,5.06290661771058,2.91156369645592,0,0,0,0,0,0,0,0,0
2.95764444487687,0,0,0,0,-0.471409683445594,1.91008799906657,1,0.346700483102289,1,5,37,3.84706740719202,12.5955035713701,3.84706740719202,0,0,0,0,0,0,0,0,0
9.09194225998191,0,0,0,1,0.951634295069712,0.660901016502531,0,0.346700483102289,1,5,37,7.98075853527267,7.98075853527267,5.44396838165859,0,0,0,0,0,0,0,0,0
4.37763154433443,0,0,0,1,-2.55927936734757,1.50023831562915,0,0.346700483102289,1,5,37,3.61219335963244,3.61219335963244,-0.738521644049351,0,0,0,0,0,0,0,0,0
-0.226120481024862,0,0,0,0,-1.03465330051436,0.0691827876179715,0,0.346700483102289,1,5,37,0.879674961605893,2.98446121970849,0.879674961605893,0,0,0,0,0,0,0,0,0
10.6951408077979,0,0,0,1,1.43242050810875,-0.014623493223168,1,0.273644329075285,1,6,38,10.8755501507133,10.8755501507133,5.77533630415928,0,0,0,0,0,0,0,0,0
-1.21602467284661,0,0,0,0,-1.68409293715591,0.0114455966737264,0,0.273644329075285,1,6,38,-0.431621496473157,1.66850950521006,-0.431621496473157,0,0,0,0,0,0,0,0,0
4.20016602696086,0,0,0,0,0.323969165973439,0.508101282690804,0,0.273644329075285,1,6,38,4.08115839580262,6.43932530927466,4.08115839580262,0,0,0,0,0,0,0,0,0
3.83038396200254,0,0,0,1,-0.451475537803165,-1.23119598193763,0,0.273644329075285,1,6,38,4.40681526956034,4.40681526956034,0.790971723620977,0,0,0,0,0,0,0,0,0
7.64629480878855,0,0,0,1,1.23431084589897,1.2122345723944,0,0.273644329075285,1,6,38,10.1754877038655,10.1754877038655,6.60597504535727,0,0,0,0,0,0,0,0,0
2.83889804204471,0,0,0,0,0.483205041753567,-2.14967572866781,0,0.273644329075285,1,6,38,1.74185313600426,8.46295887442775,1.74185313600426,0,0,0,0,0,0,0,0,0
6.09640274136124,0,0,0,0,0.160969470519044,1.66652357798537,0,0.200998556948165,1,5,39,4.94806209912822,9.82536293510938,4.94806209912822,0,0,0,0,0,0,0,0,0
-1.18666983253013,0,0,0,0,-1.29926865839503,-1.17169761204336,0,0.200998556948165,1,5,39,-0.810635348728666,2.66223994533946,-0.810635348728666,0,0,0,0,0,0,0,0,0
0.447410980100056,0,0,0,0,-0.826280328456358,0.570402675433733,0,0.200998556948165,1,5,39,1.87744159862577,4.30280081076773,1.87744159862577,0,0,0,0,0,0,0,0,0
4.57377247536606,0,0,0,1,-1.02081758655149,-1.4910516571467,0,0.200998556948165,1,5,39,3.75014779413498,3.75014779413498,-0.573087250144928,0,0,0,0,0,0,0,0,0
4.7171915247506,0,0,0,1,-0.486606977231085,0.110496301309488,0,0.200998556948165,1,5,39,4.20909135955515,4.20909135955515,2.09688192695207,0,0,0,0,0,0,0,0,0
-4.56333374770115,0,0,0,0,-0.701688472530619,-1.77249364712841,0,2.34933294472049,0,4,40,-3.92274223021027,1.3189914989003,-3.92274223021027,0,0,0,0,0,0,0,0,0
-1.86628894154347,0,0,0,0,0.860384480538033,1.29014582947641,0,2.34933294472049,0,4,40,-0.79859632407297,2.96587993724241,-0.79859632407297,0,0,0,0,0,0,0,0,0
0.708355034708955,0,0,0,1,0.486668944744113,-0.803831562888492,0,2.34933294472049,0,4,40,1.20011778583495,1.20011778583495,-1.54602739566081,0,0,0,0,0,0,0,0,0
-0.7750711041622,0,0,0,0,0.813185116585641,-0.246650436250564,1,2.34933294472049,0,4,40,-0.892995051977755,4.26784138572484,-0.892995051977755,0,0,0,0,0,0,0,0,0
-1.07167521305542,0,0,0,1,-1.43849567866167,0.377822031813495,0,2.01975524177506,1,5,41,-1.33583107446402,-1.33583107446402,-3.5785805621877,0,0,0,0,0,0,0,0,0
4.48645265912026,0,0,0,1,0.618734268215454,1.14545443020645,0,2.01975524177506,1,5,41,4.71557758163909,4.71557758163909,1.30351172995951,0,0,0,0,0,0,0,0,0
3.31590211212276,0,0,0,1,1.01829621694289,0.345311091805985,0,2.01975524177506,1,5,41,3.52173203913816,3.52173203913816,1.30249228901392,0,0,0,0,0,0,0,0,0
7.45965387029581,0,0,0,1,2.0664254878366,1.17091457276,0,2.01975524177506,1,5,41,7.69539524845708,7.69539524845708,4.22435431175535,0,0,0,0,0,0,0,0,0
-0.698504672342676,0,0,0,0,0.140752668661544,-0.414074638403331,0,2.01975524177506,1,5,41,-1.21198053775809,1.05947726841076,-1.21198053775809,0,0,0,0,0,0,0,0,0
2.52634441627337,0,0,0,0,-0.318765625012157,0.760897310653879,1,0.174409486198184,1,5,42,3.09294739175365,8.77191210911396,3.09294739175365,0,0,0,0,0,0,0,0,0
6.77189639042577,0,0,0,1,-0.267211392050338,0.46851373601046,0,0.174409486198184,1,5,42,5.22317740386435,5.22317740386435,2.90367228303387,0,0,0,0,0,0,0,0,0
6.00854340920397,0,0,0,1,0.756261057631968,-0.219178481012654,0,0.174409486198184,1,5,42,6.41096417191438,6.41096417191438,4.26292496537537,0,0,0,0,0,0,0,0,0
4.23438631014332,0,0,0,1,-0.681621318582105,-1.13223647133491,0,0.174409486198184,1,5,42,3.8560616496459,3.8560616496459,0.474102222624965,0,0,0,0,0,0,0,0,0
5.71333734995133,0,0,0,1,-0.238421857033823,0.345818635699541,0,0.174409486198184,1,5,42,5.05814678155307,5.05814678155307,2.83855625275598,0,0,0,0,0,0,0,0,0
9.87417390693619,0,0,0,1,1.81932452266202,1.05028153424289,0,1.03120391393687,0,5,43,8.77835883437693,8.77835883437693,5.57526753320533,0,0,0,0,0,0,0,0,0
-0.951453826177534,0,0,0,0,-0.325096528431667,-0.929319778129006,1,1.03120391393687,0,5,43,1.28642543101795,7.25006068103969,1.28642543101795,0,0,0,0,0,0,0,0,0
6.01587997126694,0,0,0,1,-1.79146883704065,0.686346791649873,1,1.03120391393687,0,5,43,3.92475273220806,3.92475273220806,-1.64631918620001,0,0,0,0,0,0,0,0,0
2.45873773124309,0,0,0,0,0.0861661901573005,0.571360791421842,0,1.03120391393687,0,5,43,2.10895086819588,4.53540402217008,2.10895086819588,0,0,0,0,0,0,0,0,0
3.92569037447904,0,0,0,1,-0.0873733095914052,0.64348612105063,0,1.03120391393687,0,5,43,4.27594625668326,4.27594625668326,1.76187186869847,0,0,0,0,0,0,0,0,0
5.96112072368274,0,0,0,1,0.710526005618561,0.763059158113373,0,-1.31021414110064,1,6,44,6.14970935259109,6.14970935259109,3.4674500738104,0,0,0,0,0,0,0,0,0
8.19790622343262,0,0,0,1,1.77523488235206,-0.910844566768937,1,-1.31021414110064,1,6,44,9.85260192720758,9.85260192720758,3.92296410239509,0,0,0,0,0,0,0,0,0
-0.0351324127133639,0,0,0,0,-1.21467170485917,-0.486451219706687,1,-1.31021414110064,1,6,44,-1.63245572496513,3.704179064189,-1.63245572496513,0,0,0,0,0,0,0,0,0
-1.78911240452934,0,0,0,0,-0.243149754249879,-1.69251498418641,0,-1.31021414110064,1,6,44,-0.895475588226265,4.06913138346927,-0.895475588226265,0,0,0,0,0,0,0,0,0
6.54177209828397,0,0,0,1,0.135144653132538,-0.323345030370721,1,-1.31021414110064,1,6,44,6.4348351890197,6.4348351890197,1.23028318035426,0,0,0,0,0,0,0,0,0
0.907995760478982,0,0,0,0,0.14884394762215,-2.07499912606815,0,-1.31021414110064,1,6,44,-0.493972326363942,5.91164904681964,-0.493972326363942,0,0,0,0,0,0,0,0,0
8.35157848526822,0,0,0,1,-0.655679775407325,1.58578663017726,0,0.651539655560642,1,5,45,7.46464239304348,7.46464239304348,2.84992315659453,0,0,0,0,0,0,0,0,0
11.6863727385789,0,0,0,1,0.965080265752247,-1.68504687663353,1,0.651539655560642,1,5,45,10.7599927085553,10.7599927085553,2.82060973210288,0,0,0,0,0,0,0,0,0
-2.71794543211911,0,0,0,0,-1.77331287321042,-2.33547719787059,0,0.651539655560642,1,5,45,-3.30660686705952,4.24784687471396,-3.30660686705952,0,0,0,0,0,0,0,0,0
7.93228657029045,0,0,0,1,-0.185310181292746,0.2476372705212,1,0.651539655560642,1,5,45,7.61383720291882,7.61383720291882,2.45251298516763,0,0,0,0,0,0,0,0,0
8.58290891834026,0,0,0,1,0.839710837412368,1.26814591895574,0,0.651539655560642,1,5,45,9.23125774277649,9.23125774277649,5.52306367101239,0,0,0,0,0,0,0,0,0
10.6526142608855,0,0,0,1,0.819349693107764,-1.90737801333812,1,0.888195072182835,0,6,46,12.5878997857313,12.5878997857313,3.84980889996566,0,0,0,0,0,0,0,0,0
0.971970539157171,0,0,0,0,-1.05870100333965,0.524637943806407,0,0.888195072182835,0,6,46,0.0937075070708199,2.46895247915223,0.0937075070708199,0,0,0,0,0,0,0,0,0
9.73998691602455,0,0,0,1,0.812095780171217,0.742171814622495,1,0.888195072182835,0,6,46,9.48612007651261,9.48612007651261,3.83530107409256,0,0,0,0,0,0,0,0,0
1.84641436599357,0,0,0,0,-0.196826184872705,0.563878702611007,0,0.888195072182835,0,6,46,1.81745714400472,4.23541633526299,1.81745714400472,0,0,0,0,0,0,0,0,0
5.6893725796897,0,0,0,1,0.998523547008514,-0.213976494277234,0,0.888195072182835,0,6,46,6.35394254787033,6.35394254787033,4.20815660776716,0,0,0,0,0,0,0,0,0
4.36379602484591,0,0,0,1,-0.157818942066725,0.869007085833262,0,0.888195072182835,0,6,46,4.7506449448451,4.7506449448451,1.89547162961668,0,0,0,0,0,0,0,0,0
6.80054963706139,0,0,0,1,2.19447743854224,-0.885924838464705,0,1.06292869786164,1,5,47,8.25807544129065,8.25807544129065,5.37321262188193,0,0,0,0,0,0,0,0,0
9.74949146049081,0,0,0,1,1.18515931860745,-0.0294384833244942,1,1.06292869786164,1,5,47,9.31192936145302,9.31192936145302,4.21106273715257,0,0,0,0,0,0,0,0,0
-2.21944664195904,0,0,0,0,-0.59307357473447,-1.49481667097615,0,1.06292869786164,1,5,47,-0.810781237182929,3.5236956426453,-0.810781237182929,0,0,0,0,0,0,0,0,0
4.65895604337404,0,0,0,0,0.284162860125639,0.877386494725227,0,1.06292869786164,1,5,47,3.31589479823867,6.18570185936489,3.31589479823867,0,0,0,0,0,0,0,0,0
3.81163341685117,0,0,0,1,0.0831530797564311,-0.421164103978484,0,1.06292869786164,1,5,47,3.89270384127654,3.89270384127654,1.61532463879654,0,0,0,0,0,0,0,0,0
3.64702125026046,0,0,0,1,0.037032750284606,0.391359122693752,0,-1.27159370853026,0,6,48,3.7102769039111,3.7102769039111,1.45711494099547,0,0,0,0,0,0,0,0,0
1.88970415171718,0,0,0,0,0.208654848664188,1.29144477093392,0,-1.27159370853026,0,6,48,1.80035913775464,5.56818873412721,1.80035913775464,0,0,0,0,0,0,0,0,0
2.58186898040417,0,0,0,1,-1.96042691115556,-0.136785117930918,1,-1.27159370853026,0,6,48,2.58090578660251,2.58090578660251,-2.53780438188486,0,0,0,0,0,0,0,0,0
2.28660331080454,0,0,0,0,0.438685501263353,0.486741381786831,0,-1.27159370853026,0,6,48,2.26042044295297,4.59733761569672,2.26042044295297,0,0,0,0,0,0,0,0,0
2.3823581935178,0,0,0,1,0.311009685193255,0.720158677275377,0,-1.27159370853026,0,6,48,4.62369733126779,4.62369733126779,2.00506881081277,0,0,0,0,0,0,0,0,0
1.96931462222158,0,0,0,1,-0.744536766566151,-0.876493430536244,0,-1.27159370853026,0,6,48,2.76221664106715,2.76221664106715,-0.106024092706039,0,0,0,0,0,0,0,0,0
5.26412987095825,0,0,0,1,0.905229336396033,-1.09740022926961,0,1.32425628769713,1,5,49,5.26369099121806,5.26369099121806,1.95940372801707,0,0,0,0,0,0,0,0,0
0.910335702105989,0,0,0,0,-0.918505525087364,0.76541064482669,0,1.32425628769713,1,5,49,0.174744879146574,2.86059833436058,0.174744879146574,0,0,0,0,0,0,0,0,0
5.39214036333274,0,0,0,1,1.81870660949841,-0.589731490742354,0,1.32425628769713,1,5,49,6.74181024392228,6.74181024392228,4.29402701274908,0,0,0,0,0,0,0,0,0
2.64845262971752,0,0,0,1,-1.93903066475023,-0.64839342376037,1,1.32425628769713,1,5,49,2.24030456320948,2.24030456320948,-3.28010946876621,0,0,0,0,0,0,0,0,0
4.85318215523764,0,0,0,0,1.72104358163294,0.0788518242359295,0,1.32425628769713,1,5,49,4.76728427199642,6.87350188218175,4.76728427199642,0,0,0,0,0,0,0,0,0
2.33433449280533,0,0,0,0,-0.966035988993822,0.280330267692179,0,0.810492933166852,0,5,50,0.411029227298948,2.58961428628332,0.411029227298948,0,0,0,0,0,0,0,0,0
4.65432571408356,0,0,0,0,0.851406730239132,-0.33464478226613,0,0.810492933166852,0,5,50,4.04591466576486,6.2579017960628,4.04591466576486,0,0,0,0,0,0,0,0,0
13.298828322689,0,0,0,1,2.66394490420553,-0.78088062203509,1,0.810492933166852,0,5,50,13.3807655595676,13.3807655595676,7.67099101369764,0,0,0,0,0,0,0,0,0
7.8343909183365,0,0,0,1,-0.837978986553284,0.0971593035125341,1,0.810492933166852,0,5,50,5.77658316243907,5.77658316243907,0.667143232180025,0,0,0,0,0,0,0,0,0
2.94195377933559,0,0,0,1,-1.45759560510427,-0.163152189969227,0,0.810492933166852,0,5,50,1.55452863216981,1.55452863216981,-0.572090004921947,0,0,0,0,0,0,0,0,0
5.37119639218533,0,0,0,1,-0.802423233539831,-1.54280850478308,0,-0.871807593604978,1,5,51,3.57255463030096,3.57255463030096,-0.907703452130042,0,0,0,0,0,0,0,0,0
3.1186290607044,0,0,0,1,-1.37057128004748,-0.229327749931401,0,-0.871807593604978,1,5,51,1.42207242659493,1.42207242659493,-0.730518790293673,0,0,0,0,0,0,0,0,0
5.38909735179219,0,0,0,1,0.926307183321459,-0.42537618424543,0,-0.871807593604978,1,5,51,5.94813460025339,5.94813460025339,3.66718970213019,0,0,0,0,0,0,0,0,0
9.73116145166685,0,0,0,1,0.347323265061834,1.50456582422282,0,-0.871807593604978,1,5,51,8.80288219349849,8.80288219349849,4.43916387407919,0,0,0,0,0,0,0,0,0
4.91995091616981,0,0,0,1,0.361779962797037,0.320500951459564,0,-0.871807593604978,1,5,51,5.48673325667282,5.48673325667282,3.28401239678634,0,0,0,0,0,0,0,0,0
-4.10211041328355,0,0,0,0,-1.66514767240038,0.614813004831797,0,-1.34547203104167,0,5,52,-2.14059033111616,0.337404699794146,-2.14059033111616,0,0,0,0,0,0,0,0,0
4.61444286269173,0,0,0,1,0.263944519907229,-1.16966385610244,0,-1.34547203104167,0,5,52,5.18570758977149,5.18570758977149,1.71759405349905,0,0,0,0,0,0,0,0,0
1.39159036179056,0,0,0,0,0.533388628717497,0.350292231038769,0,-1.34547203104167,0,5,52,2.25648227111959,4.47918691824571,2.25648227111959,0,0,0,0,0,0,0,0,0
4.47553477180539,0,0,0,0,1.51118450635526,-0.430056947111786,1,-1.34547203104167,0,5,52,4.21207402639511,9.49702300415422,4.21207402639511,0,0,0,0,0,0,0,0,0
2.13704186446265,0,0,0,0,0.0646388273738749,0.0356039646746148,0,-1.34547203104167,0,5,52,1.31898266843235,3.4202503107329,1.31898266843235,0,0,0,0,0,0,0,0,0
17.7089069516658,0,0,0,1,1.28011738611183,-3.03408832745991,0,0.826274492309911,0,4,53,16.1831972144101,16.1831972144101,4.87750523558166,0,0,0,0,0,0,0,0,0
4.69844649008669,0,0,0,0,1.49126563695295,-0.0566451883360052,0,0.826274492309911,0,4,53,5.29980173726389,7.40301041462552,5.29980173726389,0,0,0,0,0,0,0,0,0
3.09424619532556,0,0,0,0,-0.504186206880081,0.1813419582296,0,0.826274492309911,0,4,53,1.30889804959784,3.44178295541238,1.30889804959784,0,0,0,0,0,0,0,0,0
0.90600449167272,0,0,0,1,-2.01884259802357,0.228120122901676,0,0.826274492309911,0,4,53,0.431624057783533,0.431624057783533,-1.72041473268914,0,0,0,0,0,0,0,0,0
0.810204627569217,0,0,0,0,-0.631787230191033,0.221362000027423,0,-0.277104027723374,1,6,54,1.88100089746484,4.03000203252098,1.88100089746484,0,0,0,0,0,0,0,0,0
10.3208759567804,0,0,0,1,1.537574631847,-0.347605201812785,1,-0.277104027723374,1,6,54,10.871586796028,10.871586796028,5.6507574197007,0,0,0,0,0,0,0,0,0
5.31412349432629,0,0,0,0,1.2528064534199,0.0408102481075483,0,-0.277104027723374,1,6,54,5.46963651276684,7.57130198911744,5.46963651276684,0,0,0,0,0,0,0,0,0
7.46962808965439,0,0,0,1,0.13138676229582,1.32095224210161,0,-0.277104027723374,1,6,54,8.35185395042601,8.35185395042601,4.50693912451274,0,0,0,0,0,0,0,0,0
3.3327555763526,0,0,0,0,-0.287283026694318,1.17880939180135,0,-0.277104027723374,1,6,54,3.52745669623219,7.01704827843125,3.52745669623219,0,0,0,0,0,0,0,0,0
7.12771488641333,0,0,0,1,-0.645167942156698,-0.904351485950982,1,-0.277104027723374,1,6,54,6.64637759769685,6.64637759769685,0.728525987555105,0,0,0,0,0,0,0,0,0
6.66315907908457,0,0,0,1,1.16181666650881,1.40846242810447,0,1.95154057717075,1,6,55,7.00735154816007,7.00735154816007,2.92358513677812,0,0,0,0,0,0,0,0,0
2.25050546756294,0,0,0,0,1.02141377300692,0.844268039903121,1,1.95154057717075,1,6,55,2.078584961573,7.89137348477486,2.078584961573,0,0,0,0,0,0,0,0,0
-3.73814606889573,0,0,0,1,-1.56282443196207,0.562336445514943,0,1.95154057717075,1,6,55,-0.955600764798767,-0.955600764798767,-3.37182304275315,0,0,0,0,0,0,0,0,0
5.19097253499898,0,0,0,1,0.247116443406608,-0.940695565360409,1,1.95154057717075,1,6,55,4.72993484379759,4.72993484379759,-1.25497330289115,0,0,0,0,0,0,0,0,0
-2.60027430076007,0,0,0,0,-1.53914259686946,0.986482698513277,1,1.95154057717075,1,6,55,-2.90031311956959,3.17283499489644,-2.90031311956959,0,0,0,0,0,0,0,0,0
5.78552215002454,0,0,0,1,0.991038748417019,-1.38298633059694,1,1.95154057717075,1,6,55,6.80323173251114,6.80323173251114,-0.209419458106861,0,0,0,0,0,0,0,0,0
4.88423477560345,0,0,0,1,-0.0590217376928015,0.129578376827756,0,-0.455055945528855,1,5,56,4.92124954362231,4.92124954362231,2.80445898788099,0,0,0,0,0,0,0,0,0
9.18216768611921,0,0,0,1,0.315925759267531,0.93757356155628,1,-0.455055945528855,1,5,56,10.3413933498595,10.3413933498595,4.36234916653018,0,0,0,0,0,0,0,0,0
13.9584875945695,0,0,0,1,2.00142311390506,1.85478834293306,0,-0.455055945528855,1,5,56,14.1907984542624,14.1907984542624,8.65055865718203,0,0,0,0,0,0,0,0,0
1.54954398279371,0,0,0,0,-0.732529672900867,-1.06460197886557,0,-0.455055945528855,1,5,56,0.263262761771541,3.49664013517602,0.263262761771541,0,0,0,0,0,0,0,0,0
4.41938712162366,0,0,0,1,-0.935255199287532,-1.01913774604711,0,-0.455055945528855,1,5,56,3.04191768723465,3.04191768723465,-0.096724058183332,0,0,0,0,0,0,0,0,0
0.0198158568083262,0,0,0,0,-0.317292173446207,-0.112630513507779,0,1.29017726701482,1,4,57,0.588227759277978,2.700913391851,0.588227759277978,0,0,0,0,0,0,0,0,0
3.78565562105282,0,0,0,1,-1.12363293255914,-0.229097153819213,1,1.29017726701482,1,4,57,4.01156510662875,4.01156510662875,-1.14092039925931,0,0,0,0,0,0,0,0,0
3.35405114742004,0,0,0,0,0.155669499358344,1.58025767316036,0,1.29017726701482,1,4,57,3.22703929155522,7.82425360513739,3.22703929155522,0,0,0,0,0,0,0,0,0
4.47234480323945,0,0,0,1,0.483713132581993,0.924278283952179,0,1.29017726701482,1,4,57,6.18143751497992,6.18143751497992,3.22714716879434,0,0,0,0,0,0,0,0,0
8.82949019050745,0,0,0,1,0.546825313456387,-1.40012342899474,1,-1.09133307377734,1,6,58,8.56286493641771,8.56286493641771,1.50251931999773,0,0,0,0,0,0,0,0,0
-0.853678798384195,0,0,0,0,-2.87336612962793,1.28583523550795,0,-1.09133307377734,1,6,58,-2.65190490166821,1.10146735120558,-2.65190490166821,0,0,0,0,0,0,0,0,0
3.06622311314378,0,0,0,1,-0.209382734276225,0.338914467633422,0,-1.09133307377734,1,6,58,3.94400413753191,3.94400413753191,1.72914112116067,0,0,0,0,0,0,0,0,0
4.89745790236364,0,0,0,1,0.575556334664659,0.574132865028961,0,-1.09133307377734,1,6,58,5.96386620314433,5.96386620314433,3.53423765643797,0,0,0,0,0,0,0,0,0
8.92289890500584,0,0,0,1,1.07596944030712,-0.927354597005837,1,-1.09133307377734,1,6,58,8.99356295427596,8.99356295427596,3.0335764056881,0,0,0,0,0,0,0,0,0
11.2738041235893,0,0,0,1,0.710252241819447,1.55179056598799,1,-1.09133307377734,1,6,58,12.2893411323959,12.2893411323959,4.78128717170658,0,0,0,0,0,0,0,0,0
2.75784999222114,0,0,0,0,0.403823461455882,-0.9216732110517,0,-0.472433659637457,1,4,59,2.66278014910162,5.61226165707197,2.66278014910162,0,0,0,0,0,0,0,0,0
6.22495416404806,0,0,0,1,-1.09009767191648,0.492743852366618,1,-0.472433659637457,1,4,59,6.43215144982031,6.43215144982031,1.08935494577522,0,0,0,0,0,0,0,0,0
2.67395357297394,0,0,0,0,0.0480799050693215,0.578111088038036,0,-0.472433659637457,1,4,59,3.45107733541824,5.88528976553076,3.45107733541824,0,0,0,0,0,0,0,0,0
9.57901866650776,0,0,0,1,1.3302843634694,0.752877753137,0,-0.472433659637457,1,4,59,8.85707782848597,8.85707782848597,6.19025291731735,0,0,0,0,0,0,0,0,0
10.0846341219772,0,0,0,1,1.8381108135308,0.554982113612682,0,-0.639365573677993,1,5,60,9.23042055029969,9.23042055029969,6.82241540386969,0,0,0,0,0,0,0,0,0
0.60779633495579,0,0,0,0,-0.74972590377631,0.654217856484008,0,-0.639365573677993,1,5,60,1.7459777121268,4.27397871586933,1.7459777121268,0,0,0,0,0,0,0,0,0
2.59673055881183,0,0,0,1,-1.07775497979253,-0.816744730126448,0,-0.639365573677993,1,5,60,2.38602892767323,2.38602892767323,-0.381043026516093,0,0,0,0,0,0,0,0,0
3.01919422923907,0,0,0,1,-3.10312194485073,0.71951351486379,1,-0.639365573677993,1,5,60,2.72218098642939,2.72218098642939,-2.89551871164226,0,0,0,0,0,0,0,0,0
5.59241631950292,0,0,0,1,0.885442947081,-0.154315955773951,0,-0.639365573677993,1,5,60,6.33159501578989,6.33159501578989,4.20778160158346,0,0,0,0,0,0,0,0,0
-0.574136268118827,0,0,0,1,-1.5030545040599,-0.189688661239829,1,-2.65017022261612,1,6,61,-2.08321808999783,-2.08321808999783,-7.21919987820079,0,0,0,0,0,0,0,0,0
0.0606060951337015,0,0,0,1,-0.875575474978987,-0.532612876756582,1,-2.65017022261612,1,6,61,-0.923489559068797,-0.923489559068797,-6.30716603555572,0,0,0,0,0,0,0,0,0
0.170722392492259,0,0,0,1,0.100628312960253,-0.640952581476932,0,-2.65017022261612,1,6,61,-1.95227795269565,-1.95227795269565,-4.46309816439759,0,0,0,0,0,0,0,0,0
-0.43301984097377,0,0,0,1,0.427047400721034,-0.890161167936776,0,-2.65017022261612,1,6,61,-1.16708167043331,-1.16708167043331,-4.05946857533587,0,0,0,0,0,0,0,0,0
-6.20713262033598,0,0,0,1,-1.7153523173985,-0.762894305659018,0,-2.65017022261612,1,6,61,-5.53499342769023,-5.53499342769023,-8.21700114929718,0,0,0,0,0,0,0,0,0
1.85119563577981,0,0,0,1,0.551749652464669,-1.8197600913414,0,-2.65017022261612,1,6,61,0.671863794785625,0.671863794785625,-4.73966299525322,0,0,0,0,0,0,0,0,0
3.72228844233329,0,0,0,1,0.361718152368937,0.214770996729875,0,0.701519406338821,1,4,62,5.59220440503412,5.59220440503412,3.44607782399778,0,0,0,0,0,0,0,0,0
0.746815759850606,0,0,0,0,-1.4926333991323,0.380506247905639,0,0.701519406338821,1,4,62,-0.0968900278289376,2.14789497686629,-0.0968900278289376,0,0,0,0,0,0,0,0,0
6.28347993952837,0,0,0,1,-1.13225839078093,0.00419002931301445,1,0.701519406338821,1,4,62,5.34756132662684,5.34756132662684,0.247543770281191,0,0,0,0,0,0,0,0,0
-0.662770464294566,0,0,0,0,-0.0317462452215643,-2.12220360037501,0,0.701519406338821,1,4,62,0.322174431711892,6.92592255315654,0.322174431711892,0,0,0,0,0,0,0,0,0
2.52053982418479,0,0,0,1,-0.0222952168322036,0.230624184207776,0,-0.533858349147959,0,5,63,4.82359234372211,4.82359234372211,2.67040482938061,0,0,0,0,0,0,0,0,0
3.22672915323276,0,0,0,0,0.155666117628855,-0.85735845387685,0,-0.533858349147959,0,5,63,3.02632749830273,5.86139101673683,3.02632749830273,0,0,0,0,0,0,0,0,0
2.58068265601549,0,0,0,0,0.334113883927577,0.896395806339728,0,-0.533858349147959,0,5,63,3.38322303090017,6.28674847252362,3.38322303090017,0,0,0,0,0,0,0,0,0
0.167706675267876,0,0,0,0,0.0454178319620124,0.287683962678285,0,-0.533858349147959,0,5,63,2.80583092696904,4.98859298935132,2.80583092696904,0,0,0,0,0,0,0,0,0
-1.26737791424692,0,0,0,0,-1.18319361972446,-2.38893337932874,1,-0.533858349147959,0,5,63,0.348608023596101,11.1556107144671,0.348608023596101,0,0,0,0,0,0,0,0,0
6.69245383371871,0,0,0,1,1.1501220612803,-0.0383989946406409,0,-0.848506290527928,1,4,64,6.6433566856439,6.6433566856439,4.54188220285449,0,0,0,0,0,0,0,0,0
1.58537038972238,0,0,0,1,-2.46003447972326,-0.0688655513570992,1,-0.848506290527928,1,4,64,2.39584502829464,2.39584502829464,-2.70889743586908,0,0,0,0,0,0,0,0,0
8.61964252450233,0,0,0,1,1.32844277269508,-0.656261837041754,0,-0.848506290527928,1,4,64,6.81134038204037,6.81134038204037,4.28066078328295,0,0,0,0,0,0,0,0,0
6.67611741719765,0,0,0,1,0.998092962357036,-0.173148330005397,0,-0.848506290527928,1,4,64,6.23305501382687,6.23305501382687,4.10307466964321,0,0,0,0,0,0,0,0,0
-3.75062342457276,0,0,0,0,-1.78181646927936,0.338948318867425,0,1.1769453888964,0,5,65,-1.9488333870032,0.26605257585985,-1.9488333870032,0,0,0,0,0,0,0,0,0
1.31971614606324,0,0,0,0,1.07320255559322,0.449336733546027,1,1.1769453888964,0,5,65,3.76120466274195,9.06310816285576,3.76120466274195,0,0,0,0,0,0,0,0,0
9.86328337341364,0,0,0,1,0.929015376705744,-1.70701279334322,0,1.1769453888964,0,5,65,8.48672298160442,8.48672298160442,3.472830304967,0,0,0,0,0,0,0,0,0
0.697056175204714,0,0,0,0,0.106704311218857,-0.902641630012108,0,1.1769453888964,0,5,65,1.82820817399322,4.74297008622414,1.82820817399322,0,0,0,0,0,0,0,0,0
5.3411132262771,0,0,0,1,1.29836853312242,0.365331090902844,0,1.1769453888964,0,5,65,6.44500342378062,6.44500342378062,4.21153661780035,0,0,0,0,0,0,0,0,0
6.52964612873211,0,0,0,0,0.805188314830634,1.7695422400684,0,-0.127611687620901,1,5,66,6.36363412691222,11.5949138662985,6.36363412691222,0,0,0,0,0,0,0,0,0
3.20491226993411,0,0,0,0,-0.194584877458478,0.767575801427096,0,-0.127611687620901,1,5,66,3.36212130369269,6.05129391462914,3.36212130369269,0,0,0,0,0,0,0,0,0
5.06431979036061,0,0,0,1,-0.292929604173211,0.279399404999294,0,-0.127611687620901,1,5,66,4.85531948134938,4.85531948134938,2.67725545383542,0,0,0,0,0,0,0,0,0
11.84195829655,0,0,0,1,1.12925034213017,0.18346309213934,1,-0.127611687620901,1,5,66,10.5593377397595,10.5593377397595,5.42567903358222,0,0,0,0,0,0,0,0,0
10.431846925909,0,0,0,1,0.675273160949894,-0.0217545643617533,1,-0.127611687620901,1,5,66,9.41298027579115,9.41298027579115,4.31250701472058,0,0,0,0,0,0,0,0,0
11.5840754384567,0,0,0,1,1.78258223210766,0.13129669427371,1,0.254554182177793,1,6,67,11.748902148752,11.748902148752,6.63166332682483,0,0,0,0,0,0,0,0,0
5.44299009015382,0,0,0,1,-2.53829470181692,1.06000203430469,1,0.254554182177793,1,6,67,5.14221911173673,5.14221911173673,-1.08138520099336,0,0,0,0,0,0,0,0,0
2.8796627652008,0,0,0,0,-1.13098493984136,1.79383627615375,1,0.254554182177793,1,6,67,2.46706856480682,10.784917150452,2.46706856480682,0,0,0,0,0,0,0,0,0
3.07983591939595,0,0,0,1,-1.1962078605763,-1.50713567776493,0,0.254554182177793,1,6,67,3.40710872061022,3.40710872061022,-0.964349230581734,0,0,0,0,0,0,0,0,0
7.07356222772156,0,0,0,1,0.406254158932007,-0.324750114224835,0,0.254554182177793,1,6,67,5.62842300866402,5.62842300866402,3.42296037197497,0,0,0,0,0,0,0,0,0
7.04362287992214,0,0,0,1,0.985583303332047,0.0123393786991451,0,0.254554182177793,1,6,67,7.01886041396572,7.01886041396572,4.91870815369903,0,0,0,0,0,0,0,0,0
5.37050206809194,0,0,0,0,1.33534731384403,0.527974424346309,0,0.621467732945759,1,5,68,5.81244690894163,8.19120390170544,5.81244690894163,0,0,0,0,0,0,0,0,0
9.35137403116109,0,0,0,1,1.19938054365211,0.240076238890545,1,0.621467732945759,1,5,68,10.4102517835819,10.4102517835819,5.25261518310203,0,0,0,0,0,0,0,0,0
0.501472382454887,0,0,0,0,-1.62241308209763,1.07139800568537,1,0.621467732945759,1,5,68,0.440349698397372,6.68824338498397,0.440349698397372,0,0,0,0,0,0,0,0,0
9.043204850877,0,0,0,1,0.516559180485014,-0.0252608101338925,1,0.621467732945759,1,5,68,8.72227351627202,8.72227351627202,3.62163540774339,0,0,0,0,0,0,0,0,0
9.06468418995244,0,0,0,1,-0.472201655553652,1.19329732760515,1,0.621467732945759,1,5,68,9.3866303854747,9.3866303854747,2.8626718734051,0,0,0,0,0,0,0,0,0
0.230083272257825,0,0,0,0,-0.591559552315023,-0.191755417837935,0,1.01321761247957,1,5,69,0.59851554729321,2.73528568756341,0.59851554729321,0,0,0,0,0,0,0,0,0
2.19600227428082,0,0,0,0,-0.493713193562483,-0.417289053860615,0,1.01321761247957,1,5,69,0.568674628775611,2.8428047832475,0.568674628775611,0,0,0,0,0,0,0,0,0
-0.168680442838191,0,0,0,0,-0.0142099765705847,-1.40870643499789,0,1.01321761247957,1,5,69,0.536263681622128,4.6207175016266,0.536263681622128,0,0,0,0,0,0,0,0,0
8.29727190909242,0,0,0,1,-0.638932112238895,-1.89697625659071,1,1.01321761247957,1,5,69,7.49706850676159,7.49706850676159,-1.20145041130731,0,0,0,0,0,0,0,0,0
-6.61704569432691,0,0,0,0,-2.78362823525331,0.0869508412518743,0,1.01321761247957,1,5,69,-3.50691555949356,-1.39935511069915,-3.50691555949356,0,0,0,0,0,0,0,0,0
4.09529692012365,0,0,0,1,0.603707438247352,0.309529638489829,0,-0.92528212286162,0,6,70,5.54707646671104,5.54707646671104,3.3512678696074,0,0,0,0,0,0,0,0,0
4.70566177193411,0,0,0,0,1.04829367542962,-0.201252572313205,0,-0.92528212286162,0,6,70,4.24044034397193,6.38094294183461,4.24044034397193,0,0,0,0,0,0,0,0,0
4.63413822831687,0,0,0,0,1.2430683791934,-0.45330172546766,0,-0.92528212286162,0,6,70,4.6299897514995,6.93547220581145,4.6299897514995,0,0,0,0,0,0,0,0,0
0.836407920776056,0,0,0,0,0.0928715891226471,-0.708353428473233,0,-0.92528212286162,0,6,70,2.32959617135799,4.93136075098777,2.32959617135799,0,0,0,0,0,0,0,0,0
6.54998004369111,0,0,0,0,1.9550144236501,1.37090866007061,0,-0.92528212286162,0,6,70,6.0538818404129,10.0332723946695,6.0538818404129,0,0,0,0,0,0,0,0,0
6.1950185213927,0,0,0,0,1.53649346317392,1.26101942138443,1,-0.92528212286162,0,6,70,5.21683991946053,11.9070099005692,5.21683991946053,0,0,0,0,0,0,0,0,0
4.21353051530478,0,0,0,1,-0.175965057045407,-1.07560881213481,0,-1.87632193246374,1,4,71,1.30881139627199,1.30881139627199,-1.94812292047008,0,0,0,0,0,0,0,0,0
0.0143536087926475,0,0,0,1,-1.11458522147382,-0.823372575104919,0,-1.87632193246374,1,4,71,-0.795184614862115,-0.795184614862115,-3.57312701229702,0,0,0,0,0,0,0,0,0
-0.505557140324028,0,0,0,1,-0.963329169470938,-0.380728116350406,0,-1.87632193246374,1,4,71,-0.583016550957007,-0.583016550957007,-2.82797044953674,0,0,0,0,0,0,0,0,0
3.59361860644839,0,0,0,1,0.204179525120374,0.658796340267467,0,-1.87632193246374,1,4,71,3.08058401421357,3.08058401421357,0.546571396263762,0,0,0,0,0,0,0,0,0
1.26894496118645,0,0,0,0,0.149988293605722,-1.24308003702294,0,0.900390280245797,1,6,72,1.2461938934274,4.89144187187235,1.2461938934274,0,0,0,0,0,0,0,0,0
2.03639080567726,0,0,0,0,-0.574395411388383,1.09296561171011,0,0.900390280245797,1,6,72,2.13347213217224,5.42804596055311,2.13347213217224,0,0,0,0,0,0,0,0,0
11.0337675771585,0,0,0,1,0.451952873976013,0.770485603050618,1,0.900390280245797,1,6,72,9.55733675874981,9.55733675874981,3.86368869424154,0,0,0,0,0,0,0,0,0
2.62472375405631,0,0,0,0,0.473333654644841,-2.1851870381705,0,0.900390280245797,1,6,72,0.950777614358077,7.82582000614644,0.950777614358077,0,0,0,0,0,0,0,0,0
11.1594474097686,0,0,0,1,0.730532204777325,-1.42832114405247,1,0.900390280245797,1,6,72,9.36214189928844,9.36214189928844,2.22204060874107,0,0,0,0,0,0,0,0,0
6.42826545187321,0,0,0,1,0.806396098411355,-0.207715003296773,0,0.900390280245797,1,6,72,5.73752005935941,5.73752005935941,3.59437453676483,0,0,0,0,0,0,0,0,0
8.43436688141959,0,0,0,1,1.41768953177459,-0.216649653320115,0,-0.95250275009328,0,5,73,7.07505464689764,7.07505464689764,4.92811757461391,0,0,0,0,0,0,0,0,0
8.05280878639518,0,0,0,1,-0.875710713681158,-1.07294570094166,1,-0.95250275009328,0,5,73,6.59252956087162,6.59252956087162,0.341317083702422,0,0,0,0,0,0,0,0,0
1.37932769302682,0,0,0,0,-0.186478229960077,0.292534844861317,0,-0.95250275009328,0,5,73,1.71978205114458,3.90535868660262,1.71978205114458,0,0,0,0,0,0,0,0,0
1.99157865048368,0,0,0,0,-0.441749229502553,-0.25890155070218,0,-0.95250275009328,0,5,73,1.20924005205963,3.37627006501563,1.20924005205963,0,0,0,0,0,0,0,0,0
6.73061175137495,0,0,0,0,0.614973420501519,-0.450307887667125,1,-0.95250275009328,0,5,73,3.32268535206778,8.625462545763,3.32268535206778,0,0,0,0,0,0,0,0,0
4.47157700285065,0,0,0,1,-0.455327617414237,0.797167158814791,0,0.728401571890571,1,4,74,5.09141855314651,5.09141855314651,2.35594307405366,0,0,0,0,0,0,0,0,0
5.94986609540562,0,0,0,1,0.159222098377233,-1.18125512557191,0,0.728401571890571,1,4,74,5.10198389293981,5.10198389293981,1.6066202212499,0,0,0,0,0,0,0,0,0
0.476806899493243,0,0,0,0,-1.0283333251951,0.0383385532165134,0,0.728401571890571,1,4,74,0.451103052893653,2.55257289755639,0.451103052893653,0,0,0,0,0,0,0,0,0
-3.30218322349704,0,0,0,0,-2.17694632546112,-0.235753303491807,0,0.728401571890571,1,4,74,-2.1202148043467,0.0353648157606044,-2.1202148043467,0,0,0,0,0,0,0,0,0
-0.411425325304833,0,0,0,0,-0.296755685289368,0.0134759754179891,0,1.72945932614207,0,6,75,-0.584540931358535,1.51564067055493,-0.584540931358535,0,0,0,0,0,0,0,0,0
-0.935259530285766,0,0,0,0,-0.322377214731479,0.991746762685699,1,1.72945932614207,0,6,75,-0.635783990242757,5.44777765105481,-0.635783990242757,0,0,0,0,0,0,0,0,0
0.0629190888943034,0,0,0,1,-0.489529117436214,0.495032409704068,0,1.72945932614207,0,6,75,1.37496929100519,1.37496929100519,-0.970087795652226,0,0,0,0,0,0,0,0,0
-1.46055178486492,0,0,0,0,-1.54375367998534,0.0633961970038881,0,1.72945932614207,0,6,75,-3.07853692075048,-0.974517842955923,-3.07853692075048,0,0,0,0,0,0,0,0,0
0.649063282101678,0,0,0,0,0.46576414119577,-1.2221025171555,0,1.72945932614207,0,6,75,0.940498721611741,4.53403328404954,0.940498721611741,0,0,0,0,0,0,0,0,0
4.91745309491812,0,0,0,1,1.58379506621451,0.293766751003256,0,1.72945932614207,0,6,75,5.36285947564422,5.36285947564422,3.17656057164921,0,0,0,0,0,0,0,0,0
4.62118808567268,0,0,0,1,-0.110791061748106,-0.22329598266607,0,0.756192523286193,1,5,76,4.13315585743859,4.13315585743859,1.98329476156378,0,0,0,0,0,0,0,0,0
11.2239719239168,0,0,0,1,1.57505586030952,0.802366929948236,0,0.756192523286193,1,5,76,9.12444420856789,9.12444420856789,6.38065151829333,0,0,0,0,0,0,0,0,0
5.20679698200296,0,0,0,1,0.735962419434273,0.332350986126532,0,0.756192523286193,1,5,76,6.44290587070042,6.44290587070042,4.23244869272114,0,0,0,0,0,0,0,0,0
4.60535789316991,0,0,0,0,0.488787685775424,0.8431024775619,0,0.756192523286193,1,5,76,4.24885071683881,7.05967250450982,4.24885071683881,0,0,0,0,0,0,0,0,0
6.34211274971722,0,0,0,1,1.10035579338551,0.256813030528318,0,0.756192523286193,1,5,76,7.05165041767454,7.05165041767454,4.8856974850254,0,0,0,0,0,0,0,0,0
1.34191158116003,0,0,0,0,-0.551919318501316,1.00610144170503,1,0.217545155965157,1,6,77,2.8549369098185,8.96717702081944,2.8549369098185,0,0,0,0,0,0,0,0,0
0.457269732773545,0,0,0,0,-0.702648271325402,-0.615240701814409,0,0.217545155965157,1,6,77,0.932136860650882,3.41065798181997,0.932136860650882,0,0,0,0,0,0,0,0,0
2.77633779947412,0,0,0,1,-1.47399512057554,0.546180996681004,0,0.217545155965157,1,6,77,2.94917854178147,2.94917854178147,0.55086486064602,0,0,0,0,0,0,0,0,0
3.01162420151393,0,0,0,0,-1.5010456745829,1.64712384821783,1,0.217545155965157,1,6,77,1.59770660416813,9.41072357553603,1.59770660416813,0,0,0,0,0,0,0,0,0
10.2560162916161,0,0,0,1,1.47321703123466,0.0124010106379263,1,0.217545155965157,1,6,77,11.0116629632882,11.0116629632882,5.91150917822334,0,0,0,0,0,0,0,0,0
5.22947050764621,0,0,0,1,-1.54481863523266,0.642089873521116,1,0.217545155965157,1,6,77,6.01740611385026,6.01740611385026,0.505126708171896,0,0,0,0,0,0,0,0,0
2.21576280525953,0,0,0,0,0.878134686041945,-0.973205590923818,0,1.69930550714771,1,5,78,0.895424574537533,3.94255369674291,0.895424574537533,0,0,0,0,0,0,0,0,0
3.14377969138064,0,0,0,0,0.31582963211856,1.07801137989909,0,1.69930550714771,1,5,78,1.82203143751367,5.08413997270561,1.82203143751367,0,0,0,0,0,0,0,0,0
-0.529560191697616,0,0,0,0,-0.478318445093712,-0.385030710839217,0,1.69930550714771,1,5,78,-1.22930680764918,1.01894184064017,-1.22930680764918,0,0,0,0,0,0,0,0,0
6.6897615131018,0,0,0,1,1.45468818360975,0.274984513423367,1,1.69930550714771,1,5,78,8.47233815664302,8.47233815664302,3.29672167402034,0,0,0,0,0,0,0,0,0
1.11120168175284,0,0,0,0,-0.19615624070649,-0.12246930720619,0,1.69930550714771,1,5,78,-0.402420995241709,1.71257773596585,-0.402420995241709,0,0,0,0,0,0,0,0,0
2.87151203946325,0,0,0,0,-0.342192618521739,1.05659824383797,1,0.821889128304543,1,4,79,2.69671126756929,8.91311111645078,2.69671126756929,0,0,0,0,0,0,0,0,0
7.90972306746851,0,0,0,1,1.84932883862539,0.1917270506682,0,0.821889128304543,1,4,79,8.35164225065171,8.35164225065171,6.21488298869378,0,0,0,0,0,0,0,0,0
1.2595600057346,0,0,0,0,-0.411354431721492,-0.50638566150777,1,0.821889128304543,1,4,79,0.995403735824045,6.35183017400471,0.995403735824045,0,0,0,0,0,0,0,0,0
11.3337517194406,0,0,0,1,2.39704672678144,1.05596538091273,0,0.821889128304543,1,4,79,11.3896199809366,11.3896199809366,8.1745570952504,0,0,0,0,0,0,0,0,0
5.1811717060792,0,0,0,0,0.340085032957179,-1.22456519613271,0,0.153886790374899,1,6,80,2.43192372552976,6.0314836451093,2.43192372552976,0,0,0,0,0,0,0,0,0
7.65079068106655,0,0,0,1,0.552330066411471,0.429916430501385,0,0.153886790374899,1,6,80,6.79572355628749,6.79572355628749,4.51089541907244,0,0,0,0,0,0,0,0,0
6.35017742649681,0,0,0,0,1.13281028228449,0.382057265570595,0,0.153886790374899,1,6,80,5.62399668588769,7.86996444006297,5.62399668588769,0,0,0,0,0,0,0,0,0
8.97945043074628,0,0,0,1,1.81141827063455,0.12052498895946,0,0.153886790374899,1,6,80,8.83420665894035,8.83420665894035,6.71968038597667,0,0,0,0,0,0,0,0,0
3.35504851444404,0,0,0,0,-0.387835603459384,0.0303443537868562,0,0.153886790374899,1,6,80,2.2309920026162,4.33191278242294,2.2309920026162,0,0,0,0,0,0,0,0,0
11.6424534237328,0,0,0,1,-0.0336251677086379,1.18236327353626,1,0.153886790374899,1,6,80,10.5894147044745,10.5894147044745,4.0914317938671,0,0,0,0,0,0,0,0,0
3.29516268388428,0,0,0,1,-0.741094213437108,-0.462053851715193,0,0.52401147046415,1,4,81,3.09466346211744,3.09466346211744,0.781169700232591,0,0,0,0,0,0,0,0,0
11.6233254801843,0,0,0,1,0.0798390006352493,0.733437420460273,1,0.52401147046415,1,4,81,9.25645785028419,9.25645785028419,3.61852740055277,0,0,0,0,0,0,0,0,0
7.25485156496058,0,0,0,1,0.940520753975715,-0.987047103968775,0,0.52401147046415,1,4,81,6.6936683682578,6.6936683682578,3.61940638280465,0,0,0,0,0,0,0,0,0
7.06672085112218,0,0,0,0,1.1503307364177,0.821148969730004,1,0.52401147046415,1,4,81,5.84722242138739,11.621508051876,5.84722242138739,0,0,0,0,0,0,0,0,0
6.08313952258358,0,0,0,1,0.826359277175452,0.150637884724425,0,1.34896747606511,1,5,82,5.10633495990811,5.10633495990811,2.98364318759386,0,0,0,0,0,0,0,0,0
-0.55411615941334,0,0,0,0,-1.21733406216281,0.105798951401213,0,1.34896747606511,1,5,82,-1.14858242440589,0.962610993711709,-1.14858242440589,0,0,0,0,0,0,0,0,0
-0.278773693460658,0,0,0,0,-0.329133711605848,0.858347306206611,0,1.34896747606511,1,5,82,1.38036663151344,4.21712672958559,1.38036663151344,0,0,0,0,0,0,0,0,0
4.5733678105635,0,0,0,0,1.76301654057656,0.334142489998756,1,1.34896747606511,1,5,82,5.04046231967039,10.252113523293,5.04046231967039,0,0,0,0,0,0,0,0,0
1.96323848701763,0,0,0,0,0.94085922851775,-2.51473431579276,0,1.34896747606511,1,5,82,0.547270889761271,8.97115956878693,0.547270889761271,0,0,0,0,0,0,0,0,0
2.49348824169873,0,0,0,1,0.265720542301903,-0.463854240211681,0,2.13306960722706,0,6,83,1.29661589149038,1.29661589149038,-1.01854486467198,0,0,0,0,0,0,0,0,0
-2.92628981601243,0,0,0,0,-0.834117688409686,0.418214557220797,1,2.13306960722706,0,6,83,-3.21822132609516,2.05668208977623,-3.21822132609516,0,0,0,0,0,0,0,0,0
-1.30966058144782,0,0,0,0,-0.537763630977125,-0.785265203038646,0,2.13306960722706,0,6,83,-2.62551321123004,0.0911282278732894,-2.62551321123004,0,0,0,0,0,0,0,0,0
-4.0561751897274,0,0,0,0,-1.47394736700955,-0.921955497416266,0,2.13306960722706,0,6,83,-4.49788068329488,-1.5478787440788,-4.49788068329488,0,0,0,0,0,0,0,0,0
-0.520937605119208,0,0,0,0,-0.206736278559695,-0.551053255258805,1,2.13306960722706,0,6,83,-1.96345850639518,3.44020118373615,-1.96345850639518,0,0,0,0,0,0,0,0,0
0.513394131704167,0,0,0,1,0.0788891894209601,-0.28313023666975,0,2.13306960722706,0,6,83,0.787955160482803,0.787955160482803,-1.39220757043387,0,0,0,0,0,0,0,0,0
5.99972729800699,0,0,0,1,0.432987392017697,0.159168236291846,0,0.232220006384482,1,5,84,6.09655141640629,6.09655141640629,3.97121688896203,0,0,0,0,0,0,0,0,0
5.81104723058226,0,0,0,1,-0.0608000607158513,0.0713565305857065,0,0.232220006384482,1,5,84,5.00092203224602,5.00092203224602,2.89583027778879,0,0,0,0,0,0,0,0,0
-0.890466174663661,0,0,0,0,-1.0994409235861,1.04890730906796,1,0.232220006384482,1,5,84,1.79609933053056,7.99630587354675,1.79609933053056,0,0,0,0,0,0,0,0,0
1.54259263089253,0,0,0,0,-0.0912351546949421,0.468860399715604,0,0.232220006384482,1,5,84,3.23246395896051,5.55229403338199,3.23246395896051,0,0,0,0,0,0,0,0,0
8.63069829970732,0,0,0,1,-1.16348733545407,1.72803878748066,0,0.232220006384482,1,5,84,7.43325603624494,7.43325603624494,2.34713798520731,0,0,0,0,0,0,0,0,0
1.25702385117719,0,0,0,0,-0.433914879641423,-1.10433901187567,0,0.81286030996418,1,5,85,0.367089345326418,3.68665399847696,0.367089345326418,0,0,0,0,0,0,0,0,0
1.91030716401998,0,0,0,0,0.124280671546137,-0.152932266657507,0,0.81286030996418,1,5,85,2.43488719291971,4.55827547110471,2.43488719291971,0,0,0,0,0,0,0,0,0
3.45120373854682,0,0,0,0,0.843556852793454,0.151404721460337,0,0.81286030996418,1,5,85,4.17777654353218,6.30069993321266,4.17777654353218,0,0,0,0,0,0,0,0,0
6.82886269884737,0,0,0,1,0.376376064671373,-1.54362491148889,0,0.81286030996418,1,5,85,6.03116320170787,6.03116320170787,1.5483853343388,0,0,0,0,0,0,0,0,0
8.13198947730778,0,0,0,1,1.29582801498343,0.378516196899552,0,0.81286030996418,1,5,85,7.55270485466666,7.55270485466666,5.30943034335136,0,0,0,0,0,0,0,0,0
3.0155077855623,0,0,0,0,0.268198610218686,-0.254263698380501,0,0.00466207883621085,1,5,86,3.28211178707779,5.44676181539193,3.28211178707779,0,0,0,0,0,0,0,0,0
1.83319473593373,0,0,0,0,0.0697060565173862,-0.237798307398817,0,0.00466207883621085,1,5,86,2.90159207065688,5.05814010565862,2.90159207065688,0,0,0,0,0,0,0,0,0
7.01197684546218,0,0,0,1,-0.0620636858194982,-0.276824651876159,1,0.00466207883621085,1,5,86,7.77565812939213,7.77565812939213,2.59902624150577,0,0,0,0,0,0,0,0,0
5.13208865053674,0,0,0,1,0.441340842218723,0.853317682336961,0,0.00466207883621085,1,5,86,7.56412869878426,7.56412869878426,4.73597763179533,0,0,0,0,0,0,0,0,0
6.03028329452589,0,0,0,1,-0.239869762071681,0.202930341255587,1,0.00466207883621085,1,5,86,7.86434980553526,7.86434980553526,2.72316908213315,0,0,0,0,0,0,0,0,0
5.05098727985126,0,0,0,0,0.0630424358783849,1.31461860009246,0,0.0392066919573753,0,5,87,3.12454770706253,6.95276977077159,3.12454770706253,0,0,0,0,0,0,0,0,0
3.05545026303124,0,0,0,1,-1.2160768591552,-0.76569680372794,0,0.0392066919573753,0,5,87,3.25260071223455,3.25260071223455,0.566309116995368,0,0,0,0,0,0,0,0,0
0.180782884821933,0,0,0,0,-1.40190592680183,1.7849691579252,0,0.0392066919573753,0,5,87,0.194650981702094,5.48076587644628,0.194650981702094,0,0,0,0,0,0,0,0,0
0.922237380725585,0,0,0,0,-1.28503841302562,-0.296318246003708,0,0.0392066919573753,0,5,87,0.42838600925452,2.61619051216923,0.42838600925452,0,0,0,0,0,0,0,0,0
4.32315562187583,0,0,0,0,0.799051225558858,0.779233812970798,0,0.0392066919573753,0,5,87,4.59656528642348,7.30377062170048,4.59656528642348,0,0,0,0,0,0,0,0,0
1.32174776474251,0,0,0,0,1.1834306735417,-2.10606646016457,0,-1.24216800311683,1,5,88,1.71781353895157,8.25332947358168,1.71781353895157,0,0,0,0,0,0,0,0,0
6.29879023543458,0,0,0,1,-0.974178886752748,0.951608498941714,1,-1.24216800311683,1,5,88,6.46582811272707,6.46582811272707,0.460269377468963,0,0,0,0,0,0,0,0,0
2.63822409357169,0,0,0,1,-1.22775644125968,-1.11034104960905,0,-1.24216800311683,1,5,88,1.22402196635127,1.22402196635127,-2.10883528009566,0,0,0,0,0,0,0,0,0
0.718550329116062,0,0,0,0,-0.212969372065503,-0.0337366698040797,0,-1.24216800311683,1,5,88,0.997343238097659,3.09848140098713,0.997343238097659,0,0,0,0,0,0,0,0,0
6.16533137025048,0,0,0,1,0.802096863441143,0.549739458277745,0,-1.24216800311683,1,5,88,6.01316530918028,6.01316530918028,3.61095183719278,0,0,0,0,0,0,0,0,0
-0.698009930365943,0,0,0,0,-0.468577680349938,-0.466695803274018,1,-1.23073823581151,1,5,89,0.0814322309376655,5.39923720373125,0.0814322309376655,0,0,0,0,0,0,0,0,0
4.92759279302511,0,0,0,1,0.0808523460057258,-0.659146426299793,1,-1.23073823581151,1,5,89,6.52231567192701,6.52231567192701,0.987841660623219,0,0,0,0,0,0,0,0,0
7.74980792269901,0,0,0,1,0.230081736802271,-0.650953443157418,1,-1.23073823581151,1,5,89,6.81823381051718,6.81823381051718,1.29449342535869,0,0,0,0,0,0,0,0,0
2.1267569522544,0,0,0,0,-0.598122610490545,0.48284589252307,1,-1.23073823581151,1,5,89,0.771884066453541,6.10502422237994,0.771884066453541,0,0,0,0,0,0,0,0,0
-1.93291482229456,0,0,0,0,-0.859624827876295,-0.419999995100273,0,-1.23073823581151,1,5,89,-0.653966255941302,1.62243373994293,-0.653966255941302,0,0,0,0,0,0,0,0,0
3.50796016129486,0,0,0,1,-0.57478801404092,-0.0351614995944918,0,0.130405463835027,1,6,90,3.89949321837937,3.89949321837937,1.79825688732564,0,0,0,0,0,0,0,0,0
5.44403640067633,0,0,0,1,0.388745148350124,-0.161917656114226,0,0.130405463835027,1,6,90,5.72478438294952,5.72478438294952,3.59856705558799,0,0,0,0,0,0,0,0,0
7.04952466085325,0,0,0,1,0.720882620370458,-1.17042996593541,0,0.130405463835027,1,6,90,6.72423599496704,6.72423599496704,3.25432968980748,0,0,0,0,0,0,0,0,0
1.85916319913326,0,0,0,0,-1.62060524131103,2.14217059786494,0,0.130405463835027,1,6,90,1.88395453024486,8.57284940060189,1.88395453024486,0,0,0,0,0,0,0,0,0
8.75226227253462,0,0,0,1,-0.524270979455629,1.02204562790421,1,0.130405463835027,1,6,90,9.10107534951305,9.10107534951305,2.95649808399493,0,0,0,0,0,0,0,0,0
2.39010294222237,0,0,0,0,-0.328412667406897,-0.603526172929946,1,0.130405463835027,1,6,90,1.72264290725823,7.1868867486697,1.72264290725823,0,0,0,0,0,0,0,0,0
5.8980684265172,0,0,0,1,0.455164043484395,0.364434562197035,0,-1.31193756661931,1,5,91,4.78639502058257,4.78639502058257,2.55358247045882,0,0,0,0,0,0,0,0,0
9.5624201469424,0,0,0,1,0.892215369387761,-0.590778518146941,1,-1.31193756661931,1,5,91,7.92149129942548,7.92149129942548,2.47247204192158,0,0,0,0,0,0,0,0,0
8.14287206672253,0,0,0,1,0.354088391203657,0.208840376212201,1,-1.31193756661931,1,5,91,7.33945128264897,7.33945128264897,2.19583697991251,0,0,0,0,0,0,0,0,0
8.21096805141768,0,0,0,1,1.6079302035617,0.209870185475923,0,-1.31193756661931,1,5,91,6.84859590864402,6.84859590864402,4.70455041389232,0,0,0,0,0,0,0,0,0
6.00837807665249,0,0,0,1,0.927233708282051,0.520806249122328,0,-1.31193756661931,1,5,91,6.0253326361043,6.0253326361043,3.65409348697943,0,0,0,0,0,0,0,0,0
1.47090799453809,0,0,0,0,0.276142405995242,0.878475149038269,0,1.41198614932479,0,5,92,1.55857992610543,4.43029851358324,1.55857992610543,0,0,0,0,0,0,0,0,0
-1.85243970904247,0,0,0,0,-0.611383667256081,-1.24063173195804,1,1.41198614932479,0,5,92,-0.21647222039722,6.42269487394399,-0.21647222039722,0,0,0,0,0,0,0,0,0
16.4023160624504,0,0,0,1,2.59280866120614,-2.407788001697,1,1.41198614932479,0,5,92,17.0893554976433,17.0893554976433,6.19191243652721,0,0,0,0,0,0,0,0,0
3.54691819195895,0,0,0,0,1.40918985686532,0.155626014247434,0,1.41198614932479,0,5,92,3.82467482784558,5.94889428415613,3.82467482784558,0,0,0,0,0,0,0,0,0
6.2850901214524,0,0,0,1,1.5804745364964,0.638621430664305,0,1.41198614932479,0,5,92,6.67508151881146,6.67508151881146,4.16724418710773,0,0,0,0,0,0,0,0,0
3.97313357053289,0,0,0,0,0.619595243538898,-0.414238501518039,1,0.979635793783005,0,6,93,3.27950419861694,8.55109773475685,3.27950419861694,0,0,0,0,0,0,0,0,0
6.10496832590422,0,0,0,1,0.369716274947768,-0.424331013646476,0,0.979635793783005,0,6,93,5.05980307057692,5.05980307057692,2.77974626143468,0,0,0,0,0,0,0,0,0
1.94354089632355,0,0,0,1,-0.279911358954547,0.43731224541543,0,0.979635793783005,0,6,93,3.77173299362033,3.77173299362033,1.48049099363005,0,0,0,0,0,0,0,0,0
8.64229540156841,0,0,0,1,-1.07268365711106,-1.99463192995656,1,0.979635793783005,0,6,93,8.97350293331925,8.97350293331925,-0.105053602682986,0,0,0,0,0,0,0,0,0
2.08221120175008,0,0,0,0,0.0557332273208242,-0.58568305469514,0,0.979635793783005,0,6,93,2.15178016618079,4.59480480673782,2.15178016618079,0,0,0,0,0,0,0,0,0
0.0909937782895467,0,0,0,0,-0.202311941586918,-1.49154360651984,1,0.979635793783005,0,6,93,1.63568982836531,8.96039215851551,1.63568982836531,0,0,0,0,0,0,0,0,0
2.08399358088953,0,0,0,0,0.180195032249306,-0.444745661260554,0,-0.80618159283227,0,5,94,2.71046130387704,5.00826000708712,2.71046130387704,0,0,0,0,0,0,0,0,0
0.274905348761727,0,0,0,0,-0.410116980647367,0.504281195396987,0,-0.80618159283227,0,5,94,1.52983727808369,3.8841368021147,1.52983727808369,0,0,0,0,0,0,0,0,0
5.81718073667781,0,0,0,1,0.697991495256482,0.819837935114194,0,-0.80618159283227,0,5,94,6.51818846974369,6.51818846974369,3.74605422989139,0,0,0,0,0,0,0,0,0
1.71210016189629,0,0,0,1,-0.293143111501982,0.306438766177431,0,-0.80618159283227,0,5,94,3.95768973379081,3.95768973379081,1.76378501637446,0,0,0,0,0,0,0,0,0
4.34625458816424,0,0,0,1,0.304354019532341,-0.77972022979031,0,-0.80618159283227,0,5,94,5.66674291518736,5.66674291518736,2.95877927844311,0,0,0,0,0,0,0,0,0
-2.56546554994095,0,0,0,0,-1.33364317971607,-1.54153109332579,0,1.49903553682386,0,4,95,-1.91439390009294,2.56192421159725,-1.91439390009294,0,0,0,0,0,0,0,0,0
4.76046758219352,0,0,0,0,1.71336824331426,-1.65547228634376,0,1.49903553682386,0,4,95,4.17962894596772,9.02021743681995,4.17962894596772,0,0,0,0,0,0,0,0,0
-3.54989115047816,0,0,0,0,-1.53957814591057,-1.21718044775403,0,1.49903553682386,0,4,95,-2.32626383248193,1.25526440991278,-2.32626383248193,0,0,0,0,0,0,0,0,0
-3.03989001279721,0,0,0,0,-0.838560238889922,-0.084924451829535,1,1.49903553682386,0,4,95,-0.924228018440641,4.18298414407791,-0.924228018440641,0,0,0,0,0,0,0,0,0
2.93653526522163,0,0,0,0,-0.199174786412561,0.175201362907757,0,-0.728595574498394,1,6,96,2.24600027890399,4.37669579646873,2.24600027890399,0,0,0,0,0,0,0,0,0
9.57694384107402,0,0,0,1,1.07289998002996,0.0892658269759264,0,-0.728595574498394,1,6,96,6.8121826637229,6.8121826637229,4.7042142758572,0,0,0,0,0,0,0,0,0
9.48444119925528,0,0,0,1,-0.237887948961755,0.905127237728527,1,-0.728595574498394,1,6,96,8.81775514510445,8.81775514510445,2.89849982862637,0,0,0,0,0,0,0,0,0
6.97034495659782,0,0,0,1,0.347841023195218,0.898782751369593,0,-0.728595574498394,1,6,96,6.97142372074088,6.97142372074088,4.06361328658138,0,0,0,0,0,0,0,0,0
5.54841328726213,0,0,0,0,0.541700153661207,0.0331411657549463,1,-0.728595574498394,1,6,96,3.58568996189871,8.68678829876631,3.58568996189871,0,0,0,0,0,0,0,0,0
7.57632731513556,0,0,0,1,0.616614268561319,0.108674698143007,0,-0.728595574498394,1,6,96,5.92286191410347,5.92286191410347,3.811051724087,0,0,0,0,0,0,0,0,0
3.67649579968732,0,0,0,1,1.12634523627521,-1.06041683260942,0,-1.93748442882429,0,5,97,4.72332841949522,4.72332841949522,1.49884456061383,0,0,0,0,0,0,0,0,0
-2.37030455667978,0,0,0,0,-1.96486477657618,-0.49899914127822,0,-1.93748442882429,0,5,97,-4.68357546508895,-2.33457532209255,-4.68357546508895,0,0,0,0,0,0,0,0,0
-0.936304114969482,0,0,0,0,-0.0444932778414511,-1.73501024245028,0,-1.93748442882429,0,5,97,-0.842832467619488,4.26742807378789,-0.842832467619488,0,0,0,0,0,0,0,0,0
-2.33770082814104,0,0,0,0,0.440740216532542,2.32062615259509,0,-1.93748442882429,0,5,97,0.127634521128499,7.61294026123679,0.127634521128499,0,0,0,0,0,0,0,0,0
3.68122592181603,0,0,0,1,0.498479807553331,-1.03067844776737,0,-1.93748442882429,0,5,97,3.40541176586223,3.40541176586223,0.243113703170077,0,0,0,0,0,0,0,0,0
5.18646458693313,0,0,0,1,0.61073930391455,-0.457842089248743,0,-0.366629963969029,1,5,98,5.93883836678808,5.93883836678808,3.62921898810043,0,0,0,0,0,0,0,0,0
7.81923587923777,0,0,0,0,1.84827420869043,-0.801735436863043,0,-0.366629963969029,1,5,98,5.76039545003789,8.50317516075986,5.76039545003789,0,0,0,0,0,0,0,0,0
4.23162674055862,0,0,0,1,-0.330968385215258,-0.268759440143163,0,-0.366629963969029,1,5,98,4.10711789561246,4.10711789561246,1.93488625894639,0,0,0,0,0,0,0,0,0
2.83391903488308,0,0,0,1,-1.10821024881064,-0.883915448855687,0,-0.366629963969029,1,5,98,2.64655304376886,2.64655304376886,-0.234753476956894,0,0,0,0,0,0,0,0,0
4.22509581426396,0,0,0,1,-0.790089521865685,-0.012147191593285,0,-0.366629963969029,1,5,98,3.37340378845902,3.37340378845902,1.27325623419541,0,0,0,0,0,0,0,0,0
4.95151412154056,0,0,0,1,0.80184476825283,-0.0737020876362482,0,-1.70087776989396,1,5,99,3.7424342584719,3.7424342584719,1.63700226074996,0,0,0,0,0,0,0,0,0
-0.66675133608611,0,0,0,0,-0.0388809786844269,-0.840415228125961,1,-1.70087776989396,1,5,99,-0.811162373614268,4.99513538205175,-0.811162373614268,0,0,0,0,0,0,0,0,0
-0.617767795264271,0,0,0,0,-1.19833731860581,1.46726165415147,0,-1.70087776989396,1,5,99,-0.822398171179596,3.43045859056372,-0.822398171179596,0,0,0,0,0,0,0,0,0
6.15841840777559,0,0,0,1,-0.0109106166049861,1.43290666804336,0,-1.70087776989396,1,5,99,5.67132176603707,5.67132176603707,1.51810024671394,0,0,0,0,0,0,0,0,0
1.87922764952042,0,0,0,1,0.213327067967833,-0.249170189073825,0,-1.70087776989396,1,5,99,2.44658454186547,2.44658454186547,0.284498758742389,0,0,0,0,0,0,0,0,0
4.89139372985763,0,0,0,1,0.0694155213721186,-0.632897038108216,0,-0.964670662801251,1,6,100,4.07590317781277,4.07590317781277,1.57534451696662,0,0,0,0,0,0,0,0,0
3.26071376644156,0,0,0,0,0.136976383605174,0.71044808700254,0,-0.964670662801251,1,6,100,3.05381136654348,5.65854785086905,3.05381136654348,0,0,0,0,0,0,0,0,0
6.78550711858286,0,0,0,1,-0.260483983852056,0.490016866217891,0,-0.964670662801251,1,6,100,4.37857594002238,4.37857594002238,2.03845941084438,0,0,0,0,0,0,0,0,0
6.31325938785775,0,0,0,1,0.80001363280154,-0.111003344111623,0,-0.964670662801251,1,6,100,5.67075617622602,5.67075617622602,3.55843443382205,0,0,0,0,0,0,0,0,0
8.83966707755131,0,0,0,1,-0.0918760781728349,0.775118115314667,1,-0.964670662801251,1,6,100,8.36158456398855,8.36158456398855,2.66077647129959,0,0,0,0,0,0,0,0,0
0.938625636541821,0,0,0,0,-0.423980297621982,1.47252816155427,0,-0.964670662801251,1,6,100,2.6939780786409,6.9623172652113,2.6939780786409,0,0,0,0,0,0,0,0,0
2.37820416273609,0,0,0,1,-1.20335941087087,-0.144963782695176,0,0.0714791223116675,1,5,101,2.56422262892994,2.56422262892994,0.443208130636644,0,0,0,0,0,0,0,0,0
3.70414523338959,0,0,0,1,-1.39859961244567,0.745292191833829,0,0.0714791223116675,1,5,101,3.59844415322452,3.59844415322452,0.942983702016046,0,0,0,0,0,0,0,0,0
2.89326172702661,0,0,0,0,0.216297780252067,1.6746732848208,0,0.0714791223116675,1,5,101,5.10215958039849,10.006690191291,5.10215958039849,0,0,0,0,0,0,0,0,0
9.11487430446072,0,0,0,1,0.866713060411026,0.506968819641212,0,0.0714791223116675,1,5,101,7.59230305962522,7.59230305962522,5.23528567553682,0,0,0,0,0,0,0,0,0
2.1398121829667,0,0,0,0,-1.2734911301502,1.27588982605573,0,0.0714791223116675,1,5,101,1.72379830082888,5.4516931490614,1.72379830082888,0,0,0,0,0,0,0,0,0
3.11184696766075,0,0,0,0,-1.4114754953453,1.69782144085694,0,-0.519627776792675,1,4,102,1.60485742375185,6.58745506878537,1.60485742375185,0,0,0,0,0,0,0,0,0
-0.237996384526745,0,0,0,0,-1.82593244622715,0.187593995270405,0,-0.519627776792675,1,4,102,-0.734283923598389,1.40090758346312,-0.734283923598389,0,0,0,0,0,0,0,0,0
6.98438186501992,0,0,0,1,-0.859804115565293,-0.135337174646952,1,-0.519627776792675,1,4,102,5.99335771864938,5.99335771864938,0.875041567807965,0,0,0,0,0,0,0,0,0
7.98821516115332,0,0,0,1,0.893167517821802,0.637895273593486,0,-0.519627776792675,1,4,102,7.6611276628955,7.6611276628955,5.15421728282259,0,0,0,0,0,0,0,0,0
4.75940172542078,0,0,0,1,0.819588933199606,-0.477372429936686,0,2.15522438346957,1,5,103,1.84469773022438,1.84469773022438,-0.483186706639272,0,0,0,0,0,0,0,0,0
-3.88943919787553,0,0,0,0,-0.690592286756085,-1.05677628101179,0,2.15522438346957,1,5,103,-4.08295299762576,-0.866176889516644,-4.08295299762576,0,0,0,0,0,0,0,0,0
3.71304585636102,0,0,0,0,0.632795633646677,1.15343895919113,1,2.15522438346957,1,5,103,0.774038083382691,7.20445951596262,0.774038083382691,0,0,0,0,0,0,0,0,0
2.95044726465437,0,0,0,0,0.803591978827612,0.290572662910299,0,2.15522438346957,1,5,103,0.252764477463726,2.43719694989451,0.252764477463726,0,0,0,0,0,0,0,0,0
3.86277921094325,0,0,0,0,1.27610258864215,0.359770448006459,0,2.15522438346957,1,5,103,1.26698348218895,3.49641825744772,1.26698348218895,0,0,0,0,0,0,0,0,0
3.68939426352068,0,0,0,0,0.855821808591951,-0.947019790865009,1,0.353317395745807,1,5,104,3.63979064418229,9.6366371284723,3.63979064418229,0,0,0,0,0,0,0,0,0
8.13629339806582,0,0,0,1,-1.35314475599305,0.667502186421242,1,0.353317395745807,1,5,104,6.38193866117568,6.38193866117568,0.836379492298542,0,0,0,0,0,0,0,0,0
4.80936644588375,0,0,0,1,-0.205626537830393,0.17850702224574,0,0.353317395745807,1,5,104,4.7742855214394,4.7742855214394,2.64242076444835,0,0,0,0,0,0,0,0,0
0.710013002875142,0,0,0,0,-0.914638987537664,-1.11981201832079,1,0.353317395745807,1,5,104,-0.0739231755327177,6.28005578084297,-0.0739231755327177,0,0,0,0,0,0,0,0,0
6.27002232342362,0,0,0,0,0.0271867225205726,1.27299419168253,0,0.353317395745807,1,5,104,4.20253445458707,7.92304866664453,4.20253445458707,0,0,0,0,0,0,0,0,0
4.70217576342057,0,0,0,1,1.08718559233774,-0.299434290493982,0,-0.632599128422198,0,4,105,6.96385042171859,6.96385042171859,4.77418952739496,0,0,0,0,0,0,0,0,0
2.45357092976113,0,0,0,0,0.611411082922199,-1.3440089684803,0,-0.632599128422198,0,4,105,3.82264050856387,7.72900061591935,3.82264050856387,0,0,0,0,0,0,0,0,0
4.88103751831368,0,0,0,1,-1.06194988918924,-0.233466410776053,1,-0.632599128422198,0,4,105,5.63042512930164,5.63042512930164,0.475918564340992,0,0,0,0,0,0,0,0,0
6.02271670391996,0,0,0,1,0.958492309819488,-0.381080536527717,0,-0.632599128422198,0,4,105,6.7620253376787,6.7620253376787,4.51680296235845,0,0,0,0,0,0,0,0,0
4.994913440929,0,0,0,1,-1.42842678607834,0.255236629584387,1,-0.708333951258129,1,6,106,5.06179180800435,5.06179180800435,-0.10335392907725,0,0,0,0,0,0,0,0,0
8.32950455078701,0,0,0,1,-0.151739940022542,-0.319131090856367,1,-0.708333951258129,1,6,106,7.07749669574477,7.07749669574477,1.8756520425936,0,0,0,0,0,0,0,0,0
8.05016369516599,0,0,0,1,0.682867861597715,-1.07386563806673,0,-0.708333951258129,1,6,106,6.04332050724422,6.04332050724422,2.79013309862374,0,0,0,0,0,0,0,0,0
10.5117482702661,0,0,0,1,2.21230810470401,0.466180086195664,0,-0.708333951258129,1,6,106,9.70638318186414,9.70638318186414,7.38905930909874,0,0,0,0,0,0,0,0,0
4.91956854933968,0,0,0,1,-0.157604554058505,-0.910501916680028,0,-0.708333951258129,1,6,106,4.20156572897601,4.20156572897601,1.27255198869801,0,0,0,0,0,0,0,0,0
5.97167129284147,0,0,0,1,0.49285387170021,-1.25563080732351,0,-0.708333951258129,1,6,106,5.90494867387184,5.90494867387184,2.22833994957196,0,0,0,0,0,0,0,0,0
4.14541770024297,0,0,0,0,0.0928289705763546,0.284643437538393,0,-0.970792259753498,1,5,107,2.5278637670938,4.70888565362747,2.5278637670938,0,0,0,0,0,0,0,0,0
6.47766796127568,0,0,0,1,-0.556831134093011,-0.688150377350105,1,-0.970792259753498,1,5,107,5.82930068471366,5.82930068471366,0.255749742866571,0,0,0,0,0,0,0,0,0
6.25367786572449,0,0,0,1,1.34469740505508,-0.876593134882629,0,-0.970792259753498,1,5,107,6.73877958775359,6.73877958775359,3.87036406363023,0,0,0,0,0,0,0,0,0
6.32185083482821,0,0,0,1,1.15833912738139,-1.13891113068226,0,-0.970792259753498,1,5,107,6.63244807607516,6.63244807607516,3.23532951248322,0,0,0,0,0,0,0,0,0
3.27564115814731,0,0,0,1,-1.28261510310551,-0.502974360125245,0,-0.970792259753498,1,5,107,1.34234102900983,1.34234102900983,-1.01064217793357,0,0,0,0,0,0,0,0,0
9.5089899664857,0,0,0,1,0.841865590809247,0.261235882838846,1,-0.993134966552097,1,4,108,9.1268941891515,9.1268941891515,3.95865000266891,0,0,0,0,0,0,0,0,0
8.68817012384031,0,0,0,1,1.7601927728171,0.697674712543564,0,-0.993134966552097,1,4,108,8.81849320091207,8.81849320091207,6.23174319638933,0,0,0,0,0,0,0,0,0
10.5270115958966,0,0,0,1,-0.630953806033912,2.22497195610016,0,-0.993134966552097,1,4,108,10.0272474876761,10.0272474876761,2.9767472822439,0,0,0,0,0,0,0,0,0
2.0412939490807,0,0,0,0,-0.217166995645814,0.329616699920326,0,-0.993134966552097,1,4,108,1.90896564684026,4.11761281570663,1.90896564684026,0,0,0,0,0,0,0,0,0
6.02406321897638,0,0,0,1,-0.310237266639552,0.958849305584356,0,0.892481779793982,1,5,109,5.56124303586062,5.56124303586062,2.54185104504102,0,0,0,0,0,0,0,0,0
6.8827759939462,0,0,0,1,1.45502753611427,-0.870021168035901,0,0.892481779793982,1,5,109,7.10044700975895,7.10044700975895,4.2435101769284,0,0,0,0,0,0,0,0,0
4.65217839679072,0,0,0,0,1.13774892812807,-0.325543026016159,0,0.892481779793982,1,5,109,4.15343110297574,6.3594093647635,4.15343110297574,0,0,0,0,0,0,0,0,0
0.761510479970641,0,0,0,0,0.428079718554579,0.24746506117516,0,0.892481779793982,1,5,109,3.30710077102008,5.46833972752251,3.30710077102008,0,0,0,0,0,0,0,0,0
5.57876198197577,0,0,0,1,0.32745866872655,0.383210636685874,1,0.892481779793982,1,5,109,8.48845463894393,8.48845463894393,3.24160424687474,0,0,0,0,0,0,0,0,0
11.9856334324688,0,0,0,1,1.14317234357824,-0.737927367134585,1,0.133974682620824,0,6,110,10.9129322707393,10.9129322707393,5.26839547157312,0,0,0,0,0,0,0,0,0
-0.165277141944133,0,0,0,0,-0.767619923784964,0.291592669747485,0,0.133974682620824,0,6,110,1.44681093684672,3.63183722189719,1.44681093684672,0,0,0,0,0,0,0,0,0
10.8244868020439,0,0,0,1,0.477754118177056,1.53532193917797,1,0.133974682620824,0,6,110,11.394772477692,11.394772477692,3.93755902077076,0,0,0,0,0,0,0,0,0
0.0060743348414723,0,0,0,0,-1.64930839769447,-0.414688445769776,1,0.133974682620824,0,6,110,-0.316566010972281,4.95540049608267,-0.316566010972281,0,0,0,0,0,0,0,0,0
0.828811124321451,0,0,0,0,-0.775828234926826,0.835251101421899,1,0.133974682620824,0,6,110,1.430394314563,7.22803871698949,1.430394314563,0,0,0,0,0,0,0,0,0
4.15320233170748,0,0,0,0,0.650526123639295,0.173827948274055,0,0.133974682620824,0,6,110,4.28310303169524,6.41331918729641,4.28310303169524,0,0,0,0,0,0,0,0,0
8.7177379032061,0,0,0,1,1.34683605481746,0.382280451052909,0,0.467100760902568,0,5,111,7.72162733205639,7.72162733205639,5.47548898879917,0,0,0,0,0,0,0,0,0
3.05571193088877,0,0,0,1,-0.713039605277763,0.664957947567294,0,0.467100760902568,0,5,111,3.89790674064162,3.89790674064162,1.35573766860872,0,0,0,0,0,0,0,0,0
0.0218098842533788,0,0,0,0,-0.909232757124474,-2.46328023267385,0,0.467100760902568,0,5,111,0.963351364915294,9.13110086959706,0.963351364915294,0,0,0,0,0,0,0,0,0
4.57125604814073,0,0,0,1,0.109310152853964,0.309766939043305,0,0.467100760902568,0,5,111,5.19639274139643,5.19639274139643,3.00043718487217,0,0,0,0,0,0,0,0,0
7.97458430408374,0,0,0,1,0.312026936645206,-0.306440883934676,1,0.467100760902568,0,5,111,8.59977676780132,8.59977676780132,3.40587075245465,0,0,0,0,0,0,0,0,0
0.7740927611977,0,0,0,0,-1.43295804844746,0.584042413385011,0,0.947908590817918,1,5,112,-0.180404380056318,2.26070116057627,-0.180404380056318,0,0,0,0,0,0,0,0,0
7.14808897069172,0,0,0,1,0.608757898338775,0.0602843439299023,0,0.947908590817918,1,5,112,5.4829036461841,5.4829036461841,3.37926944406104,0,0,0,0,0,0,0,0,0
10.188655631093,0,0,0,1,1.2964159899754,-0.187877073799417,1,0.947908590817918,1,5,112,9.64172200446441,9.64172200446441,4.50642420960497,0,0,0,0,0,0,0,0,0
6.65007398018729,0,0,0,1,-1.06334701297326,0.454638868813269,1,0.947908590817918,1,5,112,5.73611064735614,5.73611064735614,0.429414146320335,0,0,0,0,0,0,0,0,0
1.97422521489325,0,0,0,1,-0.26673518373572,-0.533374637365149,0,0.947908590817918,1,5,112,3.4191128024014,3.4191128024014,1.034624298617,0,0,0,0,0,0,0,0,0
11.5587018177396,0,0,0,1,0.296750944037883,-2.25091780485992,1,1.4397327642083,0,6,113,11.6873024199763,11.6873024199763,1.52067145574088,0,0,0,0,0,0,0,0,0
1.75496789198266,0,0,0,0,-0.620021088524559,-1.1738837684479,0,1.4397327642083,0,6,113,-0.312872609384002,3.16513049244145,-0.312872609384002,0,0,0,0,0,0,0,0,0
2.69760330781158,0,0,0,0,0.636292048870592,0.00458124758705892,0,1.4397327642083,0,6,113,2.1997536654063,4.29977465323575,2.1997536654063,0,0,0,0,0,0,0,0,0
1.01918241393005,0,0,0,0,1.28615964659442,-0.338533654707142,0,1.4397327642083,0,6,113,3.49948886085395,5.71409389622333,3.49948886085395,0,0,0,0,0,0,0,0,0
12.2538127573175,0,0,0,1,-0.0704998103043364,2.55414786581026,1,1.4397327642083,0,6,113,12.4098412674795,12.4098412674795,0.786169947056443,0,0,0,0,0,0,0,0,0
-2.52159837435383,0,0,0,0,-0.914543255155719,-0.428796552442499,0,1.4397327642083,0,6,113,-0.901916942646322,1.38194954074025,-0.901916942646322,0,0,0,0,0,0,0,0,0
-5.38355036364523,0,0,0,0,-0.349214457339737,0.106273103610705,0,-2.66132019643042,0,5,114,-4.78105410260795,-2.6697601300569,-4.78105410260795,0,0,0,0,0,0,0,0,0
-3.93091866531897,0,0,0,0,0.939849926707846,-0.558977417815395,0,-2.66132019643042,0,5,114,-2.20292533451278,0.209530419114786,-2.20292533451278,0,0,0,0,0,0,0,0,0
-5.34749168488333,0,0,0,0,-0.237108493234465,-0.0548308401200598,0,-2.66132019643042,0,5,114,-4.5568421743974,-2.45383575336913,-4.5568421743974,0,0,0,0,0,0,0,0,0
1.25265519919909,0,0,0,1,0.894362054036596,-0.289493695243773,1,-2.66132019643042,0,5,114,2.88990551973062,2.88990551973062,-2.29390107985528,0,0,0,0,0,0,0,0,0
-5.93372650852185,0,0,0,0,-0.110364599222409,-0.0151863284652857,0,-2.66132019643042,0,5,114,-4.30335438637329,-2.20312376180103,-4.30335438637329,0,0,0,0,0,0,0,0,0
9.78540982963283,0,0,0,1,1.40376060940742,-1.80166065210644,1,-2.06463301935923,1,5,115,8.08913216742861,8.08913216742861,-0.256848937919999,0,0,0,0,0,0,0,0,0
0.939375526921609,0,0,0,1,-0.830367585957765,-1.62572159269403,0,-2.06463301935923,1,5,115,0.193804427713649,0.193804427713649,-4.54916626923795,0,0,0,0,0,0,0,0,0
4.37345013323524,0,0,0,1,-0.315870481998196,-1.13580737886877,1,-2.06463301935923,1,5,115,3.35980055439919,3.35980055439919,-3.03025784749356,0,0,0,0,0,0,0,0,0
-2.42312759733227,0,0,0,0,-0.307794753024073,0.0689648671206535,1,-2.06463301935923,1,5,115,-1.80933414355589,3.29542200934108,-1.80933414355589,0,0,0,0,0,0,0,0,0
3.9104543635316,0,0,0,1,0.805105033022765,0.480319682300357,0,-2.06463301935923,1,5,115,3.15852724092261,3.15852724092261,0.827820243717492,0,0,0,0,0,0,0,0,0
3.44641153692395,0,0,0,0,1.22876039894303,1.04346298437973,0,0.883680871607817,0,5,116,4.67662891504051,7.86544391481116,4.67662891504051,0,0,0,0,0,0,0,0,0
3.99464869218467,0,0,0,0,1.26976795486327,1.98425965557486,1,0.883680871607817,0,5,116,4.75864402688099,13.7959304076231,4.75864402688099,0,0,0,0,0,0,0,0,0
4.28620029518011,0,0,0,0,1.73109325569749,0.582824245390615,0,0.883680871607817,0,5,116,5.68129462854943,8.12097872956457,5.68129462854943,0,0,0,0,0,0,0,0,0
0.801017206920839,0,0,0,0,0.317268409791295,0.239127464709575,0,0.883680871607817,0,5,116,2.85364493673704,5.01082688111547,2.85364493673704,0,0,0,0,0,0,0,0,0
6.7986502658129,0,0,0,1,0.355808027795312,1.29246466303045,0,0.883680871607817,0,5,116,6.70118907792748,6.70118907792748,2.93072417274507,0,0,0,0,0,0,0,0,0
-0.197223171192392,0,0,0,0,-1.28252865192516,-0.303331095231052,0,-1.30560940409755,1,6,117,-1.57300431514932,0.619005438184747,-1.57300431514932,0,0,0,0,0,0,0,0,0
4.33882895036853,0,0,0,1,-0.372388192298739,-1.25295610330443,0,-1.30560940409755,1,6,117,2.96755059283796,2.96755059283796,-0.702348403969872,0,0,0,0,0,0,0,0,0
3.68324385309793,0,0,0,1,-0.0981376959244599,0.713526941021946,0,-1.30560940409755,1,6,117,4.4217563286692,4.4217563286692,1.81263563310507,0,0,0,0,0,0,0,0,0
7.79696570786887,0,0,0,1,2.17583141422543,-0.689619510008507,0,-1.30560940409755,1,6,117,7.53300247095878,7.53300247095878,4.9574274023744,0,0,0,0,0,0,0,0,0
8.35350017116252,0,0,0,1,0.761382660924992,-0.889915438624612,1,-1.30560940409755,1,6,117,7.82018345505985,7.82018345505985,1.92823396715741,0,0,0,0,0,0,0,0,0
4.575248962422,0,0,0,1,-0.215447173604027,0.687790015677642,0,-1.30560940409755,1,6,117,4.12533485806748,4.12533485806748,1.55227975240163,0,0,0,0,0,0,0,0,0
7.38855318550198,0,0,0,1,1.26213298954105,0.268461314123195,0,-0.689207191010646,1,5,118,7.48979221824526,7.48979221824526,5.31772074106451,0,0,0,0,0,0,0,0,0
4.71817925072275,0,0,0,1,-0.201293829442017,-0.215560691026063,0,-0.689207191010646,1,5,118,4.05331150946475,4.05331150946475,1.90684509794912,0,0,0,0,0,0,0,0,0
1.70790188398154,0,0,0,0,0.284828516155437,-0.38596069935356,0,-0.689207191010646,1,5,118,2.70868978081653,4.95765544226202,2.70868978081653,0,0,0,0,0,0,0,0,0
8.42301478369035,0,0,0,1,0.638933503345343,0.879261591836934,1,-0.689207191010646,1,5,118,10.5552229932665,10.5552229932665,4.68212204638683,0,0,0,0,0,0,0,0,0
1.31814999724789,0,0,0,0,-0.690393241625422,-0.332049511324301,0,-0.689207191010646,1,5,118,0.81215745328407,3.02241433125478,0.81215745328407,0,0,0,0,0,0,0,0,0
3.00874644054439,0,0,0,1,-1.30979290573817,-0.982221871946251,0,-0.26459774536,1,5,119,2.39294015545741,2.39294015545741,-0.671819650272192,0,0,0,0,0,0,0,0,0
5.60072656560062,0,0,0,0,1.04234924622721,-0.334212346060774,0,-0.26459774536,1,5,119,4.68047417954404,6.89217207180349,4.68047417954404,0,0,0,0,0,0,0,0,0
5.89590098831326,0,0,0,1,-0.293644497734879,-0.142740639519991,1,-0.26459774536,1,5,119,7.32033328833123,7.32033328833123,2.19995839816066,0,0,0,0,0,0,0,0,0
6.00274163523047,0,0,0,1,-0.310341873019582,0.42804881272565,0,-0.26459774536,1,5,119,5.02057888591273,5.02057888591273,2.73735309983689,0,0,0,0,0,0,0,0,0
-1.30402824947846,0,0,0,0,-1.03237105947685,-0.305169117288321,0,-0.26459774536,1,5,119,0.560076796908385,2.75320498705492,0.560076796908385,0,0,0,0,0,0,0,0,0
7.63315276417727,0,0,0,1,-0.371860336509677,1.17445897355749,0,0.00329751112088154,1,6,120,6.91008130752827,6.91008130752827,3.43072742695855,0,0,0,0,0,0,0,0,0
4.44586301702825,0,0,0,1,-1.65160233464469,0.355976142575531,0,0.00329751112088154,1,6,120,2.27947961378951,2.27947961378951,0.0527605997065585,0,0,0,0,0,0,0,0,0
10.6608689688702,0,0,0,1,0.130304099215274,1.2119722261997,1,0.00329751112088154,1,6,120,11.0414462281301,11.0414462281301,4.47256955105066,0,0,0,0,0,0,0,0,0
6.74799077704812,0,0,0,1,-0.0189427693160447,-0.517768151640601,0,0.00329751112088154,1,6,120,4.81241929500104,4.81241929500104,2.44433543614772,0,0,0,0,0,0,0,0,0
6.44355479332627,0,0,0,1,0.138721034789306,-1.45585845939152,0,0.00329751112088154,1,6,120,6.04109659038934,6.04109659038934,1.8215727366075,0,0,0,0,0,0,0,0,0
4.90727030939585,0,0,0,0,-0.460315419585371,1.08913676135484,1,0.00329751112088154,1,6,120,3.16849504860451,9.45471393353903,3.16849504860451,0,0,0,0,0,0,0,0,0
2.25985099648078,0,0,0,0,-0.00581803836757163,1.47213257250818,0,1.5915034946147,1,5,121,1.92761312240224,6.19478743344179,1.92761312240224,0,0,0,0,0,0,0,0,0
-0.592202361288567,0,0,0,0,-0.458336840464244,-0.0023462804357766,0,1.5915034946147,1,5,121,-0.451903334735054,1.64810217029683,-0.451903334735054,0,0,0,0,0,0,0,0,0
9.06555484838886,0,0,0,1,0.0310168139194793,0.528861786294907,1,1.5915034946147,1,5,121,6.43770682976611,6.43770682976611,1.05801204076308,0,0,0,0,0,0,0,0,0
0.180801237300862,0,0,0,0,-0.705271551384041,0.814404368576873,1,1.5915034946147,1,5,121,-0.129022107562,5.63423236799509,-0.129022107562,0,0,0,0,0,0,0,0,0
1.00834068924676,0,0,0,0,1.23104248580685,-1.38991035445354,0,1.5915034946147,1,5,121,1.53929124378936,5.57114203720653,1.53929124378936,0,0,0,0,0,0,0,0,0
7.72117881012262,0,0,0,1,0.425332321549018,0.122735949133185,1,-1.28207882311689,1,5,122,7.44473859675606,7.44473859675606,2.32967448354643,0,0,0,0,0,0,0,0,0
0.677954261469663,0,0,0,0,0.362470058133281,-0.293210136934704,0,-1.28207882311689,1,5,122,1.78800387064707,3.97397605504834,1.78800387064707,0,0,0,0,0,0,0,0,0
5.34459387700221,0,0,0,1,0.541853352991273,-1.61733159018063,0,-1.28207882311689,1,5,122,5.53841047971333,5.53841047971333,0.822649007117132,0,0,0,0,0,0,0,0,0
4.89261244500335,0,0,0,1,1.25538106008258,-0.770648800679577,0,-1.28207882311689,1,5,122,5.79028678478968,5.79028678478968,3.0963872108008,0,0,0,0,0,0,0,0,0
-4.24136451122876,0,0,0,0,-3.04568327700921,-0.238006912424841,1,-1.28207882311689,1,5,122,-4.97309957512804,0.183547715233962,-4.97309957512804,0,0,0,0,0,0,0,0,0
8.23284641949045,0,0,0,1,2.28224275122445,-0.355437952031086,0,0.901277472308925,1,4,123,8.62308260607029,8.62308260607029,6.39674646832624,0,0,0,0,0,0,0,0,0
-5.18893999546096,0,0,0,0,-3.2989497199469,-0.656296030306917,0,0.901277472308925,1,4,123,-5.06649655229228,-2.53577207289566,-5.06649655229228,0,0,0,0,0,0,0,0,0
-2.99129775479963,0,0,0,0,-2.04361330311008,-2.16969431851484,0,0.901277472308925,1,4,123,-4.06922200682656,2.73835142896903,-4.06922200682656,0,0,0,0,0,0,0,0,0
0.47420700284525,0,0,0,0,-0.331926655781268,-0.345403143734693,0,0.901277472308925,1,4,123,1.17844246261121,3.39774579431301,1.17844246261121,0,0,0,0,0,0,0,0,0
0.00181545014504025,0,0,0,0,0.529550285636294,-0.895744163334702,0,-2.03048823828881,0,5,124,-0.0637819145565954,2.83857569159159,-0.0637819145565954,0,0,0,0,0,0,0,0,0
3.8893293052994,0,0,0,1,0.16444106170906,-0.103928436852872,1,-2.03048823828881,0,5,124,4.31680075757562,4.31680075757562,-0.794000362411065,0,0,0,0,0,0,0,0,0
2.01645475601353,0,0,0,1,0.833470088656642,0.491505100678841,0,-2.03048823828881,0,5,124,2.88563495547742,2.88563495547742,0.544057691484099,0,0,0,0,0,0,0,0,0
2.11893899082859,0,0,0,1,-0.452812433461836,0.140913395634954,1,-2.03048823828881,0,5,124,3.09134923231652,3.09134923231652,-2.02850735275286,0,0,0,0,0,0,0,0,0
-4.59025493187096,0,0,0,0,-0.875634178168762,-0.646327322078499,0,-2.03048823828881,0,5,124,-2.87415084216671,-0.356411834901544,-2.87415084216671,0,0,0,0,0,0,0,0,0
6.63275322386011,0,0,0,1,0.692200928786473,0.130781386891048,0,0.34072823279441,1,4,125,6.51619128699794,6.51619128699794,4.39908751584079,0,0,0,0,0,0,0,0,0
6.15791634902792,0,0,0,1,0.304015091212059,-1.7721235063172,0,0.34072823279441,1,4,125,6.96023266912569,6.96023266912569,1.71981094748372,0,0,0,0,0,0,0,0,0
2.83104334865741,0,0,0,0,0.306266937820535,-0.649146173617723,1,0.34072823279441,1,4,125,2.84729197340015,8.36868272812268,2.84729197340015,0,0,0,0,0,0,0,0,0
9.42824940070138,0,0,0,1,0.995868315792344,-1.54603680189516,0,0.34072823279441,1,4,125,7.81983389388055,7.81983389388055,3.32960410106632,0,0,0,0,0,0,0,0,0
-2.12946436585739,0,0,0,0,-1.17398783626222,1.12211558022798,0,1.83315156172153,0,5,126,-2.70842032076653,0.650723054623839,-2.70842032076653,0,0,0,0,0,0,0,0,0
7.99546338821068,0,0,0,1,1.28844502943762,1.54238828297515,1,1.83315156172153,0,5,126,9.69540702609221,9.69540702609221,2.21644541063316,0,0,0,0,0,0,0,0,0
-1.46017269732526,0,0,0,0,-0.64078113127473,-0.387926252336575,0,1.83315156172153,0,5,126,-1.64200691079155,0.608479866460354,-1.64200691079155,0,0,0,0,0,0,0,0,0
0.328858644444235,0,0,0,0,0.565068662222511,-0.855213738179687,0,1.83315156172153,0,5,126,0.769692676202934,3.60108321417421,0.769692676202934,0,0,0,0,0,0,0,0,0
4.52579116511589,0,0,0,1,0.89824661103,0.920243911260156,0,1.83315156172153,0,5,126,4.3828974300293,4.3828974300293,1.43604857381791,0,0,0,0,0,0,0,0,0
11.5028551111199,0,0,0,1,0.891317359677452,0.567379466115821,1,-0.923904677583464,0,4,127,9.35095432466417,9.35095432466417,3.9290348660943,0,0,0,0,0,0,0,0,0
4.57270831343174,0,0,0,0,1.06944703628656,-0.820216584321987,0,-0.923904677583464,0,4,127,4.28529421931251,7.05804946450933,4.28529421931251,0,0,0,0,0,0,0,0,0
3.09484261418769,0,0,0,0,0.941369713270485,0.628226268623438,0,-0.923904677583464,0,4,127,4.02913957328037,6.52380781786889,4.02913957328037,0,0,0,0,0,0,0,0,0
6.56819417477353,0,0,0,1,1.0265443028472,0.286572549662535,0,-0.923904677583464,0,4,127,6.38161257865389,6.38161257865389,4.1994887524338,0,0,0,0,0,0,0,0,0
2.52963538932618,0,0,0,0,-0.563758558911108,-0.0889201946964872,0,1.17828356500124,1,5,128,0.395210527929257,2.50311732895412,0.395210527929257,0,0,0,0,0,0,0,0,0
8.96505528751946,0,0,0,1,1.48651338067858,0.698539788469785,0,1.17828356500124,1,5,128,7.87117222635032,7.87117222635032,5.28321439027491,0,0,0,0,0,0,0,0,0
5.72771705417306,0,0,0,1,-0.633433582644951,1.35631969836834,0,1.17828356500124,1,5,128,5.6407034977084,5.6407034977084,1.7011003735264,0,0,0,0,0,0,0,0,0
10.4592959323862,0,0,0,1,2.13109472361434,-1.46120385332184,0,1.17828356500124,1,5,128,8.64775013531739,8.64775013531739,4.41263343435481,0,0,0,0,0,0,0,0,0
0.739299268590705,0,0,0,1,-1.50025500105974,-1.08742054698813,0,1.17828356500124,1,5,128,0.806200737352321,0.806200737352321,-2.47628270865965,0,0,0,0,0,0,0,0,0
-5.67775021457661,0,0,0,0,-0.283419082638201,-0.566035427685609,1,-1.94409598133505,1,5,129,-1.9123827776051,3.50801332779013,-1.9123827776051,0,0,0,0,0,0,0,0,0
-2.23951833658647,0,0,0,0,-0.350459232672284,0.382415593270437,0,-1.94409598133505,1,5,129,-1.09801205671722,1.14822962925916,-1.09801205671722,0,0,0,0,0,0,0,0,0
-1.01113359459244,0,0,0,1,-0.046612764317206,0.637007122919549,0,-1.94409598133505,1,5,129,2.27005048429229,2.27005048429229,-0.235727590357955,0,0,0,0,0,0,0,0,0
-0.979775368017523,0,0,0,1,-0.443439279109176,0.482718140685291,0,-1.94409598133505,1,5,129,1.14934720117051,1.14934720117051,-1.18366960217615,0,0,0,0,0,0,0,0,0
5.07609554417147,0,0,0,1,1.7750701395316,1.20310212384153,0,-1.94409598133505,1,5,129,7.52118793865365,7.52118793865365,3.97373321826164,0,0,0,0,0,0,0,0,0
5.7366552543294,0,0,0,1,-1.06516379142093,-0.592328804520076,1,0.864806545816175,1,6,130,4.98030666361575,4.98030666361575,-0.470546749048436,0,0,0,0,0,0,0,0,0
6.24132050596237,0,0,0,1,0.607262928728326,-1.95047281083254,0,0.864806545816175,1,6,130,7.4205068707346,7.4205068707346,1.5161626849376,0,0,0,0,0,0,0,0,0
3.56270697998153,0,0,0,0,1.1463095064348,-1.27924190465093,1,0.864806545816175,1,6,130,3.26548674653217,10.0019465971471,3.26548674653217,0,0,0,0,0,0,0,0,0
9.88942117115082,0,0,0,1,1.75675525408424,-0.944831344528266,1,0.864806545816175,1,6,130,10.8134950715568,10.8134950715568,4.8207888019537,0,0,0,0,0,0,0,0,0
4.89494350502182,0,0,0,1,0.364865012891482,-0.28809253245751,0,0.864806545816175,1,6,130,4.87674443889673,4.87674443889673,2.69374713163895,0,0,0,0,0,0,0,0,0
7.7491114758606,0,0,0,1,0.174492866696515,-1.22074144785779,1,0.864806545816175,1,6,130,7.97056360636666,7.97056360636666,1.38035392384874,0,0,0,0,0,0,0,0,0
1.04993045770999,0,0,0,0,-0.479954865467441,-1.16549118757006,0,0.532567850889238,1,5,131,0.59097056569428,4.04934027399774,0.59097056569428,0,0,0,0,0,0,0,0,0
5.72708153819742,0,0,0,1,0.776916610624666,-1.56227510406487,0,0.532567850889238,1,5,131,7.24863310216458,7.24863310216458,2.70792960138368,0,0,0,0,0,0,0,0,0
5.07478264541456,0,0,0,0,0.0746784014166522,2.29746630940868,0,0.532567850889238,1,5,131,5.1631945964412,12.5415460393091,5.1631945964412,0,0,0,0,0,0,0,0,0
5.02049094513158,0,0,0,1,-0.197898839948474,-1.77641732470457,0,0.532567850889238,1,5,131,5.79981499110823,5.79981499110823,0.544156479597704,0,0,0,0,0,0,0,0,0
0.186520569151132,0,0,0,0,-0.620171361204553,0.0564953827583922,0,0.532567850889238,1,5,131,1.53252414454851,3.63571587282152,1.53252414454851,0,0,0,0,0,0,0,0,0
0.993311859966164,0,0,0,0,-0.325792044093055,-1.18679473630714,0,-0.0307019074011759,0,4,132,2.34747330469582,5.85595505082215,2.34747330469582,0,0,0,0,0,0,0,0,0
7.07749048869915,0,0,0,1,1.3036683719532,0.196092964776541,0,-0.0307019074011759,0,4,132,7.74484658762319,7.74484658762319,5.60639413678834,0,0,0,0,0,0,0,0,0
4.21224169711405,0,0,0,1,0.602781876452686,-0.648085842785018,0,-0.0307019074011759,0,4,132,6.72463640540567,6.72463640540567,4.2046211457873,0,0,0,0,0,0,0,0,0
3.96224598964253,0,0,0,0,0.559889447688565,0.0977988268317129,1,-0.0307019074011759,0,4,132,4.11883628825906,9.22840089878872,4.11883628825906,0,0,0,0,0,0,0,0,0
-1.26930756310413,0,0,0,0,-0.512429606256302,-1.19697545208465,1,1.42388918511056,1,5,133,-1.24929507607207,5.28345515682119,-1.24929507607207,0,0,0,0,0,0,0,0,0
3.76704666132161,0,0,0,1,0.642078303167109,-0.370666642114894,0,1.42388918511056,1,5,133,4.12342331232124,4.12342331232124,1.88602955274451,0,0,0,0,0,0,0,0,0
2.29760606271393,0,0,0,0,0.862404611730356,0.00794667834298121,1,1.42388918511056,1,5,133,2.70529549032888,7.80535864002556,2.70529549032888,0,0,0,0,0,0,0,0,0
9.65311549492615,0,0,0,1,0.719047288110157,0.160557236108524,1,1.42388918511056,1,5,133,7.69697002692083,7.69697002692083,2.57119140085402,0,0,0,0,0,0,0,0,0
-0.273420261198403,0,0,0,0,-0.16771436912143,0.0616832573725884,0,1.42388918511056,1,5,133,0.698794107654911,2.802598931895,0.698794107654911,0,0,0,0,0,0,0,0,0
6.56771582807092,0,0,0,1,1.19960495046638,-1.73758954080164,0,1.34324054290428,1,5,134,6.9765426163326,6.9765426163326,1.85732520402936,0,0,0,0,0,0,0,0,0
2.2574449238538,0,0,0,1,-0.0779694080293102,-0.116798465299113,0,1.34324054290428,1,5,134,3.03660944403672,3.03660944403672,0.922967562540495,0,0,0,0,0,0,0,0,0
-1.71467244959129,0,0,0,0,-0.780240761015704,-0.0310213258726526,0,1.34324054290428,1,5,134,-0.395798004005832,1.70516431865307,-0.395798004005832,0,0,0,0,0,0,0,0,0
4.58888158620919,0,0,0,1,-0.0265595360124421,-2.28965296087562,0,1.34324054290428,1,5,134,6.1954434922442,6.1954434922442,-1.14706718900227,0,0,0,0,0,0,0,0,0
-3.32969571630532,0,0,0,0,-0.213893761328767,-0.784068477781475,0,1.34324054290428,1,5,134,-0.01615115654078,2.69861222130978,-0.01615115654078,0,0,0,0,0,0,0,0,0
-4.02850250546508,0,0,0,0,-0.541029520418234,-1.90363206790613,0,-2.48298164916527,0,6,135,-4.24725691092797,1.4765581390326,-4.24725691092797,0,0,0,0,0,0,0,0,0
3.42131632905637,0,0,0,1,1.08584268590007,1.20173695084409,0,-2.48298164916527,0,6,135,2.55065920073267,2.55065920073267,-0.993512498291372,0,0,0,0,0,0,0,0,0
-8.30517779477185,0,0,0,0,-2.11364182487229,-0.342195002131782,0,-2.48298164916527,0,6,135,-7.39248151983608,-5.17538410035211,-7.39248151983608,0,0,0,0,0,0,0,0,0
2.46263722960278,0,0,0,1,0.663726669084951,-0.932293160856425,0,-2.48298164916527,0,6,135,1.13142600585806,1.13142600585806,-1.8377445319216,0,0,0,0,0,0,0,0,0
-3.79203549524049,0,0,0,0,-0.00371763133579959,-0.704718237828443,1,-2.48298164916527,0,6,135,-3.1726331327631,2.42399466196492,-3.1726331327631,0,0,0,0,0,0,0,0,0
-5.66349859604995,0,0,0,0,-1.62479164319552,0.352753754426891,0,-2.48298164916527,0,6,135,-6.41478115648254,-4.19034594522027,-6.41478115648254,0,0,0,0,0,0,0,0,0
1.32205648931325,0,0,0,1,-0.757598671475255,-0.207646271690321,0,-1.83884008420501,1,5,136,0.0389405042269794,0.0389405042269794,-2.10417646991991,0,0,0,0,0,0,0,0,0
9.30488921346448,0,0,0,1,1.08812517333146,1.1256491063086,1,-1.83884008420501,1,5,136,9.28765250822578,9.28765250822578,2.92056659769244,0,0,0,0,0,0,0,0,0
2.35232338347253,0,0,0,1,0.337000598633429,0.322052859379629,0,-1.83884008420501,1,5,136,2.818439245602,2.818439245602,0.614721201367406,0,0,0,0,0,0,0,0,0
1.03906586286231,0,0,0,1,-0.670236611389296,0.560170129200525,0,-1.83884008420501,1,5,136,1.25215462479139,1.25215462479139,-1.16163594885715,0,0,0,0,0,0,0,0,0
-0.0395429902872999,0,0,0,1,-0.899598392223402,0.10618200128401,0,-1.83884008420501,1,5,136,0.0369269789548044,0.0369269789548044,-2.07434763844187,0,0,0,0,0,0,0,0,0
2.31900954447866,0,0,0,0,0.145438261630756,1.21791959186315,0,1.19739760373047,1,6,137,3.0750350937052,6.6583632259493,3.0750350937052,0,0,0,0,0,0,0,0,0
4.05135210904279,0,0,0,1,0.320060626429417,0.0365622562884452,0,1.19739760373047,1,6,137,4.34425928631272,4.34425928631272,2.24292248772782,0,0,0,0,0,0,0,0,0
7.68575003184385,0,0,0,1,0.661313612586119,-0.135317095678971,1,1.19739760373047,1,6,137,7.8718598244568,7.8718598244568,2.75354910807381,0,0,0,0,0,0,0,0,0
0.583777103148193,0,0,0,0,1.11017735783785,-2.78241207980012,1,1.19739760373047,1,6,137,1.00418161445612,13.8459985962738,1.00418161445612,0,0,0,0,0,0,0,0,0
0.519229225188134,0,0,0,0,-1.49466125575951,1.12657445694176,0,1.19739760373047,1,6,137,-0.296509075996728,3.07266093103689,-0.296509075996728,0,0,0,0,0,0,0,0,0
3.08371177275793,0,0,0,0,0.657454222366842,0.626455713445719,0,1.19739760373047,1,6,137,3.50760313675994,6.00004989766873,3.50760313675994,0,0,0,0,0,0,0,0,0
1.21423431986898,0,0,0,0,-0.468538631663042,-1.21295084747566,1,0.908606581789937,1,5,138,0.0244059687262648,6.59565572711818,0.0244059687262648,0,0,0,0,0,0,0,0,0
-2.3486720076211,0,0,0,0,-0.85496741498354,-1.71048979429574,0,0.908606581789937,1,5,138,-1.24599054473481,3.77978479165506,-1.24599054473481,0,0,0,0,0,0,0,0,0
4.69875857872532,0,0,0,1,0.298153949176708,0.0594178624940478,0,0.908606581789937,1,5,138,4.93369032275883,4.93369032275883,2.83015984037547,0,0,0,0,0,0,0,0,0
0.428715439385876,0,0,0,0,-0.739817044562549,-0.830137692594991,0,0.908606581789937,1,5,138,-0.135337702192083,2.65379088647485,-0.135337702192083,0,0,0,0,0,0,0,0,0
6.41140901517378,0,0,0,0,0.283133937547253,2.24155410275585,0,0.908606581789937,1,5,138,4.98225605737836,12.1068208529599,4.98225605737836,0,0,0,0,0,0,0,0,0
7.52241219345771,0,0,0,1,0.608003067964763,0.266944641630247,1,1.38102695504278,0,5,139,7.4800301270699,7.4800301270699,2.3087706853748,0,0,0,0,0,0,0,0,0
3.39515089110626,0,0,0,0,0.983657114066445,-0.530020906023608,0,1.38102695504278,0,5,139,3.06007877757816,5.44100093840024,3.06007877757816,0,0,0,0,0,0,0,0,0
10.499049487602,0,0,0,1,1.91363667408464,0.81066764301811,1,1.38102695504278,0,5,139,10.6772199250511,10.6772199250511,4.92003789761454,0,0,0,0,0,0,0,0,0
4.51509102444121,0,0,0,0,1.04104194426608,1.92546718169373,1,1.38102695504278,0,5,139,3.17484843797742,11.982272305757,3.17484843797742,0,0,0,0,0,0,0,0,0
5.7907207118544,0,0,0,1,0.560716303140416,1.06410016722881,0,1.38102695504278,0,5,139,5.44650632162249,5.44650632162249,2.2141971557261,0,0,0,0,0,0,0,0,0
-1.06462994987298,0,0,0,0,-0.765321159199023,0.39034046712796,0,1.36801072425666,0,5,140,-0.402095660079264,1.85027002019841,-0.402095660079264,0,0,0,0,0,0,0,0,0
2.8282428872666,0,0,0,1,-0.575197733624269,0.664878932230768,0,1.36801072425666,0,5,140,2.52021518559457,2.52021518559457,-0.0218488089297566,0,0,0,0,0,0,0,0,0
5.91825175286308,0,0,0,1,0.575942815898326,-0.882852336287529,0,1.36801072425666,0,5,140,5.15986053780378,5.15986053780378,2.28043229011543,0,0,0,0,0,0,0,0,0
0.653941687896218,0,0,0,0,-0.3550415392296,2.19894959913883,1,1.36801072425666,0,5,140,0.418463579859583,10.3538429194124,0.418463579859583,0,0,0,0,0,0,0,0,0
3.43083251000169,0,0,0,0,1.66814760283647,1.80721147716243,0,1.36801072425666,0,5,140,4.46484186399173,9.83085518717933,4.46484186399173,0,0,0,0,0,0,0,0,0
0.0541033195965777,0,0,0,0,-0.799852957914252,1.61393578448225,1,1.1438019655686,0,4,141,0.0920111477328958,7.79679986416524,0.0920111477328958,0,0,0,0,0,0,0,0,0
-0.313423321929996,0,0,0,0,-1.14342564674682,-0.713964802149942,0,1.1438019655686,0,4,141,-0.595134229932232,2.01461150877677,-0.595134229932232,0,0,0,0,0,0,0,0,0
3.10143418369162,0,0,0,0,0.874833363068349,1.80837451644912,0,1.1438019655686,0,4,141,3.4413837896981,8.81160218144069,3.4413837896981,0,0,0,0,0,0,0,0,0
4.3544782631637,0,0,0,1,0.962551915107775,-0.388331048879132,0,1.1438019655686,0,4,141,5.86762189730052,5.86762189730052,3.61682089377695,0,0,0,0,0,0,0,0,0
-0.909622619395916,0,0,0,0,-2.37010298565295,0.873224090405441,1,-0.248241494788565,1,6,142,-0.928605720635313,4.9339145914291,-0.928605720635313,0,0,0,0,0,0,0,0,0
0.526402525331133,0,0,0,0,-0.558015931066337,0.00177574289034274,1,-0.248241494788565,1,6,142,1.82412004102281,6.92412319428562,1.82412004102281,0,0,0,0,0,0,0,0,0
1.24092945311397,0,0,0,0,-0.671547590564112,-1.58185631012871,1,-0.248241494788565,1,6,142,0.0134246690082009,7.61569405490223,0.0134246690082009,0,0,0,0,0,0,0,0,0
4.18509624105937,0,0,0,1,-0.909258176446188,0.696314467805193,0,-0.248241494788565,1,6,142,4.40102811325278,4.40102811325278,1.81617427517796,0,0,0,0,0,0,0,0,0
11.0296970338914,0,0,0,1,0.642894686012672,0.606904756761883,1,-0.248241494788565,1,6,142,10.2994036728326,10.2994036728326,4.83107028905236,0,0,0,0,0,0,0,0,0
-0.345388858516372,0,0,0,0,-0.906576608840661,-1.28957862615294,1,-0.248241494788565,1,6,142,-0.164355683569122,6.59865734946138,-0.164355683569122,0,0,0,0,0,0,0,0,0
10.1952373292781,0,0,0,1,0.992518920946282,-1.37026498675526,1,-0.0184032562893536,1,5,143,10.5920603092227,10.5920603092227,3.61443417529525,0,0,0,0,0,0,0,0,0
4.70491161382936,0,0,0,1,-0.460010088117951,-0.164128828354338,0,-0.0184032562893536,1,5,143,4.04245058786468,4.04245058786468,1.91551231556771,0,0,0,0,0,0,0,0,0
2.19323460762425,0,0,0,0,0.664256401452369,-0.8015558552139,0,-0.0184032562893536,1,5,143,3.52661826784879,6.26911005687647,3.52661826784879,0,0,0,0,0,0,0,0,0
9.87199936514923,0,0,0,1,0.844880505094249,0.841026293836586,1,-0.0184032562893536,1,5,143,11.3377738511075,11.3377738511075,5.53044862418303,0,0,0,0,0,0,0,0,0
6.71319818796905,0,0,0,1,0.829622514817202,-0.331971260221094,0,-0.0184032562893536,1,5,143,6.53714000718404,6.53714000718404,4.32693508957126,0,0,0,0,0,0,0,0,0
4.21343970156596,0,0,0,1,-0.271170549379171,0.464300733052398,0,-0.617898655789828,1,5,144,4.85573605618018,4.85573605618018,2.54016088546718,0,0,0,0,0,0,0,0,0
2.34664447586366,0,0,0,0,-0.102052998475596,1.45581510617494,0,-0.617898655789828,1,5,144,3.86991036039687,8.08930798376404,3.86991036039687,0,0,0,0,0,0,0,0,0
8.88307709813061,0,0,0,1,0.322990926528423,0.45005351276646,1,-0.617898655789828,1,5,144,9.01678478134986,9.01678478134986,3.71423661699643,0,0,0,0,0,0,0,0,0
10.1220653708559,0,0,0,1,0.330300893022746,1.11226864000895,1,-0.617898655789828,1,5,144,10.7282132047749,10.7282132047749,4.39107167722756,0,0,0,0,0,0,0,0,0
7.42343000536237,0,0,0,1,-0.817917155990946,-0.938557606594525,1,-0.617898655789828,1,5,144,6.02469971349315,6.02469971349315,0.0438093325967072,0,0,0,0,0,0,0,0,0
7.6242671180875,0,0,0,1,-0.964707272172185,1.09271321855708,1,0.71027768771155,1,6,145,7.95282645856121,7.95282645856121,1.65880428055184,0,0,0,0,0,0,0,0,0
1.82211542398118,0,0,0,0,-0.152479577754145,0.422909716898165,0,0.71027768771155,1,6,145,2.61345616772901,4.89230879637589,2.61345616772901,0,0,0,0,0,0,0,0,0
10.1840462005795,0,0,0,1,0.758484421645442,-0.447440422069397,1,0.71027768771155,1,6,145,8.86523695886226,8.86523695886226,3.56503402756062,0,0,0,0,0,0,0,0,0
9.59525673510634,0,0,0,1,0.214216657482182,0.136708619413376,1,0.71027768771155,1,6,145,8.17933678733879,8.17933678733879,3.06064754071687,0,0,0,0,0,0,0,0,0
4.94536432244912,0,0,0,1,-0.14936209615694,0.356992982575722,0,0.71027768771155,1,6,145,4.78121838620929,4.78121838620929,2.55377439660098,0,0,0,0,0,0,0,0,0
2.17615013058246,0,0,0,0,-0.593943565333998,0.59673356688245,0,0.71027768771155,1,6,145,1.90435204255359,4.36044299239784,1.90435204255359,0,0,0,0,0,0,0,0,0
10.883014491108,0,0,0,1,0.245697457471233,1.45140415621939,1,-0.448542228029551,0,5,146,10.4967788093077,10.4967788093077,3.29020478461675,0,0,0,0,0,0,0,0,0
6.25696398526556,0,0,0,1,0.0444366322593544,1.54542607528049,0,-0.448542228029551,0,5,146,7.37602488834986,7.37602488834986,2.88768313419299,0,0,0,0,0,0,0,0,0
7.8840836436224,0,0,0,1,1.02462593886536,-0.149626959313777,0,-0.448542228029551,0,5,146,6.97044997435849,6.97044997435849,4.848061747405,0,0,0,0,0,0,0,0,0
4.54968896884781,0,0,0,0,0.431476647184455,0.896774061773724,0,-0.448542228029551,0,5,146,3.6617631640432,6.56596688191334,3.6617631640432,0,0,0,0,0,0,0,0,0
7.42756019541297,0,0,0,1,0.160651205997512,-0.538617497107203,1,-0.448542228029551,0,5,146,8.51022108985934,8.51022108985934,3.12011228166931,0,0,0,0,0,0,0,0,0
5.12681163038438,0,0,0,1,-1.66277126999036,0.491905641115956,1,-0.0921610382601047,1,5,147,5.49984060392375,5.49984060392375,0.157869444162054,0,0,0,0,0,0,0,0,0
10.7504883362602,0,0,0,1,0.0519738867881513,1.0770113233859,1,-0.0921610382601047,1,5,147,10.4324188306905,10.4324188306905,4.17246543998902,0,0,0,0,0,0,0,0,0
6.14832502165801,0,0,0,1,0.734392197640796,0.526706994822303,0,-0.0921610382601047,1,5,147,7.36441799152546,7.36441799152546,4.98699773313071,0,0,0,0,0,0,0,0,0
12.8608478028151,0,0,0,1,0.751483329960902,1.96422554598714,0,-0.0921610382601047,1,5,147,12.4168805444442,12.4168805444442,6.45869854893576,0,0,0,0,0,0,0,0,0
3.23211586218144,0,0,0,0,0.364315920373937,-0.91368955054927,0,-0.0921610382601047,1,5,147,2.80644863322542,5.74127722800835,2.80644863322542,0,0,0,0,0,0,0,0,0
2.05456063721671,0,0,0,0,-0.380941437256649,-0.0327444227119085,0,-0.487373881026345,1,4,148,1.96783940286811,4.06891160008685,1.96783940286811,0,0,0,0,0,0,0,0,0
7.05802556038256,0,0,0,1,-0.300473775834099,-0.0498049856939048,1,-0.487373881026345,1,4,148,7.21419469933118,7.21419469933118,2.11171416273122,0,0,0,0,0,0,0,0,0
9.38385877730921,0,0,0,1,0.0226763545047701,-2.20774230772989,1,-0.487373881026345,1,4,148,10.5742031987135,10.5742031987135,0.600077101372966,0,0,0,0,0,0,0,0,0
0.366636071100661,0,0,0,0,-0.696386665277056,-0.24382485314066,1,-0.487373881026345,1,4,148,1.12586851639854,6.28531907540761,1.12586851639854,0,0,0,0,0,0,0,0,0
2.54544457723204,0,0,0,0,-0.741806932226412,0.195378021180834,0,0.850540675391363,1,6,149,0.988344716232813,3.12651728739335,0.988344716232813,0,0,0,0,0,0,0,0,0
0.865907845779875,0,0,0,0,-0.177520966728823,-0.0272960530356442,0,0.850540675391363,1,6,149,1.89424257301151,3.99498764752284,1.89424257301151,0,0,0,0,0,0,0,0,0
6.29561800898056,0,0,0,1,-0.641410944155562,-0.590804411051124,1,0.850540675391363,1,6,149,5.85200411226002,5.85200411226002,0.402954260142556,0,0,0,0,0,0,0,0,0
6.87345000263554,0,0,0,1,0.343337380216123,0.699442063902432,0,0.850540675391363,1,6,149,6.25191658459558,6.25191658459558,3.66269738383948,0,0,0,0,0,0,0,0,0
4.14847623648406,0,0,0,1,-0.274334512942688,-1.34019332342517,0,0.850540675391363,1,6,149,4.28383635434767,4.28383635434767,0.387718210194252,0,0,0,0,0,0,0,0,0
0.0274618960588897,0,0,0,1,-2.59834545473942,0.523967163665484,0,0.850540675391363,1,6,149,-0.0216015977088979,-0.0216015977088979,-2.39614318630855,0,0,0,0,0,0,0,0,0
5.19916985336598,0,0,0,1,-0.112702400425772,-1.20406389533746,0,-0.117290784915714,1,4,150,5.10654403964007,5.10654403964007,1.55677417558485,0,0,0,0,0,0,0,0,0
9.30812710723712,0,0,0,1,0.113441659820492,1.56046383435562,0,-0.117290784915714,1,4,150,9.30863740410229,9.30863740410229,4.77359002577046,0,0,0,0,0,0,0,0,0
5.11087698560944,0,0,0,1,-0.301204069569914,-0.592531607162017,0,-0.117290784915714,1,4,150,4.24239683095801,4.24239683095801,1.79130312547201,0,0,0,0,0,0,0,0,0
8.6931530596097,0,0,0,1,0.36878588704088,0.260653036827369,1,-0.117290784915714,1,4,150,9.15240768829031,9.15240768829031,3.98446768268298,0,0,0,0,0,0,0,0,0
0.119218445263,0,0,0,0,-1.08445370095532,0.123054006644299,0,0.236746281076626,1,6,151,0.898097803130054,3.01324009168127,0.898097803130054,0,0,0,0,0,0,0,0,0
8.50302782220557,0,0,0,1,0.106947521189562,1.41138960484931,0,0.236746281076626,1,6,151,8.6612564623015,8.6612564623015,4.56923584562482,0,0,0,0,0,0,0,0,0
10.1924367026641,0,0,0,1,0.257639359877479,0.275339989079577,1,0.236746281076626,1,6,151,8.91038201681726,8.91038201681726,3.73456990723092,0,0,0,0,0,0,0,0,0
8.53271139160753,0,0,0,1,1.98789819118087,-0.929770413939728,0,0.236746281076626,1,6,151,8.95445018945606,8.95445018945606,5.98997716681841,0,0,0,0,0,0,0,0,0
1.70494734253621,0,0,0,0,-2.1292233496484,0.590258937224556,0,0.236746281076626,1,6,151,-0.724236563675864,1.7241690492976,-0.724236563675864,0,0,0,0,0,0,0,0,0
15.3188197334788,0,0,0,1,0.175459400007896,2.19218265109836,1,0.236746281076626,1,6,151,15.3927174252872,15.3927174252872,5.48705264951054,0,0,0,0,0,0,0,0,0
13.2185537930486,0,0,0,1,0.312586409842012,2.41749041780131,0,-1.25509693487914,1,6,152,12.4116548417035,12.4116548417035,4.46739492154232,0,0,0,0,0,0,0,0,0
5.19048582334762,0,0,0,1,-0.12417351875534,0.936492375040672,0,-1.25509693487914,1,6,152,5.0898949900963,5.0898949900963,2.11287702158698,0,0,0,0,0,0,0,0,0
0.397373332286323,0,0,0,0,0.152484221729637,-0.118270440746183,0,-1.25509693487914,1,6,152,1.61142968677008,3.72541758392438,1.61142968677008,0,0,0,0,0,0,0,0,0
2.01264118908547,0,0,0,0,-0.167460250309882,1.54889623853328,0,-1.25509693487914,1,6,152,2.63870742197051,7.13778697971305,2.63870742197051,0,0,0,0,0,0,0,0,0
0.460005859364653,0,0,0,1,-0.806467294985194,-0.425388965674912,0,-1.25509693487914,1,6,152,1.66736390052966,1.66736390052966,-0.613591871588308,0,0,0,0,0,0,0,0,0
5.94395680988173,0,0,0,1,0.869486602796171,0.395705427627269,0,-1.25509693487914,1,6,152,5.81599310273028,5.81599310273028,3.5594103172766,0,0,0,0,0,0,0,0,0
1.35925479904689,0,0,0,0,-0.275747879546466,-2.47163226153146,0,-1.17627580337129,0,5,153,1.06487947531031,9.2738455115534,1.06487947531031,0,0,0,0,0,0,0,0,0
2.88679246524774,0,0,0,1,-2.0937657457321,-0.645414774654638,1,-1.17627580337129,0,5,153,2.94540397428153,2.94540397428153,-2.57115625706097,0,0,0,0,0,0,0,0,0
1.93715525616567,0,0,0,0,-0.753123745675191,-0.155219438425658,1,-1.17627580337129,0,5,153,0.110127743052856,5.23422081711803,0.110127743052856,0,0,0,0,0,0,0,0,0
5.42815833989748,0,0,0,1,-0.233132352831744,1.59363520222529,0,-1.17627580337129,0,5,153,5.7897836865114,5.7897836865114,1.15011052873975,0,0,0,0,0,0,0,0,0
1.89812990551787,0,0,0,0,0.0108952088598258,-0.452681926441851,1,-1.17627580337129,0,5,153,1.63816565212289,6.94308657865,1.63816565212289,0,0,0,0,0,0,0,0,0
9.01427001335912,0,0,0,1,0.105151323409252,1.56821358450498,0,0.3660994936137,1,5,154,9.20378123872522,9.20378123872522,4.64448739209927,0,0,0,0,0,0,0,0,0
2.73760283650442,0,0,0,0,0.302367486032038,-1.31895180478277,0,0.3660994936137,1,5,154,2.1517543280571,5.99138819139682,2.1517543280571,0,0,0,0,0,0,0,0,0
-0.789277941959869,0,0,0,0,-1.01784406518178,-1.03761870734261,0,0.3660994936137,1,5,154,-0.207335676930384,2.96931690489696,-0.207335676930384,0,0,0,0,0,0,0,0,0
3.80694968620049,0,0,0,1,-1.48778940720638,-0.593303280326798,1,0.3660994936137,1,5,154,4.74909784848277,4.74909784848277,-0.702910933963771,0,0,0,0,0,0,0,0,0
6.69676948859074,0,0,0,1,1.04494009040938,0.418989966087206,0,0.3660994936137,1,5,154,7.65039389936352,7.65039389936352,5.37484130768176,0,0,0,0,0,0,0,0,0
9.70107111353372,0,0,0,1,1.00621624536142,1.38254453391535,1,-1.57661449501197,1,4,155,10.9206931470155,10.9206931470155,3.90926375875632,0,0,0,0,0,0,0,0,0
2.42706451194021,0,0,0,0,0.413825513461946,-0.320250048632552,0,-1.57661449501197,1,4,155,1.02168771240948,3.22424780605863,1.02168771240948,0,0,0,0,0,0,0,0,0
10.2345532817267,0,0,0,1,0.952144413944751,1.52745210493048,1,-1.57661449501197,1,4,155,11.3791375997947,11.3791375997947,3.94602766693812,0,0,0,0,0,0,0,0,0
4.28251789462627,0,0,0,1,0.478878023091638,0.0541157857842695,0,-1.57661449501197,1,4,155,3.62908708435673,3.62908708435673,1.52615856608568,0,0,0,0,0,0,0,0,0
3.22665565785191,0,0,0,1,-0.352942167062714,-0.208581743650726,0,0.511014916897479,1,5,156,3.96790402071649,3.96790402071649,1.82439767693211,0,0,0,0,0,0,0,0,0
10.733391260411,0,0,0,1,1.39444577292068,-0.369507487012656,1,0.511014916897479,1,5,156,10.3947835964954,10.3947835964954,5.15824781353696,0,0,0,0,0,0,0,0,0
7.33819747082791,0,0,0,1,1.04983627527851,-0.803447220120533,0,0.511014916897479,1,5,156,6.78061652066416,6.78061652066416,4.03508908514475,0,0,0,0,0,0,0,0,0
5.35383004207157,0,0,0,1,-1.04463667643161,-1.93216647395198,0,0.511014916897479,1,5,156,4.55069121095708,4.55069121095708,-1.28257607210693,0,0,0,0,0,0,0,0,0
3.86624717467994,0,0,0,0,0.186564667815888,0.425198273803227,0,0.511014916897479,1,5,156,3.53719136414327,5.81798493618851,3.53719136414327,0,0,0,0,0,0,0,0,0
0.01321741149689,0,0,0,0,-0.708221260551452,-1.40974260340223,0,0.628744474823971,1,4,157,-0.221504739126807,3.8658694687205,-0.221504739126807,0,0,0,0,0,0,0,0,0
3.20818241591557,0,0,0,0,-0.649300370326759,0.37411536158895,0,0.628744474823971,1,4,157,1.68019500631376,3.92015731009059,1.68019500631376,0,0,0,0,0,0,0,0,0
5.33083721304013,0,0,0,1,-0.098635341980509,-1.06786593441789,0,0.628744474823971,1,4,157,4.57988142088962,4.57988142088962,1.33954376699942,0,0,0,0,0,0,0,0,0
11.8171204179119,0,0,0,1,0.953441574970199,0.757761744770051,1,0.628744474823971,1,4,157,10.9435281419257,10.9435281419257,5.26932528008878,0,0,0,0,0,0,0,0,0
0.213737422960758,0,0,0,0,-0.145629667338558,0.520230249802756,0,1.17067416985864,1,4,158,1.85849290315143,4.22913241596126,1.85849290315143,0,0,0,0,0,0,0,0,0
7.70286731898137,0,0,0,1,0.698447455677343,1.02580189822486,0,1.17067416985864,1,4,158,7.20448833200706,7.20448833200706,4.05221879760533,0,0,0,0,0,0,0,0,0
2.74513512755792,0,0,0,0,0.196171722558246,-0.195335758831405,1,1.17067416985864,1,4,158,1.82652967431087,6.96468573298912,1.82652967431087,0,0,0,0,0,0,0,0,0
2.76721945842972,0,0,0,1,-0.109795389583772,-0.481098757656341,0,1.17067416985864,1,4,158,3.26028846582038,3.26028846582038,0.928832451201902,0,0,0,0,0,0,0,0,0
5.07546883408699,0,0,0,1,-0.0338933564597098,-0.00831180124737518,0,-0.152748455648083,1,4,159,5.00063848117031,5.00063848117031,2.90056939513033,0,0,0,0,0,0,0,0,0
11.3239168001731,0,0,0,1,0.492764532436364,1.09351990648129,0,-0.152748455648083,1,4,159,8.35150266652198,8.35150266652198,5.05571688065114,0,0,0,0,0,0,0,0,0
6.90127178153432,0,0,0,1,-0.793902316031621,0.195676606129989,1,-0.152748455648083,1,4,159,6.72282921755042,6.72282921755042,1.58453988336387,0,0,0,0,0,0,0,0,0
-2.19051497717783,0,0,0,0,-2.00669545200104,-0.689575534110172,0,-0.152748455648083,1,4,159,-1.72629852881512,0.849215888428207,-1.72629852881512,0,0,0,0,0,0,0,0,0
4.76642226047532,0,0,0,1,0.37734250354121,0.42482970657137,0,-0.123661428678076,1,5,160,6.4447028442966,6.4447028442966,4.16422256471109,0,0,0,0,0,0,0,0,0
3.90129909246966,0,0,0,0,0.472973828048101,-0.135920718933132,1,-0.123661428678076,1,5,160,3.79473478822037,8.91320923005567,3.79473478822037,0,0,0,0,0,0,0,0,0
4.69353222460255,0,0,0,0,1.27321811811812,-0.217847767556638,0,-0.123661428678076,1,5,160,5.31329631973689,7.4607539695663,5.31329631973689,0,0,0,0,0,0,0,0,0
10.9639752183593,0,0,0,1,3.08028417639472,-0.120879663300941,0,-0.123661428678076,1,5,160,11.1390084335456,11.1390084335456,9.0243965405458,0,0,0,0,0,0,0,0,0
1.40442962519885,0,0,0,0,-1.46561259367237,0.949790104718913,0,-0.123661428678076,1,5,160,1.00327276843148,4.00537401145344,1.00327276843148,0,0,0,0,0,0,0,0,0
6.55815959375275,0,0,0,1,-0.424090949913186,1.3597160384305,0,-0.881381405536307,1,4,161,6.68352866174412,6.68352866174412,2.73470095657898,0,0,0,0,0,0,0,0,0
11.9971139813545,0,0,0,1,1.99909974514172,0.657735820854595,1,-0.881381405536307,1,4,161,12.4117185391482,12.4117185391482,6.87910212911288,0,0,0,0,0,0,0,0,0
1.89735890823176,0,0,0,1,-0.422876149139155,-1.17310086021991,0,-0.881381405536307,1,4,161,3.68047928772531,3.68047928772531,0.204313659476627,0,0,0,0,0,0,0,0,0
1.40285411311597,0,0,0,1,-1.14316036307494,0.213909753470406,0,-0.881381405536307,1,4,161,2.29651322792513,2.29651322792513,0.150755845295361,0,0,0,0,0,0,0,0,0
8.43358628717546,0,0,0,1,0.225872039626221,-1.16971490324303,1,0.580457927613429,1,4,162,8.41333072514898,8.41333072514898,1.94509777028014,0,0,0,0,0,0,0,0,0
7.19039820960893,0,0,0,1,0.212395597530597,1.46716704417163,0,0.580457927613429,1,4,162,8.80760596900687,8.80760596900687,4.55502683350355,0,0,0,0,0,0,0,0,0
5.1391868218019,0,0,0,1,-0.148809630054613,0.696420773677461,0,0.580457927613429,1,4,162,5.64687200184847,5.64687200184847,3.06187010783896,0,0,0,0,0,0,0,0,0
4.93526862626631,0,0,0,1,0.0399552042870841,-0.539995466928325,0,0.580457927613429,1,4,162,4.59457864021971,4.59457864021971,2.20298353591657,0,0,0,0,0,0,0,0,0
6.69134286664534,0,0,0,1,-0.366531379595566,0.195823269443018,1,0.713352729232979,0,5,163,6.89641187736008,6.89641187736008,1.75806512450473,0,0,0,0,0,0,0,0,0
3.21117188348958,0,0,0,0,-0.338964102361675,-0.357736600185178,0,0.713352729232979,0,5,163,1.81319967897251,4.04117515408456,1.81319967897251,0,0,0,0,0,0,0,0,0
1.96171100685303,0,0,0,0,0.0408131495651931,0.399902441500799,1,0.713352729232979,0,5,163,2.57275418282625,7.83267614554455,2.57275418282625,0,0,0,0,0,0,0,0,0
10.6142981656864,0,0,0,1,1.73041041106294,-0.983367128992693,0,0.713352729232979,0,5,163,9.01895961620508,9.01895961620508,5.95194870582175,0,0,0,0,0,0,0,0,0
1.57400634032323,0,0,0,0,-0.538237138678638,0.128103015497733,0,0.713352729232979,0,5,163,1.41465360633858,3.5310639889182,1.41465360633858,0,0,0,0,0,0,0,0,0
3.46862342445205,0,0,0,1,-1.12931700233865,-1.74466389768791,1,1.75640373608327,1,4,164,4.0556001294031,4.0556001294031,-4.08825198649246,0,0,0,0,0,0,0,0,0
7.27232342325874,0,0,0,1,0.15833121475337,1.35108714728751,0,1.75640373608327,1,4,164,5.50823197223248,5.50823197223248,1.58279549266699,0,0,0,0,0,0,0,0,0
3.25543854695649,0,0,0,1,-0.851027385958649,0.356759298283627,1,1.75640373608327,1,4,164,3.7970276391509,3.7970276391509,-1.43024955776093,0,0,0,0,0,0,0,0,0
-1.30411031919851,0,0,0,0,-0.537648856843361,0.0828628538159101,1,1.75640373608327,1,4,164,-1.07738894399807,4.02947730854445,-1.07738894399807,0,0,0,0,0,0,0,0,0
-2.86234236468936,0,0,0,0,-2.23946335519304,-0.116433548647085,0,0.180791409585065,1,5,165,-1.62804579281293,0.485510978437623,-1.62804579281293,0,0,0,0,0,0,0,0,0
1.68350730200207,0,0,0,1,-0.789288347898787,-0.583817503423023,0,0.180791409585065,1,5,165,3.24576314430274,3.24576314430274,0.804920266999647,0,0,0,0,0,0,0,0,0
13.3046095333633,0,0,0,1,1.92405786168101,-1.14432720192154,1,0.180791409585065,1,5,165,12.0805877327183,12.0805877327183,5.67110298766073,0,0,0,0,0,0,0,0,0
3.72988198971398,0,0,0,0,-0.0271924139257004,1.2331240153111,0,0.180791409585065,1,5,165,4.14605365367994,7.7666484908169,4.14605365367994,0,0,0,0,0,0,0,0,0
1.43272415526029,0,0,0,0,-1.39642003411608,-0.118009445398024,0,0.180791409585065,1,5,165,0.0564649525900524,2.1703911817932,0.0564649525900524,0,0,0,0,0,0,0,0,0
12.160237632137,0,0,0,1,1.08055903619553,-1.10380199719399,1,0.528856931910071,0,4,166,11.1998072669712,11.1998072669712,4.88142841796172,0,0,0,0,0,0,0,0,0
7.68397917471742,0,0,0,1,-0.00381322317212245,-0.502486275113276,1,0.528856931910071,0,4,166,8.06517635590364,8.06517635590364,2.71268389922642,0,0,0,0,0,0,0,0,0
7.66629423975147,0,0,0,1,-0.139771099958717,-0.772445995359152,1,0.528856931910071,0,4,166,8.13744096139962,8.13744096139962,2.44076814565323,0,0,0,0,0,0,0,0,0
7.45334920154526,0,0,0,1,0.27823359951157,0.845338021427722,1,0.528856931910071,0,4,166,9.09137391506514,9.09137391506514,3.27677754459381,0,0,0,0,0,0,0,0,0
1.46568412141918,0,0,0,0,-0.581928820284238,1.9179531268111,0,0.267053103988777,0,5,167,1.76482499908148,7.54336919572594,1.76482499908148,0,0,0,0,0,0,0,0,0
9.19927816139818,0,0,0,1,0.69331556175809,1.61547444172944,0,0.267053103988777,0,5,167,9.02507143504719,9.02507143504719,4.31531376316614,0,0,0,0,0,0,0,0,0
0.188927440319646,0,0,0,0,-0.698360212708871,-0.349062640780538,1,0.267053103988777,0,5,167,1.53196221423222,6.7538069414209,1.53196221423222,0,0,0,0,0,0,0,0,0
-0.741282745725404,0,0,0,0,-1.51628193152485,-0.356694763152224,1,0.267053103988777,0,5,167,-0.103881223399734,5.12334993066049,-0.103881223399734,0,0,0,0,0,0,0,0,0
2.91599586656687,0,0,0,0,-0.59775010748382,-0.158036825516249,0,0.267053103988777,0,5,167,1.73318242468232,3.85815806290157,1.73318242468232,0,0,0,0,0,0,0,0,0
5.05391285281799,0,0,0,1,-0.282547794417218,-1.35167231566714,0,-0.0731141254794406,1,5,168,5.00490446909478,5.00490446909478,1.0778864201538,0,0,0,0,0,0,0,0,0
4.10738923122356,0,0,0,0,0.219605696182274,0.00287628806027363,0,-0.0731141254794406,1,5,168,3.4367420050802,5.5367502781132,3.4367420050802,0,0,0,0,0,0,0,0,0
3.2467879676245,0,0,0,0,0.32319117468863,-0.573503231206549,1,-0.0731141254794406,1,5,168,3.06753344282609,8.49643939903044,3.06753344282609,0,0,0,0,0,0,0,0,0
2.83820457535785,0,0,0,0,0.0848007850959203,0.179279179155461,0,-0.0731141254794406,1,5,168,3.34353507400268,5.47567609808134,3.34353507400268,0,0,0,0,0,0,0,0,0
10.462313874237,0,0,0,1,1.3696957330414,0.891828581090074,0,-0.0731141254794406,1,5,168,9.52123258987738,9.52123258987738,6.62587437182824,0,0,0,0,0,0,0,0,0
5.07612506881075,0,0,0,1,-0.541488607457161,0.42678443414752,0,-0.147030859848074,1,4,169,4.60433409871615,4.60433409871615,2.32218914548553,0,0,0,0,0,0,0,0,0
8.17012392464062,0,0,0,1,-0.389967481660805,-0.643615367384758,1,-0.147030859848074,1,4,169,7.06907233667978,7.06907233667978,1.55483159554597,0,0,0,0,0,0,0,0,0
3.89519530431492,0,0,0,1,-0.918052101760089,0.270161235131811,0,-0.147030859848074,1,4,169,3.58542605083191,3.58542605083191,1.41243895786397,0,0,0,0,0,0,0,0,0
5.20839515156307,0,0,0,1,-0.0347730295065793,-0.653916948344266,0,-0.147030859848074,1,4,169,4.78252629422679,4.78252629422679,2.25491891889491,0,0,0,0,0,0,0,0,0
10.9295028443169,0,0,0,1,1.76659184736437,-2.1052789319266,0,-0.114464246840862,1,5,170,10.9470020802113,10.9470020802113,4.4148026989973,0,0,0,0,0,0,0,0,0
3.90591695128226,0,0,0,0,1.20603342672549,0.498958301851746,0,-0.114464246840862,1,5,170,5.89792309149788,8.24688247848466,5.89792309149788,0,0,0,0,0,0,0,0,0
1.44559462695383,0,0,0,0,-1.16687639018586,0.547139457221774,1,-0.114464246840862,1,5,170,1.20028461304521,6.59964619869415,1.20028461304521,0,0,0,0,0,0,0,0,0
2.68195826359909,0,0,0,0,-0.469641225571158,0.471869014299466,0,-0.114464246840862,1,5,170,2.5194844993523,4.84214486600825,2.5194844993523,0,0,0,0,0,0,0,0,0
7.30756351753578,0,0,0,1,0.423356158688278,0.928875401456992,0,-0.114464246840862,1,5,170,7.72529516646059,7.72529516646059,4.7624856550287,0,0,0,0,0,0,0,0,0
1.95676555366253,0,0,0,0,-0.0112500104720637,1.77655394812036,0,0.959502982019857,0,5,171,2.05685400655087,7.31299793713291,2.05685400655087,0,0,0,0,0,0,0,0,0
-3.19910139626664,0,0,0,0,-2.24494842462996,-0.482674129693889,1,0.959502982019857,0,5,171,-2.41054282176492,2.92243149371083,-2.41054282176492,0,0,0,0,0,0,0,0,0
2.97130833280725,0,0,0,0,-0.334023039969492,-1.07037366031676,0,0.959502982019857,0,5,171,1.41130794755602,4.65700772025592,1.41130794755602,0,0,0,0,0,0,0,0,0
3.59712071051661,0,0,0,0,1.12287963469823,-0.609736518430237,1,0.959502982019857,0,5,171,4.32511329689147,9.79689191879889,4.32511329689147,0,0,0,0,0,0,0,0,0
3.65763066167339,0,0,0,1,-0.084634827279883,0.0985187960849393,0,0.959502982019857,0,5,171,4.01979032611726,4.01979032611726,1.91008437293524,0,0,0,0,0,0,0,0,0
4.39423835351092,0,0,0,0,1.11091545140132,1.03267328889708,0,0.662066737615452,0,6,172,4.78349853774588,7.94991265934739,4.78349853774588,0,0,0,0,0,0,0,0,0
-0.36573486880856,0,0,0,0,-2.14190877279255,0.128144226537131,0,0.662066737615452,0,6,172,-1.72214991064188,0.394271032152922,-1.72214991064188,0,0,0,0,0,0,0,0,0
1.02953483434045,0,0,0,0,-0.599449371657806,-1.5832852730171,1,0.662066737615452,0,6,172,1.36276889162762,8.96956114738046,1.36276889162762,0,0,0,0,0,0,0,0,0
4.97168561554505,0,0,0,1,-0.283270922337829,0.324494261059562,0,0.662066737615452,0,6,172,4.20042231572817,4.20042231572817,1.99512579026757,0,0,0,0,0,0,0,0,0
8.92442569158777,0,0,0,1,0.200802923666831,-0.332236840099297,1,0.662066737615452,0,6,172,8.17365480019606,8.17365480019606,2.96327348227689,0,0,0,0,0,0,0,0,0
5.65788370269757,0,0,0,0,1.37090315571835,0.531301545041605,1,0.662066737615452,0,6,172,5.30347394637994,10.6857552781435,5.30347394637994,0,0,0,0,0,0,0,0,0
4.06568676196878,0,0,0,1,-0.950044994022798,-0.712393085646851,0,-0.340091810045974,1,5,173,2.87935839552465,2.87935839552465,0.271854487047206,0,0,0,0,0,0,0,0,0
7.74672497163335,0,0,0,1,0.163754627325247,0.810573035012385,0,-0.340091810045974,1,5,173,6.77944849549172,6.77944849549172,4.02241985040253,0,0,0,0,0,0,0,0,0
1.327239723273,0,0,0,1,-0.703692214311574,-0.0517201702875848,0,-0.340091810045974,1,5,173,3.5279079378435,3.5279079378435,1.42523296182892,0,0,0,0,0,0,0,0,0
1.10288115752834,0,0,0,0,-1.97159704548097,0.408316825070026,0,-0.340091810045974,1,5,173,-0.65053970515226,1.61618292448301,-0.65053970515226,0,0,0,0,0,0,0,0,0
1.35009597898372,0,0,0,0,-0.456518543770451,-1.24223373221355,0,-0.340091810045974,1,5,173,0.729066740985202,4.37221138643441,0.729066740985202,0,0,0,0,0,0,0,0,0
-0.917973614536124,0,0,0,0,0.135010478459527,-2.49068707911421,1,1.38239992896629,1,5,174,-1.13169568580116,10.1718264402653,-1.13169568580116,0,0,0,0,0,0,0,0,0
1.78043351853704,0,0,0,0,0.260677579767773,-0.120188829558033,0,1.38239992896629,1,5,174,1.49013676637151,3.60458212112204,1.49013676637151,0,0,0,0,0,0,0,0,0
0.851394957702069,0,0,0,1,-1.11171649504749,-0.308587833391328,0,1.38239992896629,1,5,174,0.752176063824837,0.752176063824837,-1.44305038709232,0,0,0,0,0,0,0,0,0
3.06878678938213,0,0,0,1,-0.81177446428531,0.193430165029098,0,1.38239992896629,1,5,174,1.79626690159566,1.79626690159566,-0.341148327147527,0,0,0,0,0,0,0,0,0
9.57303491361347,0,0,0,1,1.13235826152335,0.488880167068279,1,1.38239992896629,1,5,174,9.18157094426168,9.18157094426168,3.84256712650897,0,0,0,0,0,0,0,0,0
4.33563883921133,0,0,0,1,-0.951544239653582,-1.11795648087027,1,-1.57427787986962,1,6,175,3.85043088989562,3.85043088989562,-2.49939580322422,0,0,0,0,0,0,0,0,0
1.97766125860026,0,0,0,1,-1.13530246555336,-2.25288667684826,0,-1.57427787986962,1,6,175,3.17365592771862,3.17365592771862,-4.00184245100176,0,0,0,0,0,0,0,0,0
3.16448647674504,0,0,0,1,0.561831723321021,-0.26967396711774,0,-1.57427787986962,1,6,175,3.54836268501853,3.54836268501853,1.37563863647751,0,0,0,0,0,0,0,0,0
3.52116685350127,0,0,0,1,-0.560364347761249,0.692424282826776,0,-1.57427787986962,1,6,175,2.67279613170567,2.67279613170567,0.0933447442574905,0,0,0,0,0,0,0,0,0
16.7798889157742,0,0,0,1,2.64396308583386,1.68437243001266,1,-1.57427787986962,1,6,175,15.4310582416203,15.4310582416203,7.4939477586336,0,0,0,0,0,0,0,0,0
3.0685502539815,0,0,0,1,-0.0273010823927439,-0.552737608466594,0,-1.57427787986962,1,6,175,2.3198282475145,2.3198282475145,-0.0856906162988701,0,0,0,0,0,0,0,0,0
6.26494226404674,0,0,0,1,0.0370182645133034,-0.780678624127511,0,-0.106979429585273,1,5,176,4.99137242071433,4.99137242071433,2.28191330654471,0,0,0,0,0,0,0,0,0
5.12811310349746,0,0,0,1,-0.334185115385615,-0.801944014346328,0,-0.106979429585273,1,5,176,4.26135535867396,4.26135535867396,1.51824115652805,0,0,0,0,0,0,0,0,0
5.78673113241896,0,0,0,1,-0.260368090980035,-1.65616822484468,0,-0.106979429585273,1,5,176,5.65454418382603,5.65454418382603,0.811650994840864,0,0,0,0,0,0,0,0,0
10.4683438669666,0,0,0,1,1.11980063623499,-0.0909622995793687,1,-0.106979429585273,1,5,176,10.245468514481,10.245468514481,5.13719437453622,0,0,0,0,0,0,0,0,0
3.31308806761367,0,0,0,0,-0.576490853229129,-0.0737104131486793,0,-0.106979429585273,1,5,176,1.76186328203867,3.86729650704522,1.76186328203867,0,0,0,0,0,0,0,0,0
8.26359010629494,0,0,0,1,1.06606861837797,0.660613760584265,0,0.541846999774026,1,5,177,8.03556336684938,8.03556336684938,5.49915282617609,0,0,0,0,0,0,0,0,0
4.31143224299081,0,0,0,0,0.233882773610858,0.135817653784859,1,0.541846999774026,1,5,177,3.30998502984246,8.42843146492209,3.30998502984246,0,0,0,0,0,0,0,0,0
3.81061858326841,0,0,0,0,0.50283114994456,0.170471620281638,0,0.541846999774026,1,5,177,3.88253574900664,6.01159632232809,3.88253574900664,0,0,0,0,0,0,0,0,0
0.944040254802364,0,0,0,0,-0.242088675134242,-1.27770269734382,0,0.541846999774026,1,5,177,0.94452178122358,4.67704596402326,0.94452178122358,0,0,0,0,0,0,0,0,0
0.0246290437311304,0,0,0,0,-1.86614500672911,0.174146012484535,1,0.541846999774026,1,5,177,-0.851742172137807,4.27858466152646,-0.851742172137807,0,0,0,0,0,0,0,0,0
11.7414856734137,0,0,0,1,1.81536410234899,-1.48310214671916,1,1.24381444987866,1,5,178,10.9001436498549,10.9001436498549,3.60055167225186,0,0,0,0,0,0,0,0,0
-1.82881075183625,0,0,0,0,-0.647209093740316,0.143186423162996,0,1.24381444987866,1,5,178,0.301693849955415,2.42219620173363,0.301693849955415,0,0,0,0,0,0,0,0,0
2.80975628156062,0,0,0,1,-0.178358103045762,-0.0888927703411387,0,1.24381444987866,1,5,178,3.11521856245931,3.11521856245931,1.00731663784039,0,0,0,0,0,0,0,0,0
3.43443106974462,0,0,0,0,1.22040154340803,-0.114050436881865,0,1.24381444987866,1,5,178,3.77967826420724,5.89268576636019,3.77967826420724,0,0,0,0,0,0,0,0,0
5.07073326330032,0,0,0,0,0.262684532551213,1.58736847758442,1,1.24381444987866,1,5,178,3.5656631569599,11.1854018405886,3.5656631569599,0,0,0,0,0,0,0,0,0
2.0382496243958,0,0,0,1,-0.43328334456058,-0.611513731987243,0,-1.44562489521185,1,5,179,1.90603728564429,1.90603728564429,-0.567911758764677,0,0,0,0,0,0,0,0,0
0.393734165647127,0,0,0,1,-1.26546960814623,-0.468832145861706,0,-1.44562489521185,1,5,179,0.230200881182851,0.230200881182851,-2.08960269981044,0,0,0,0,0,0,0,0,0
8.03581805378198,0,0,0,0,3.2754679806114,1.01020210703393,1,-1.44562489521185,1,5,179,8.47130673060045,14.5918150276562,8.47130673060045,0,0,0,0,0,0,0,0,0
6.0095754000679,0,0,0,1,-0.419920821655523,0.320622074864051,1,-1.44562489521185,1,5,179,5.59374760878686,5.59374760878686,0.390949093896731,0,0,0,0,0,0,0,0,0
8.73090117217436,0,0,0,1,0.191032776606869,0.729247702979202,1,-1.44562489521185,1,5,179,7.65328413083711,7.65328413083711,2.02148191853666,0,0,0,0,0,0,0,0,0
5.19549916294785,0,0,0,1,-0.434085456759493,1.35943893985282,0,0.795285201073068,1,4,180,6.80686370647616,6.80686370647616,2.858789475288,0,0,0,0,0,0,0,0,0
6.44915629882481,0,0,0,1,0.466943305575301,0.10825164242469,1,0.795285201073068,1,4,180,8.52137812061711,8.52137812061711,3.40965970252946,0,0,0,0,0,0,0,0,0
3.67688598003286,0,0,0,0,0.506230865984388,0.800701551231662,0,0.795285201073068,1,4,180,4.18068473215461,6.9218077062994,4.18068473215461,0,0,0,0,0,0,0,0,0
11.3044167608617,0,0,0,1,0.926688882200553,1.88421585168536,0,0.795285201073068,1,4,180,11.755384440783,11.755384440783,6.10511506504064,0,0,0,0,0,0,0,0,0
-0.793030997859498,0,0,0,1,-0.702571970857075,0.347673955691844,1,2.48032667948232,1,6,181,1.0113867564923,1.0113867564923,-4.20949042297411,0,0,0,0,0,0,0,0,0
-9.10396293706666,0,0,0,0,-1.51230653457171,-1.41174579319635,0,2.48032667948232,1,6,181,-7.58837929929157,-3.49535311468399,-7.58837929929157,0,0,0,0,0,0,0,0,0
-1.65940039321771,0,0,0,1,-1.87843297375491,-0.0440722667631407,1,2.48032667948232,1,6,181,-1.85101628652712,-1.85101628652712,-6.95295865122476,0,0,0,0,0,0,0,0,0
-1.74676641052321,0,0,0,1,0.430372614316718,0.127972664764506,0,2.48032667948232,1,6,181,-0.0469255406269337,-0.0469255406269337,-2.16330254355386,0,0,0,0,0,0,0,0,0
-2.9698005784795,0,0,0,0,-0.760816765652143,0.751614051333158,0,2.48032667948232,1,6,181,-3.92203991692293,-1.25711623476149,-3.92203991692293,0,0,0,0,0,0,0,0,0
-0.0392660081183647,0,0,0,1,-0.360018994903201,-0.791739907475918,1,2.48032667948232,1,6,181,1.06305374685585,1.06305374685585,-4.66379833423412,0,0,0,0,0,0,0,0,0
7.71400652715692,0,0,0,1,0.442077626673309,-1.79031111675224,0,-1.67356639090618,0,6,182,6.38854468334254,6.38854468334254,1.08333078857589,0,0,0,0,0,0,0,0,0
-3.14591191941359,0,0,0,0,-1.58546912115441,0.326543435049402,0,-1.67356639090618,0,6,182,-2.97176270707955,-0.765132092105683,-2.97176270707955,0,0,0,0,0,0,0,0,0
-2.52836172406997,0,0,0,0,-0.545591177472819,0.256526874156199,1,-1.67356639090618,0,6,182,-0.892006819716371,4.27379921744798,-0.892006819716371,0,0,0,0,0,0,0,0,0
6.33593438064665,0,0,0,1,0.865040933954349,-0.154818518522247,1,-1.67356639090618,0,6,182,7.05322617681539,7.05322617681539,1.92925740313797,0,0,0,0,0,0,0,0,0
6.77844267184826,0,0,0,1,2.19966702734437,-0.2699931390969,0,-1.67356639090618,0,6,182,6.7714058850774,6.7714058850774,4.598509589918,0,0,0,0,0,0,0,0,0
2.32541581737232,0,0,0,0,0.167235743447456,-0.570375016711761,0,-1.67356639090618,0,6,182,0.53364702212418,2.95897468181312,0.53364702212418,0,0,0,0,0,0,0,0,0
2.88385088186432,0,0,0,0,0.514548256025993,-0.0228611327242664,0,-0.0533438766292854,1,5,183,4.00338981015388,6.10391244154332,4.00338981015388,0,0,0,0,0,0,0,0,0
5.19054066768552,0,0,0,1,0.62988340043547,0.00782814202839215,0,-0.0533438766292854,1,5,183,6.36481065353311,6.36481065353311,4.26474937372549,0,0,0,0,0,0,0,0,0
1.33534578017853,0,0,0,1,-0.958923741852128,-0.165307237350075,0,-0.0533438766292854,1,5,183,3.04132619249214,3.04132619249214,0.913999709771828,0,0,0,0,0,0,0,0,0
3.88433388588169,0,0,0,1,-0.391354831751648,-0.172581990633306,0,-0.0533438766292854,1,5,183,4.17164732018051,4.17164732018051,2.04186277668956,0,0,0,0,0,0,0,0,0
6.56874038579066,0,0,0,1,0.157594410792851,-1.9223280380858,0,-0.0533438766292854,1,5,183,7.18536030033686,7.18536030033686,1.39001521432606,0,0,0,0,0,0,0,0,0
-0.405389462513554,0,0,0,0,-1.4707957480372,0.638157760694585,0,0.539021666565594,1,5,184,0.406021907593038,2.91326723512777,0.406021907593038,0,0,0,0,0,0,0,0,0
0.784424175831734,0,0,0,0,0.0542955615246777,-1.36723647488094,0,0.539021666565594,1,5,184,1.45081029114126,5.42014586938613,1.45081029114126,0,0,0,0,0,0,0,0,0
2.06980916622962,0,0,0,0,0.122168238475863,-0.0580268079921113,0,0.539021666565594,1,5,184,2.89576531193246,4.99913242237822,2.89576531193246,0,0,0,0,0,0,0,0,0
-0.232956385934335,0,0,0,0,-0.875850889050313,-0.493340292944,0,0.539021666565594,1,5,184,0.464413571928223,2.80779821657029,0.464413571928223,0,0,0,0,0,0,0,0,0
2.0662575145535,0,0,0,0,-0.278044960128644,-0.46539874376489,0,0.539021666565594,1,5,184,1.68796697895067,4.00456296964861,1.68796697895067,0,0,0,0,0,0,0,0,0
0.453194321600532,0,0,0,1,-1.5576475368647,-0.412414040800531,0,-0.874968593816536,0,5,185,1.38922022715474,1.38922022715474,-0.880865113894681,0,0,0,0,0,0,0,0,0
2.81017081957947,0,0,0,0,-0.119836981398809,2.05438465368202,0,-0.874968593816536,0,5,185,1.9947559970371,8.3152523023213,1.9947559970371,0,0,0,0,0,0,0,0,0
6.29867640042051,0,0,0,0,0.67493777089021,0.249992237606833,1,-0.874968593816536,0,5,185,3.58430550161513,8.74680162047881,3.58430550161513,0,0,0,0,0,0,0,0,0
5.99685334971603,0,0,0,1,-0.339700683981391,-0.97981891985139,0,-0.874968593816536,0,5,185,4.61507370757067,4.61507370757067,1.55502859187193,0,0,0,0,0,0,0,0,0
1.86465805682561,0,0,0,0,0.120311867017429,-1.32760142533347,0,-0.874968593816536,0,5,185,2.47505369386957,6.33757923841704,2.47505369386957,0,0,0,0,0,0,0,0,0
6.77032830670405,0,0,0,0,1.56294220257414,1.03710390528943,0,0.175824343634364,1,5,186,7.13207411062326,10.3076586209898,7.13207411062326,0,0,0,0,0,0,0,0,0
3.52746459801172,0,0,0,1,-0.564004017306942,-0.974625594797741,0,0.175824343634364,1,5,186,3.91634722080877,3.91634722080877,0.866452170773919,0,0,0,0,0,0,0,0,0
2.58933092454851,0,0,0,0,-1.16134158124486,1.30678755340868,0,0.175824343634364,1,5,186,1.95319019110451,5.76088390084836,1.95319019110451,0,0,0,0,0,0,0,0,0
4.98278718360217,0,0,0,1,-0.541250598128744,-0.148692582204821,0,0.175824343634364,1,5,186,3.86000150572597,3.86000150572597,1.73789202172324,0,0,0,0,0,0,0,0,0
9.13370815317618,0,0,0,1,0.204466685425346,0.740249539521748,1,0.175824343634364,1,5,186,9.76623809132014,9.76623809132014,4.11826871055799,0,0,0,0,0,0,0,0,0
-2.21778968715587,0,0,0,0,-1.01253673575339,0.125486586217191,0,0.244276974437271,1,5,187,1.04074187447019,3.15648875779063,1.04074187447019,0,0,0,0,0,0,0,0,0
5.14397858372161,0,0,0,1,0.0567184648478961,-2.06501834878095,0,0.244276974437271,1,5,187,7.35304812147661,7.35304812147661,0.988747340674617,0,0,0,0,0,0,0,0,0
7.137807064073,0,0,0,1,1.02654857995708,-0.337754848746357,0,0.244276974437271,1,5,187,6.86974940877925,6.86974940877925,4.65567107092758,0,0,0,0,0,0,0,0,0
0.132434053880567,0,0,0,0,-1.08619382600345,1.5237279393956,1,0.244276974437271,1,5,187,2.29166904714847,9.71341588044324,2.29166904714847,0,0,0,0,0,0,0,0,0
5.25327127949984,0,0,0,1,0.376143342752397,-0.573539328579901,0,0.244276974437271,1,5,187,5.54802347811255,5.54802347811255,3.11907611668467,0,0,0,0,0,0,0,0,0
12.8418900544306,0,0,0,1,0.376186372638589,1.08435957826836,1,-0.0938518536749154,1,5,188,11.1037598480896,11.1037598480896,4.82792415310732,0,0,0,0,0,0,0,0,0
8.47237402380918,0,0,0,1,0.679450558414839,0.387230404772421,0,-0.0938518536749154,1,5,188,6.98727073754409,6.98727073754409,4.73732335116388,0,0,0,0,0,0,0,0,0
8.07537582550202,0,0,0,1,0.0403116035588196,-0.211109347963496,1,-0.0938518536749154,1,5,188,8.0052728455135,8.0052728455135,2.86070568871593,0,0,0,0,0,0,0,0,0
14.1002959816851,0,0,0,1,1.1051124703012,1.09661529432809,1,-0.0938518536749154,1,5,188,12.6005971682465,12.6005971682465,6.29803206449227,0,0,0,0,0,0,0,0,0
2.70599465343432,0,0,0,0,0.196751811667744,-0.5170281364387,0,-0.0938518536749154,1,5,188,2.86766731645857,5.23498541032785,2.86766731645857,0,0,0,0,0,0,0,0,0
4.18854102494416,0,0,0,1,-0.148653470263909,-0.143074674411509,0,0.96061432631788,1,4,189,3.75730886359148,3.75730886359148,1.63683850113352,0,0,0,0,0,0,0,0,0
10.4172419083764,0,0,0,1,0.628634399617647,1.14004549919994,1,0.96061432631788,1,4,189,10.8742381547541,10.8742381547541,4.47453441450807,0,0,0,0,0,0,0,0,0
0.440023953946948,0,0,0,0,-0.518095646638887,0.00257579160966263,0,0.96061432631788,1,4,189,1.04360461440473,3.14361124910715,1.04360461440473,0,0,0,0,0,0,0,0,0
4.10948902703502,0,0,0,1,0.592452045028455,-0.460925694963558,0,0.96061432631788,1,4,189,5.11365100744383,5.11365100744383,2.8011985111662,0,0,0,0,0,0,0,0,0
1.20491906567348,0,0,0,0,-0.0147601132362637,-0.247125470695704,1,-0.935852874520998,1,4,190,1.84753370008255,7.00860469834913,1.84753370008255,0,0,0,0,0,0,0,0,0
10.4697519555197,0,0,0,1,0.476711404084523,-2.02722021651735,1,-0.935852874520998,1,4,190,10.2600037951591,10.2600037951591,1.05038198890248,0,0,0,0,0,0,0,0,0
4.59512052917231,0,0,0,1,0.708200889116713,0.150307328047202,0,-0.935852874520998,1,4,190,5.8134807963961,5.8134807963961,3.69088850353141,0,0,0,0,0,0,0,0,0
0.17192301412056,0,0,0,0,0.606264275350598,-0.736814671284253,0,-0.935852874520998,1,4,190,2.59989327666773,5.24278913648745,2.59989327666773,0,0,0,0,0,0,0,0,0
4.14418328625416,0,0,0,0,0.809666948404706,2.124130097409,0,0.252671328625176,0,4,191,4.5554910965002,11.167419767219,4.5554910965002,0,0,0,0,0,0,0,0,0
3.4451551761963,0,0,0,0,0.202552771825979,0.624632019386564,0,0.252671328625176,0,4,191,3.34126274334275,5.83142790298568,3.34126274334275,0,0,0,0,0,0,0,0,0
0.779915207910947,0,0,0,0,-1.47374468566634,0.120645028214315,0,0.252671328625176,0,4,191,-0.0113321716418982,2.10322305119093,-0.0113321716418982,0,0,0,0,0,0,0,0,0
2.3499115449393,0,0,0,0,-0.359069739328094,1.35943919756245,0,0.252671328625176,0,4,191,2.2180177210346,6.16609265290385,2.2180177210346,0,0,0,0,0,0,0,0,0
4.56675696858573,0,0,0,0,0.401002195520362,-0.322293995289287,0,-0.885659473350258,1,6,192,2.69531769301638,4.89919111241591,2.69531769301638,0,0,0,0,0,0,0,0,0
12.4913703345967,0,0,0,1,1.14516680403744,1.45911406151276,1,-0.885659473350258,1,6,192,13.1940688113568,13.1940688113568,5.96505496685258,0,0,0,0,0,0,0,0,0
12.094586962586,0,0,0,1,1.22225399010907,1.58312992141585,0,-0.885659473350258,1,6,192,10.8495455469811,10.8495455469811,6.24324519889894,0,0,0,0,0,0,0,0,0
2.7823688190866,0,0,0,0,0.0162946782938012,0.820890705742987,0,-0.885659473350258,1,6,192,3.06908735959553,5.84294891037075,3.06908735959553,0,0,0,0,0,0,0,0,0
2.39768527005162,0,0,0,0,-1.31618707685775,1.85708653039745,0,-0.885659473350258,1,6,192,1.44031967394689,6.98909005533052,1.44031967394689,0,0,0,0,0,0,0,0,0
6.68660265092543,0,0,0,1,0.0971032306117444,-0.953134200218239,1,-0.885659473350258,1,6,192,7.46514436189586,7.46514436189586,1.45667955827019,0,0,0,0,0,0,0,0,0
1.55196305326237,0,0,0,0,-0.322834696445103,0.17819286902208,0,1.04006740355749,0,5,193,1.27259040316698,3.4043431017373,1.27259040316698,0,0,0,0,0,0,0,0,0
9.21227374541092,0,0,0,1,0.045592875030173,0.0120584739872447,1,1.04006740355749,0,5,193,7.10959095291244,7.10959095291244,2.00944554611753,0,0,0,0,0,0,0,0,0
10.1652198051525,0,0,0,1,0.847411837085163,-1.376885253528,1,1.04006740355749,0,5,193,10.6088964716104,10.6088964716104,3.61308347022751,0,0,0,0,0,0,0,0,0
8.30736576860381,0,0,0,1,0.0719684552811339,0.817707144887373,1,1.04006740355749,0,5,193,7.83084168141931,7.83084168141931,2.06219670661946,0,0,0,0,0,0,0,0,0
1.31968186733736,0,0,0,0,0.134809925874393,-0.828043141010444,1,1.04006740355749,0,5,193,2.18787964780597,7.97353509118042,2.18787964780597,0,0,0,0,0,0,0,0,0
5.02955246116367,0,0,0,1,0.4304338753509,-0.431139103464357,0,1.18631633105685,1,4,194,4.3082631364413,4.3082631364413,2.02238220990525,0,0,0,0,0,0,0,0,0
5.64885376205162,0,0,0,1,0.197546275243763,0.765296999203015,0,1.18631633105685,1,4,194,5.43872260934749,5.43872260934749,2.75304311235835,0,0,0,0,0,0,0,0,0
7.45041557414624,0,0,0,1,0.353500665117919,-2.27331860337862,0,1.18631633105685,1,4,194,7.29431376199233,7.29431376199233,0.0263362895250312,0,0,0,0,0,0,0,0,0
-1.94161704106749,0,0,0,0,-1.87939646851622,-0.17128276142923,0,1.18631633105685,1,4,194,-2.33742213579386,-0.208084351431039,-2.33742213579386,0,0,0,0,0,0,0,0,0
4.51981854745585,0,0,0,1,0.220857290502901,0.123888208729402,1,1.83528968753773,1,5,195,5.31266284081506,5.31266284081506,0.197314552552883,0,0,0,0,0,0,0,0,0
-0.882055000775077,0,0,0,0,-1.47883411235704,-0.245040477321211,0,1.83528968753773,1,5,195,-3.57099693921762,-1.41095210369181,-3.57099693921762,0,0,0,0,0,0,0,0,0
9.20820506327869,0,0,0,1,2.44451266989609,0.81432886953272,0,1.83528968753773,1,5,195,8.09819747989701,8.09819747989701,5.33506597214257,0,0,0,0,0,0,0,0,0
4.1212614723853,0,0,0,1,0.136858098591627,0.784601841039815,0,1.83528968753773,1,5,195,3.40562985000381,3.40562985000381,0.690029801040746,0,0,0,0,0,0,0,0,0
-3.86149977042175,0,0,0,0,-1.71244890031403,0.109765334657865,0,1.83528968753773,1,5,195,-3.68342070315253,-1.57137227445997,-3.68342070315253,0,0,0,0,0,0,0,0,0
7.71593193896074,0,0,0,1,0.310154290881524,-2.28897811969523,0,1.07161259274385,1,5,196,7.52239774558411,7.52239774558411,0.182976913140614,0,0,0,0,0,0,0,0,0
8.93743196071955,0,0,0,1,0.20376223703251,0.717152251027995,0,1.07161259274385,1,5,196,5.59063052732033,5.59063052732033,2.97632317616581,0,0,0,0,0,0,0,0,0
9.74880446306129,0,0,0,1,1.02105419769021,0.509596244600243,1,1.07161259274385,1,5,196,9.76303942356413,9.76303942356413,4.40335109105345,0,0,0,0,0,0,0,0,0
6.53969828549194,0,0,0,0,0.68460091315106,1.02358946102905,1,1.07161259274385,1,5,196,4.24443773840397,10.3921731231337,4.24443773840397,0,0,0,0,0,0,0,0,0
8.30670005532044,0,0,0,1,0.937164362316605,-1.62103874107788,0,1.07161259274385,1,5,196,6.83270303470348,6.83270303470348,2.10493643462812,0,0,0,0,0,0,0,0,0
-0.28518845270911,0,0,0,0,-1.93449561743034,-0.179150374703724,0,0.427962660991946,1,5,197,-1.2312936487677,0.90080120798878,-1.2312936487677,0,0,0,0,0,0,0,0,0
1.19742636080041,0,0,0,0,-1.50888124829749,-0.0671235427812941,1,0.427962660991946,1,5,197,-0.268038078579587,4.83646749141592,-0.268038078579587,0,0,0,0,0,0,0,0,0
6.3502498732634,0,0,0,0,-0.0686056640859865,2.38367739226419,0,0.427962660991946,1,5,197,5.06331402488891,12.8452319352803,5.06331402488891,0,0,0,0,0,0,0,0,0
2.26198740637696,0,0,0,0,0.11942221726815,-1.06864773718151,0,0.427962660991946,1,5,197,1.98704465815148,5.22905264433465,1.98704465815148,0,0,0,0,0,0,0,0,0
9.1871933298294,0,0,0,1,0.620180595070028,-0.821830657004389,1,0.427962660991946,1,5,197,9.01078412272462,9.01078412272462,3.23537849393236,0,0,0,0,0,0,0,0,0
-2.1101425673439,0,0,0,0,-1.35971529619627,-1.40393498603973,1,-1.56107632133875,1,5,198,-3.5603248594768,3.51070858554957,-3.5603248594768,0,0,0,0,0,0,0,0,0
5.29426700404588,0,0,0,0,0.448492578414813,1.2903940638978,0,-1.56107632133875,1,5,198,2.7504199396829,6.51553677982559,2.7504199396829,0,0,0,0,0,0,0,0,0
0.868014505117964,0,0,0,0,-0.196410833577778,-0.401261132873768,1,-1.56107632133875,1,5,198,-0.231042081073852,5.02996841568129,-0.231042081073852,0,0,0,0,0,0,0,0,0
-2.64785180801707,0,0,0,0,-1.43701701237418,-1.57298959252763,1,-1.56107632133875,1,5,198,-3.88398289832052,3.6903133598797,-3.88398289832052,0,0,0,0,0,0,0,0,0
5.20684952555819,0,0,0,1,-0.433952777734917,1.20752433462073,0,-1.56107632133875,1,5,198,4.46077451680761,4.46077451680761,0.902659498106369,0,0,0,0,0,0,0,0,0
4.65908656146867,0,0,0,0,0.610237057457278,2.07390233207399,0,0.625627813348184,1,5,199,5.90296628615372,12.3040371691357,5.90296628615372,0,0,0,0,0,0,0,0,0
-1.00621336420308,0,0,0,0,-1.75941668275748,-0.371786635118757,1,0.625627813348184,1,5,199,-1.28203016146854,3.95619514058439,-1.28203016146854,0,0,0,0,0,0,0,0,0
8.76486203410287,0,0,0,1,2.01370584783215,-0.774222625469673,0,0.625627813348184,1,5,199,8.56119958314895,8.56119958314895,5.8617789093598,0,0,0,0,0,0,0,0,0
8.78963652483309,0,0,0,1,0.785902390049118,0.0724878619666327,1,0.625627813348184,1,5,199,9.35813697136253,9.35813697136253,4.25288248123004,0,0,0,0,0,0,0,0,0
4.71458017795559,0,0,0,1,0.117825401006682,0.0181352621747259,0,0.625627813348184,1,5,199,4.96270479108741,4.96270479108741,2.86237590335326,0,0,0,0,0,0,0,0,0
5.31837629251739,0,0,0,1,-0.246589470172976,-0.946877610779185,0,-0.26680542588788,1,5,200,4.48533552338655,4.48533552338655,1.48875831359165,0,0,0,0,0,0,0,0,0
3.39988087977233,0,0,0,1,-1.28576224505341,-1.22795865287053,0,-0.26680542588788,1,5,200,2.73721417489903,2.73721417489903,-0.870668278260566,0,0,0,0,0,0,0,0,0
10.1577801365979,0,0,0,1,-0.630261928072511,1.45084031307417,0,-0.26680542588788,1,5,200,7.32406893568707,7.32406893568707,3.11913132164593,0,0,0,0,0,0,0,0,0
5.20814529949164,0,0,0,0,0.277185411899583,-0.800221029866793,0,-0.26680542588788,1,5,200,2.68296465864916,5.42331835529023,2.68296465864916,0,0,0,0,0,0,0,0,0
0.942906743819536,0,0,0,0,-1.00477581294788,0.0454687458955135,1,-0.26680542588788,1,5,200,0.964731984716547,6.06679939156986,0.964731984716547,0,0,0,0,0,0,0,0,0
14.2072784255966,0,0,0,1,1.06222960831203,2.06783143016672,1,-0.438750946727567,0,6,201,14.3078836469551,14.3078836469551,4.93195682336972,0,0,0,0,0,0,0,0,0
5.716229254468,0,0,0,0,1.59607177853494,0.722084194790922,0,-0.438750946727567,0,6,201,5.99964116381554,8.62104674818239,5.99964116381554,0,0,0,0,0,0,0,0,0
-0.108956286938247,0,0,0,0,-2.27175925214292,-1.25486450658093,0,-0.438750946727567,0,6,201,-1.73602089754018,1.93866403233641,-1.73602089754018,0,0,0,0,0,0,0,0,0
2.52890488842911,0,0,0,0,-0.40059260479185,1.67997195186835,0,-0.438750946727567,0,6,201,2.00631239716196,6.92861815622632,2.00631239716196,0,0,0,0,0,0,0,0,0
2.74375850091315,0,0,0,0,-0.490381925912797,-0.222410464263348,1,-0.438750946727567,0,6,201,1.82673375492007,6.97620016953391,1.82673375492007,0,0,0,0,0,0,0,0,0
8.34660982554857,0,0,0,1,0.217384852780058,-1.61496550741693,0,-0.438750946727567,0,6,201,7.95038090245219,7.95038090245219,3.24226731230578,0,0,0,0,0,0,0,0,0
3.0852199444261,0,0,0,0,-0.587937100990183,0.709817196863423,0,1.26846394792625,1,6,202,0.92494220769441,3.52878266065746,0.92494220769441,0,0,0,0,0,0,0,0,0
4.03721273643806,0,0,0,0,0.929801769806186,-0.335127460776457,0,1.26846394792625,1,6,202,2.91547529164727,5.12778570661374,2.91547529164727,0,0,0,0,0,0,0,0,0
4.71660071523076,0,0,0,1,-1.4678002595324,-1.22022754535356,1,1.26846394792625,1,6,202,3.82412641083256,3.82412641083256,-2.76482885160702,0,0,0,0,0,0,0,0,0
7.42659318140061,0,0,0,1,0.57466902849456,-0.54088486828658,1,1.26846394792625,1,6,202,7.39200884225528,7.39200884225528,1.99945240151389,0,0,0,0,0,0,0,0,0
5.59909950383222,0,0,0,1,-0.370678402247084,1.03960018915387,0,1.26846394792625,1,6,202,4.87001115075981,4.87001115075981,1.68924259747105,0,0,0,0,0,0,0,0,0
-0.151954939395361,0,0,0,0,-1.32055157505215,-0.00856592245270584,1,1.26846394792625,1,6,202,-1.25866985974565,3.84140351528182,-1.25866985974565,0,0,0,0,0,0,0,0,0
2.66789813403762,0,0,0,1,-0.62354002113346,0.379346958104649,0,-1.36200273279477,1,5,203,2.52111958632057,2.52111958632057,0.277215471697317,0,0,0,0,0,0,0,0,0
8.31443338325179,0,0,0,1,0.657368716290421,-1.39802255341104,1,-1.36200273279477,1,5,203,8.11613049487531,8.11613049487531,1.06166343502939,0,0,0,0,0,0,0,0,0
6.66709250086929,0,0,0,1,0.559528394906441,-0.798332670791182,1,-1.36200273279477,1,5,203,7.20300772813387,7.20300772813387,1.46567267488129,0,0,0,0,0,0,0,0,0
8.90026241418842,0,0,0,1,1.32326621709496,-0.148825618846857,1,-1.36200273279477,1,5,203,8.7648044360278,8.7648044360278,3.64265537120265,0,0,0,0,0,0,0,0,0
3.33590167868957,0,0,0,1,0.440351597106374,-1.53154812967115,0,-1.36200273279477,1,5,203,4.93974329390037,4.93974329390037,0.494103620401191,0,0,0,0,0,0,0,0,0
4.09016472561003,0,0,0,1,0.298847365433688,0.451218835275284,0,-1.43768266320503,0,6,204,3.83436172809424,3.83436172809424,1.53076329078706,0,0,0,0,0,0,0,0,0
3.46383632248527,0,0,0,1,-1.16822704297664,-0.538991097759809,1,-1.43768266320503,0,6,204,3.98712587743072,3.98712587743072,-1.4033855260336,0,0,0,0,0,0,0,0,0
5.32282570105404,0,0,0,1,-0.155387477086392,0.650261190265771,1,-1.43768266320503,0,6,204,6.14513322131275,6.14513322131275,0.622293605746896,0,0,0,0,0,0,0,0,0
1.27864969540191,0,0,0,0,-0.0632056256711212,0.684395444239205,0,-1.43768266320503,0,6,204,0.806657308577438,3.37505443267282,0.806657308577438,0,0,0,0,0,0,0,0,0
4.53152233765191,0,0,0,0,2.32386276824359,1.66140457907053,1,-1.43768266320503,0,6,204,5.58079409640686,13.4410592717634,5.58079409640686,0,0,0,0,0,0,0,0,0
4.65431907923506,0,0,0,1,-0.0792945316166044,-1.46215203648803,0,-1.43768266320503,0,6,204,5.01236807449258,5.01236807449258,0.774479496686471,0,0,0,0,0,0,0,0,0
1.34710891733861,0,0,0,0,0.274514802706987,-0.560302225818313,0,-0.214619592557359,1,6,205,2.94266581008617,5.35660439434313,2.94266581008617,0,0,0,0,0,0,0,0,0
5.27330666935773,0,0,0,0,-0.0948759881131209,0.822325174017546,0,-0.214619592557359,1,6,205,3.58651162828182,6.36273032010481,3.58651162828182,0,0,0,0,0,0,0,0,0
10.5864683244376,0,0,0,1,1.54400817264814,-0.266017177342155,1,-0.214619592557359,1,6,205,10.9467027370857,10.9467027370857,5.77593759844463,0,0,0,0,0,0,0,0,0
7.02711919456313,0,0,0,1,0.666263298025337,-1.22176590715325,0,-0.214619592557359,1,6,205,6.65741105126994,6.65741105126994,3.06469911938794,0,0,0,0,0,0,0,0,0
3.88272765704924,0,0,0,0,0.804396522929987,-0.868454971421861,1,-0.214619592557359,1,6,205,3.69427650492863,9.54849054231597,3.69427650492863,0,0,0,0,0,0,0,0,0
0.144531681713483,0,0,0,0,-1.23500471281279,0.996857163149313,1,-0.214619592557359,1,6,205,1.48078616801425,7.57451037173635,1.48078616801425,0,0,0,0,0,0,0,0,0
5.23231118185116,0,0,0,1,-0.693761687905661,-2.13280851651949,0,1.85432630645695,0,4,206,4.82282274150849,4.82282274150849,-1.82604942662958,0,0,0,0,0,0,0,0,0
-1.54285087021078,0,0,0,0,-1.08995477991949,-0.793913821628945,0,1.85432630645695,0,4,206,-2.61843561065723,0.111863545516244,-2.61843561065723,0,0,0,0,0,0,0,0,0
0.617955973710946,0,0,0,0,-0.750507601355911,1.78891372077683,1,1.85432630645695,0,4,206,-1.93954125353008,6.36067104685351,-1.93954125353008,0,0,0,0,0,0,0,0,0
-2.63678074192783,0,0,0,0,-0.370205337834078,0.850797069464826,1,1.85432630645695,0,4,206,-1.17893672648642,4.64491892692352,-1.17893672648642,0,0,0,0,0,0,0,0,0
-4.3481310836528,0,0,0,0,0.187233803362476,-0.187674072260302,0,-2.23572486280908,1,5,207,-1.81167212771805,0.323549429680716,-1.81167212771805,0,0,0,0,0,0,0,0,0
4.16176695795323,0,0,0,1,0.81179326123112,-2.21371664345546,0,-2.23572486280908,1,5,207,4.41194559433581,4.41194559433581,-2.58859578317592,0,0,0,0,0,0,0,0,0
-3.30977443888577,0,0,0,0,0.56659248182251,-1.52213346477139,1,-2.23572486280908,1,5,207,-2.38741416330907,5.02947612126789,-2.38741416330907,0,0,0,0,0,0,0,0,0
2.66241376544129,0,0,0,1,-0.371922228003275,0.904658264195254,1,-2.23572486280908,1,5,207,4.08075472098278,4.08075472098278,-1.83765185399399,0,0,0,0,0,0,0,0,0
-2.78037365333549,0,0,0,0,0.0688503804955508,0.574982940953519,1,-2.23572486280908,1,5,207,-1.28578196023808,4.14482342214948,-1.28578196023808,0,0,0,0,0,0,0,0,0
3.20288543654679,0,0,0,1,0.285796010812282,-1.12703594456706,0,-0.761532595969281,1,6,208,5.23483420267996,5.23483420267996,1.86462418233379,0,0,0,0,0,0,0,0,0
5.76464028861675,0,0,0,1,0.01606677844145,-1.86385182197392,0,-0.761532595969281,1,6,208,6.16229345446076,6.16229345446076,0.588349840185272,0,0,0,0,0,0,0,0,0
4.68578922978043,0,0,0,0,0.57709497398026,0.922692045248396,0,-0.761532595969281,1,6,208,4.4969500984852,7.44831070884987,4.4969500984852,0,0,0,0,0,0,0,0,0
0.791004652933014,0,0,0,0,0.126022608164642,-0.801310708441481,0,-0.761532595969281,1,6,208,1.87080261316409,4.61290146462708,1.87080261316409,0,0,0,0,0,0,0,0,0
6.05636507394597,0,0,0,1,-0.0849009410327068,0.978658006252823,0,-0.761532595969281,1,6,208,6.28669572266645,6.28669572266645,3.2289242294637,0,0,0,0,0,0,0,0,0
2.48484844196462,0,0,0,1,-0.142646201784207,-0.58658149420688,0,-0.761532595969281,1,6,208,3.99227205684697,3.99227205684697,1.54819420750099,0,0,0,0,0,0,0,0,0
5.64975822536376,0,0,0,0,1.86119626163665,1.55461233668981,0,-0.339068736800242,0,6,209,6.60742491499799,11.1242444323861,6.60742491499799,0,0,0,0,0,0,0,0,0
2.76460761436588,0,0,0,0,0.292160532051328,-0.160760399788186,1,-0.339068736800242,0,6,209,3.46935345582734,8.5951973619674,3.46935345582734,0,0,0,0,0,0,0,0,0
10.3207878819279,0,0,0,1,0.855077801487122,-0.318696022936848,1,-0.339068736800242,0,6,209,9.7967551497347,9.7967551497347,4.59518799469893,0,0,0,0,0,0,0,0,0
-1.75347374807462,0,0,0,0,-1.95762417175503,0.241327148857452,0,-0.339068736800242,0,6,209,-1.03021595178537,1.1280228409903,-1.03021595178537,0,0,0,0,0,0,0,0,0
7.60510246223693,0,0,0,1,-0.333457558426686,0.0802636522266129,1,-0.339068736800242,0,6,209,7.32455952874007,7.32455952874007,2.21811727487132,0,0,0,0,0,0,0,0,0
13.84375526778,0,0,0,1,2.06960478909914,0.860140704911268,1,-0.339068736800242,0,6,209,12.8640840021682,12.8640840021682,7.02424196992297,0,0,0,0,0,0,0,0,0
-3.82368487814768,0,0,0,0,-1.60021801009546,0.697973292463186,1,1.61943067308768,0,6,210,-2.82299172512815,2.76417499186375,-2.82299172512815,0,0,0,0,0,0,0,0,0
1.33120244836197,0,0,0,0,0.118368144797756,-0.535390229137804,0,1.61943067308768,0,6,210,0.61418058465828,3.00082328211451,0.61418058465828,0,0,0,0,0,0,0,0,0
3.63270246248877,0,0,0,1,0.265920251204044,-0.297364403510392,0,1.61943067308768,0,6,210,3.09771038594595,3.09771038594595,0.909284797470856,0,0,0,0,0,0,0,0,0
-1.63061958314406,0,0,0,0,-0.356878430720656,-1.85686465921981,1,1.61943067308768,0,6,210,-0.336312566378544,8.21163379628095,-0.336312566378544,0,0,0,0,0,0,0,0,0
1.5272396734172,0,0,0,1,-0.258278210913425,0.109029490253023,0,1.61943067308768,0,6,210,1.97277530298075,1.97277530298075,-0.139112126764082,0,0,0,0,0,0,0,0,0
3.40650040183415,0,0,0,0,0.174207764664369,0.193194037751054,0,1.61943067308768,0,6,210,0.725859824391506,2.86318376061406,0.725859824391506,0,0,0,0,0,0,0,0,0
11.5160004198139,0,0,0,1,0.831558475734956,1.12394465340506,1,-1.11301521608546,1,5,211,10.911510317555,10.911510317555,4.54825873363721,0,0,0,0,0,0,0,0,0
5.71960656257287,0,0,0,1,0.822277443456496,0.0377186892406921,0,-1.11301521608546,1,5,211,5.54489340443396,5.54489340443396,3.44347070491592,0,0,0,0,0,0,0,0,0
7.52350279412868,0,0,0,1,0.638018475169499,1.04574361755207,0,-1.11301521608546,1,5,211,7.2765574103042,7.2765574103042,4.08297769665331,0,0,0,0,0,0,0,0,0
3.01175582502095,0,0,0,1,-0.306906649213035,-0.114454017301516,0,-1.11301521608546,1,5,211,3.14602953511111,3.14602953511111,1.03292981303465,0,0,0,0,0,0,0,0,0
-1.61781626998751,0,0,0,0,-2.14889783171882,0.182101096109906,1,-1.11301521608546,1,5,211,-2.35449743856549,2.77866337063894,-2.35449743856549,0,0,0,0,0,0,0,0,0
5.40854019435529,0,0,0,1,0.490538694882153,-1.35934101448278,0,0.140467814586931,1,6,212,6.54981316200178,6.54981316200178,2.60200516834669,0,0,0,0,0,0,0,0,0
14.7304483226366,0,0,0,1,-0.0557260704742795,1.5049137899977,1,0.140467814586931,1,6,212,11.7384959574395,11.7384959574395,4.37373044211431,0,0,0,0,0,0,0,0,0
4.4597514463124,0,0,0,1,-0.676538713059146,-0.96041764890498,0,0.140467814586931,1,6,212,3.68917577837007,3.68917577837007,0.6667737180419,0,0,0,0,0,0,0,0,0
1.65747010176747,0,0,0,0,0.0249476180582464,0.832358308616317,0,0.140467814586931,1,6,212,3.86252233779798,6.6553426917206,3.86252233779798,0,0,0,0,0,0,0,0,0
6.86488992769995,0,0,0,1,0.798951668925128,0.184360545727941,1,0.140467814586931,1,6,212,9.89652148746447,9.89652148746447,4.76253267664337,0,0,0,0,0,0,0,0,0
13.1375920311641,0,0,0,1,1.31457942165281,0.883839772419299,1,0.140467814586931,1,6,212,12.3744401521003,12.3744401521003,6.49326740879009,0,0,0,0,0,0,0,0,0
6.35091256926657,0,0,0,1,-0.871256262212994,0.665833016960349,1,-0.348154257792219,1,4,213,7.34544271179003,7.34544271179003,1.80210910531551,0,0,0,0,0,0,0,0,0
6.25721538787384,0,0,0,1,0.569803637815263,-0.942504956132867,0,-0.348154257792219,1,4,213,6.06420652461383,6.06420652461383,3.07589093227881,0,0,0,0,0,0,0,0,0
1.3081398621302,0,0,0,0,-0.862225218688855,-0.79156308388582,0,-0.348154257792219,1,4,213,0.36277509151762,3.08934720728845,0.36277509151762,0,0,0,0,0,0,0,0,0
6.60927865825143,0,0,0,1,1.53466476858896,-0.778452893758487,0,-0.348154257792219,1,4,213,7.87565416400155,7.87565416400155,5.16966525620058,0,0,0,0,0,0,0,0,0
-3.43646918798644,0,0,0,0,-2.80850812261627,-0.17283641255862,0,0.325241432554313,1,4,214,-2.89563464724115,-0.765762221735016,-2.89563464724115,0,0,0,0,0,0,0,0,0
11.2470493515067,0,0,0,1,1.50603661883743,0.400334488836423,1,0.325241432554313,1,4,214,11.5668934400132,11.5668934400132,6.30662573706131,0,0,0,0,0,0,0,0,0
4.6446504003221,0,0,0,1,-0.209043045719578,-1.38701848332581,0,0.325241432554313,1,4,214,5.11293370887248,5.11293370887248,1.08911343578505,0,0,0,0,0,0,0,0,0
1.61605690069522,0,0,0,1,-1.32480121447436,-0.343591919712615,0,0.325241432554313,1,4,214,2.11907906918049,2.11907906918049,-0.0989763381113136,0,0,0,0,0,0,0,0,0
2.54409957250265,0,0,0,1,-1.06679730665249,-0.818261676185968,0,-0.393292668440947,1,6,215,2.66301675817433,2.66301675817433,-0.10653541254034,0,0,0,0,0,0,0,0,0
2.30601561747028,0,0,0,0,-0.0990374871612257,-0.145241978970102,0,-0.393292668440947,1,6,215,2.50200392365805,4.6230991561132,2.50200392365805,0,0,0,0,0,0,0,0,0
7.88145972029249,0,0,0,1,0.253679436562031,1.18015832995098,0,-0.393292668440947,1,6,215,8.02561176377833,8.02561176377833,4.53283808002564,0,0,0,0,0,0,0,0,0
6.05496762446825,0,0,0,1,-0.368090529497433,-0.992415513647396,1,-0.393292668440947,1,6,215,7.20161285603636,7.20161285603636,1.11672430430834,0,0,0,0,0,0,0,0,0
6.19756155117917,0,0,0,0,1.61620124104094,0.770140201361841,1,-0.393292668440947,1,6,215,6.84786356039432,12.540979490148,6.84786356039432,0,0,0,0,0,0,0,0,0
6.84346013755008,0,0,0,1,-0.173495454924029,-0.541122301472248,1,-0.393292668440947,1,6,215,7.35002101078091,7.35002101078091,1.95720766563029,0,0,0,0,0,0,0,0,0
5.43595488836229,0,0,0,1,0.303725611606637,-1.22529505105268,0,0.514120347861531,1,4,216,5.71918440220952,5.71918440220952,2.11783644007533,0,0,0,0,0,0,0,0,0
1.03235788699872,0,0,0,0,-0.665248956252279,-0.0300906640888537,0,0.514120347861531,1,4,216,1.37509169132133,3.47599713938663,1.37509169132133,0,0,0,0,0,0,0,0,0
1.53594818157383,0,0,0,0,-0.370327406845869,-0.864153956326594,0,0.514120347861531,1,4,216,1.13087149789641,3.97763355813131,1.13087149789641,0,0,0,0,0,0,0,0,0
-0.919071482736612,0,0,0,0,-2.34130603871329,2.42793148640081,1,0.514120347861531,1,4,216,0.48099967688896,11.4758509795454,0.48099967688896,0,0,0,0,0,0,0,0,0
8.2503648146937,0,0,0,1,-0.577823864213953,0.961742258970408,1,0.684530641832929,1,5,217,8.3624605036238,8.3624605036238,2.3375123309343,0,0,0,0,0,0,0,0,0
4.84098855126104,0,0,0,0,1.34755131693485,-1.73948029797413,0,0.684530641832929,1,5,217,3.48704013628736,8.61283184332754,3.48704013628736,0,0,0,0,0,0,0,0,0
5.78781228201744,0,0,0,1,-0.363808762385989,-0.998970615126337,0,0.684530641832929,1,5,217,3.90277195037938,3.90277195037938,0.804829660493485,0,0,0,0,0,0,0,0,0
14.5674633533086,0,0,0,1,1.85840477300925,1.12838026050845,1,0.684530641832929,1,5,217,13.7498496192239,13.7498496192239,7.37660760691874,0,0,0,0,0,0,0,0,0
5.04291307220676,0,0,0,1,-1.04631620529537,-0.182434758969547,0,0.684530641832929,1,5,217,2.3896330721118,2.3896330721118,0.256350630831522,0,0,0,0,0,0,0,0,0
1.41190429336869,0,0,0,0,0.12760780564143,-0.327845755645148,0,1.47541590858242,0,5,218,1.07836350798477,3.28584634747931,1.07836350798477,0,0,0,0,0,0,0,0,0
3.12736774375258,0,0,0,1,-0.824149301222992,0.440973629668033,0,1.47541590858242,0,5,218,1.46930703631853,1.46930703631853,-0.825150705744068,0,0,0,0,0,0,0,0,0
0.704820869692609,0,0,0,0,-0.358102671118334,1.51117187818907,0,1.47541590858242,0,5,218,0.106942554465247,4.49058299989472,0.106942554465247,0,0,0,0,0,0,0,0,0
3.79950985786403,0,0,0,1,-1.41998015776831,-1.69856154822452,0,1.47541590858242,0,5,218,2.96829891427217,2.96829891427217,-2.0168124188347,0,0,0,0,0,0,0,0,0
-1.21960542884732,0,0,0,0,-0.344542612506306,0.954417610915404,0,1.47541590858242,0,5,218,0.134062671689304,3.14497564771477,0.134062671689304,0,0,0,0,0,0,0,0,0
6.77326919388955,0,0,0,1,-0.00431402221543494,-0.330163153093046,1,-0.825583627607599,1,6,219,7.1886281839627,7.1886281839627,1.97962047630236,0,0,0,0,0,0,0,0,0
9.91659545929406,0,0,0,1,0.168689035949178,-1.26481861355798,1,-0.825583627607599,1,6,219,8.09073725736939,8.09073725736939,1.39097113216665,0,0,0,0,0,0,0,0,0
0.608536900527633,0,0,0,0,-0.375276592577527,-0.547459957863088,1,-0.825583627607599,1,6,219,1.02039853080813,6.42011093627159,1.02039853080813,0,0,0,0,0,0,0,0,0
3.69794293358457,0,0,0,0,-0.0507603102466519,1.4431930583766,0,-0.825583627607599,1,6,219,3.66008411170958,7.84289031545599,3.66008411170958,0,0,0,0,0,0,0,0,0
8.84384915934581,0,0,0,1,0.422311053508017,-0.0363139218356745,1,-0.825583627607599,1,6,219,8.22803855992572,8.22803855992572,3.12671985900664,0,0,0,0,0,0,0,0,0
-2.56966307096796,0,0,0,0,-1.77807637068399,-0.976690399261441,0,-0.825583627607599,1,6,219,-2.21443146680314,0.839492669206331,-2.21443146680314,0,0,0,0,0,0,0,0,0
8.67630298767089,0,0,0,1,-0.54100971810602,0.697829842673539,1,-0.722782025134351,1,4,220,7.68036303992996,7.68036303992996,2.09339655060418,0,0,0,0,0,0,0,0,0
12.5292020997233,0,0,0,1,1.56211406412263,1.49691112704901,0,-0.722782025134351,1,4,220,11.4394683217201,11.4394683217201,7.09872539943696,0,0,0,0,0,0,0,0,0
12.1984321043483,0,0,0,1,1.16024067838188,-2.1230911551623,1,-0.722782025134351,1,4,220,12.2824923988725,12.2824923988725,2.67497634574415,0,0,0,0,0,0,0,0,0
5.92456523891363,0,0,0,1,0.0537229108203661,0.181224057331274,0,-0.722782025134351,1,4,220,4.8990981820703,4.8990981820703,2.76625602311469,0,0,0,0,0,0,0,0,0
10.7187539397046,0,0,0,1,2.59066387765018,-0.180598615242855,0,-0.450385755837853,1,6,221,9.9304976708235,9.9304976708235,7.79788181099587,0,0,0,0,0,0,0,0,0
8.146920632622,0,0,0,1,-0.0410083581277403,0.204151041699391,1,-0.450385755837853,1,6,221,8.06096464420922,8.06096464420922,2.91928699638228,0,0,0,0,0,0,0,0,0
12.4669025678662,0,0,0,1,0.938992116339198,1.64446036835846,1,-0.450385755837853,1,6,221,14.1238471750769,14.1238471750769,6.31959727197523,0,0,0,0,0,0,0,0,0
1.7258903120017,0,0,0,0,-0.966693310743119,1.13635785609123,0,-0.450385755837853,1,6,221,2.00012390554336,5.39143308264362,2.00012390554336,0,0,0,0,0,0,0,0,0
12.4591075242213,0,0,0,1,1.15353297857415,-1.80552310153766,1,-0.450385755837853,1,6,221,11.6586091967352,11.6586091967352,3.29869552654901,0,0,0,0,0,0,0,0,0
3.87497863745776,0,0,0,0,0.903526147921045,1.01316858741478,0,-0.450385755837853,1,6,221,5.61737355419524,8.74388414071929,5.61737355419524,0,0,0,0,0,0,0,0,0
1.89339559071589,0,0,0,0,-0.241436804537236,0.702958747056498,0,-0.686242123704441,0,4,222,2.04619813857915,4.64034913864239,2.04619813857915,0,0,0,0,0,0,0,0,0
0.57524314277349,0,0,0,0,-0.383339523338083,1.07311264087065,0,-0.686242123704441,0,4,222,1.76239270097745,5.01396344097382,1.76239270097745,0,0,0,0,0,0,0,0,0
1.83174498138145,0,0,0,1,-1.2490838712542,-0.182794974895684,0,-0.686242123704441,0,4,222,2.16431800799233,2.16431800799233,0.0309040051452132,0,0,0,0,0,0,0,0,0
0.751283955013721,0,0,0,0,-0.52104483080918,-0.557259256181134,1,-0.686242123704441,0,4,222,1.48698208603526,6.89751996463481,1.48698208603526,0,0,0,0,0,0,0,0,0
3.66802062263578,0,0,0,1,-0.765719469075512,0.548674057681716,0,0.684495719726935,1,6,223,3.94974395077912,3.94974395077912,1.5487007292062,0,0,0,0,0,0,0,0,0
2.79279026078349,0,0,0,0,-0.0112846890314812,1.06544964910256,1,0.684495719726935,1,6,223,3.5743458807151,9.80952883548786,3.5743458807151,0,0,0,0,0,0,0,0,0
4.13831466829594,0,0,0,1,0.174539278847667,-0.667263027717192,0,0.684495719726935,1,6,223,4.75852108781196,4.75852108781196,2.21328113965365,0,0,0,0,0,0,0,0,0
3.04537971752893,0,0,0,0,0.026645188043966,-0.196440462858478,1,0.684495719726935,1,6,223,2.38831552290496,7.52690437835301,2.38831552290496,0,0,0,0,0,0,0,0,0
2.40679961365031,0,0,0,0,1.32904363909969,-1.13069387635672,0,0.684495719726935,1,6,223,4.05885901151817,7.43732765354876,4.05885901151817,0,0,0,0,0,0,0,0,0
7.16654789914146,0,0,0,1,-0.872380977364772,-1.62975677895105,1,0.684495719726935,1,6,223,6.9130540345318,6.9130540345318,-0.843053124005085,0,0,0,0,0,0,0,0,0
1.04747311689961,0,0,0,0,0.366198392062544,-0.388253109041213,0,1.03300763506614,1,4,224,2.27703890097893,4.5277793776591,2.27703890097893,0,0,0,0,0,0,0,0,0
2.8279562456605,0,0,0,0,-0.923557108617333,2.12892150083966,1,1.03300763506614,1,4,224,2.21470250950004,11.8470092662374,2.21470250950004,0,0,0,0,0,0,0,0,0
-1.14652942370645,0,0,0,0,-1.22258518552594,-0.55559083856911,0,1.03300763506614,1,4,224,-1.06786598372593,1.340815196176,-1.06786598372593,0,0,0,0,0,0,0,0,0
5.92223077499544,0,0,0,0,1.32620490038351,0.693103907672531,0,1.03300763506614,1,4,224,5.27840893433461,7.85880196116554,5.27840893433461,0,0,0,0,0,0,0,0,0
7.47884930935873,0,0,0,0,1.47948787570292,-0.5677058690814,0,0.501930527937132,0,5,225,5.7070414965306,8.12933145032007,5.7070414965306,0,0,0,0,0,0,0,0,0
-3.53627976203607,0,0,0,0,-2.4779102841754,0.587884708929503,0,0.501930527937132,0,5,225,-2.20775482322605,0.23785360776708,-2.20775482322605,0,0,0,0,0,0,0,0,0
4.69992531434904,0,0,0,0,1.7445492208949,1.23192660605179,1,0.501930527937132,0,5,225,6.23716418691456,12.8548073496128,6.23716418691456,0,0,0,0,0,0,0,0,0
4.18259669779945,0,0,0,1,-0.167475256130378,-0.180802610651948,0,0.501930527937132,0,5,225,4.54580481688256,4.54580481688256,2.413115232864,0,0,0,0,0,0,0,0,0
2.41367713133605,0,0,0,0,0.0155132408644147,0.0309321771904935,0,0.501930527937132,0,5,225,2.77909222685358,4.88004902643933,2.77909222685358,0,0,0,0,0,0,0,0,0
8.71641355960478,0,0,0,1,0.552717893522667,-1.69421795234475,0,0.52523245943887,0,5,226,8.79994112064438,8.79994112064438,3.82956665059713,0,0,0,0,0,0,0,0,0
3.36643346027747,0,0,0,0,1.18101735391336,-0.6195222305419,0,0.52523245943887,0,5,226,5.08616557137851,7.56997336551412,5.08616557137851,0,0,0,0,0,0,0,0,0
5.11696099340836,0,0,0,1,-0.511961990705054,0.349998139518762,1,0.52523245943887,0,5,226,6.92270557980828,6.92270557980828,1.70020688214169,0,0,0,0,0,0,0,0,0
6.39911166621755,0,0,0,0,1.14162445002256,0.101301971205352,0,0.52523245943887,0,5,226,5.00737976359691,7.117641852967,5.00737976359691,0,0,0,0,0,0,0,0,0
1.69758506315293,0,0,0,0,0.447383105303631,-1.86759212397633,1,0.52523245943887,0,5,226,3.61889707415906,12.2067974156975,3.61889707415906,0,0,0,0,0,0,0,0,0
1.89005660877802,0,0,0,0,-0.36314709881081,-0.755847114959433,0,0.0681865478064198,1,4,227,1.51320928211719,4.18451414330969,1.51320928211719,0,0,0,0,0,0,0,0,0
4.22757972049818,0,0,0,0,-0.892605918684452,1.28410977255399,0,0.0681865478064198,1,4,227,2.49424852988333,6.243186437852,2.49424852988333,0,0,0,0,0,0,0,0,0
6.39011870145817,0,0,0,1,1.04030279456891,-0.092111013229161,0,0.0681865478064198,1,4,227,7.09232960936501,7.09232960936501,4.9838451706069,0,0,0,0,0,0,0,0,0
2.01657477206142,0,0,0,0,0.594888306017368,0.154335967409744,1,0.0681865478064198,1,4,227,4.33946317414272,9.46328276497903,4.33946317414272,0,0,0,0,0,0,0,0,0
-0.207837733627475,0,0,0,0,-0.309763812881498,0.601957920296764,0,0.686357224433179,0,6,228,1.90938613470539,4.37173947251339,1.90938613470539,0,0,0,0,0,0,0,0,0
6.33350588506752,0,0,0,1,1.44098330139164,0.0446153545928389,0,0.686357224433179,0,6,228,7.51287089311711,7.51287089311711,5.41088036325166,0,0,0,0,0,0,0,0,0
4.84489804133873,0,0,0,1,-0.657509435762567,1.78117923197541,0,0.686357224433179,0,6,228,6.48649434536376,6.48649434536376,1.21389488894325,0,0,0,0,0,0,0,0,0
2.01554322337423,0,0,0,0,0.574544478839732,0.0463360213845539,0,0.686357224433179,0,6,228,3.67800271814785,5.7801497450256,3.67800271814785,0,0,0,0,0,0,0,0,0
7.69369285756394,0,0,0,1,0.388460500280999,0.449466074889976,1,0.686357224433179,0,6,228,8.60785451350738,8.60785451350738,3.30583476103038,0,0,0,0,0,0,0,0,0
3.10678898143066,0,0,0,0,0.0580094881623115,1.50917286734042,0,0.686357224433179,0,6,228,2.64493273679301,7.0225354803095,2.64493273679301,0,0,0,0,0,0,0,0,0
6.82498797264368,0,0,0,1,0.106278436272122,-0.998883160313538,1,-0.595780899405729,1,4,229,7.95648640009197,7.95648640009197,1.85871883213401,0,0,0,0,0,0,0,0,0
8.48977270062901,0,0,0,1,1.28935651108008,-0.652485315327068,1,-0.595780899405729,1,4,229,10.0970099134538,10.0970099134538,4.57127282673639,0,0,0,0,0,0,0,0,0
0.524330102078711,0,0,0,0,0.19215354177052,0.762895724609686,0,-0.595780899405729,1,4,229,3.79224792805403,6.47425781468177,3.79224792805403,0,0,0,0,0,0,0,0,0
4.76183669947379,0,0,0,1,-0.370992169181597,-1.73688856526039,0,-0.595780899405729,1,4,229,5.28295410441202,5.28295410441202,0.166172216279713,0,0,0,0,0,0,0,0,0
3.8884886393143,0,0,0,1,-0.0992487925758493,0.327795514345247,0,0.389528913433607,1,5,230,5.18501505401765,5.18501505401765,2.97756515479278,0,0,0,0,0,0,0,0,0
2.78482487596695,0,0,0,0,-1.68142733970188,1.74790463140682,1,0.389528913433607,1,5,230,1.2333171776023,9.38848777809572,1.2333171776023,0,0,0,0,0,0,0,0,0
5.64593666101076,0,0,0,1,0.139709867902834,-1.13423808959685,0,0.389528913433607,1,5,230,5.37994491570036,5.37994491570036,1.99344887180805,0,0,0,0,0,0,0,0,0
1.35020270862018,0,0,0,0,-0.481369727680398,1.87089253449729,1,0.389528913433607,1,5,230,3.75642030473573,12.3566591803734,3.75642030473573,0,0,0,0,0,0,0,0,0
3.89827272914673,0,0,0,1,-0.829606515474222,-0.828863008108357,0,0.389528913433607,1,5,230,3.14720507275287,3.14720507275287,0.360191186542432,0,0,0,0,0,0,0,0,0
4.65229366270072,0,0,0,0,0.538878845956791,-0.0416316895777892,0,0.13307983125506,1,5,231,4.01841576084892,6.12014895842602,4.01841576084892,0,0,0,0,0,0,0,0,0
7.82799928749937,0,0,0,1,0.0850973331155671,-1.57647579176827,0,0.13307983125506,1,5,231,6.16128455500738,6.16128455500738,1.57600863297599,0,0,0,0,0,0,0,0,0
4.28397858246721,0,0,0,0,-0.332866961207996,0.844548069738521,0,0.13307983125506,1,5,231,3.16110390583565,5.97436534793471,3.16110390583565,0,0,0,0,0,0,0,0,0
3.28629759928342,0,0,0,0,-0.186111678291517,-0.497092859564254,0,0.13307983125506,1,5,231,2.11297354236584,4.4600748533956,2.11297354236584,0,0,0,0,0,0,0,0,0
7.459480796769,0,0,0,1,-0.422615304607778,0.619396663667051,1,0.13307983125506,1,5,231,8.24010803992649,8.24010803992649,2.75645581296462,0,0,0,0,0,0,0,0,0
4.44110906208239,0,0,0,0,-0.187942904594646,2.00243889062807,0,0.280944813692229,0,6,232,2.54518420247015,8.65494571316992,2.54518420247015,0,0,0,0,0,0,0,0,0
4.01671943836865,0,0,0,0,0.689940421439398,0.342162588874988,1,0.280944813692229,0,6,232,4.30095085453824,9.51802609176387,4.30095085453824,0,0,0,0,0,0,0,0,0
4.0154701575121,0,0,0,0,0.337460039854809,-1.20246773463505,1,0.280944813692229,0,6,232,3.59599009136906,10.1419187442074,3.59599009136906,0,0,0,0,0,0,0,0,0
2.28943961770903,0,0,0,0,-0.810672357199793,-0.385023157222104,0,0.280944813692229,0,6,232,1.29972529725985,3.54796812885713,1.29972529725985,0,0,0,0,0,0,0,0,0
2.06885084234327,0,0,0,0,-0.679643099737815,1.30551270759394,1,0.280944813692229,0,6,232,1.56178381218381,8.36614724187307,1.56178381218381,0,0,0,0,0,0,0,0,0
7.98390730661502,0,0,0,1,0.368829416741117,0.389528191163827,1,0.280944813692229,0,6,232,8.91046105685304,8.91046105685304,3.65872884514167,0,0,0,0,0,0,0,0,0
0.62918199142554,0,0,0,0,-0.322554112000697,0.826306822807416,0,1.43357066294664,0,6,233,0.299766930337325,3.08254989575541,0.299766930337325,0,0,0,0,0,0,0,0,0
2.61505099834806,0,0,0,0,0.469692428076567,0.658628596981523,0,1.43357066294664,0,6,233,1.88426001049185,4.4180516392537,1.88426001049185,0,0,0,0,0,0,0,0,0
5.50080903555688,0,0,0,1,0.735983430847541,1.10780375716912,0,1.43357066294664,0,6,233,5.74407118043182,5.74407118043182,2.4168420160338,0,0,0,0,0,0,0,0,0
-1.53338494823204,0,0,0,0,-0.869048511095302,-0.135613224747821,1,1.43357066294664,0,6,233,-0.793221867851885,4.32516907887462,-0.793221867851885,0,0,0,0,0,0,0,0,0
-0.412395033292885,0,0,0,0,-0.81733919898968,-0.960781441528617,1,1.43357066294664,0,6,233,-0.68980324364064,5.33329773474516,-0.68980324364064,0,0,0,0,0,0,0,0,0
2.96215787086072,0,0,0,1,-0.586313041775765,-0.530316387149989,0,1.43357066294664,0,6,233,2.15348454126701,2.15348454126701,-0.22775092921281,0,0,0,0,0,0,0,0,0
9.47495490978741,0,0,0,1,1.10678565408434,0.227818712021563,1,-0.123151947538181,1,5,234,10.578124983555,10.578124983555,5.42622361800779,0,0,0,0,0,0,0,0,0
3.64101320200275,0,0,0,1,-0.129493141118788,0.396528480495753,0,-0.123151947538181,1,5,234,5.37961063192,5.37961063192,3.12237579607573,0,0,0,0,0,0,0,0,0
3.56262267553052,0,0,0,0,0.863743395875318,1.98479687289067,1,-0.123151947538181,1,5,234,6.69711726245886,15.7365358890954,6.69711726245886,0,0,0,0,0,0,0,0,0
8.44733043567837,0,0,0,1,0.851762557798929,-1.0227820174557,1,-0.123151947538181,1,5,234,9.81165975119046,9.81165975119046,3.66557669595971,0,0,0,0,0,0,0,0,0
1.98110500048304,0,0,0,0,-0.142833441328754,-0.678390728211642,0,-0.123151947538181,1,5,234,2.0207759869484,4.58098996707193,2.0207759869484,0,0,0,0,0,0,0,0,0
-0.903380439789015,0,0,0,0,0.288970781503919,-0.230752512185143,0,1.37372802517023,1,5,235,1.46006036368458,3.61330708556434,1.46006036368458,0,0,0,0,0,0,0,0,0
-3.76019232468216,0,0,0,0,-1.28242262943412,-0.694422965022804,0,1.37372802517023,1,5,235,-2.14639691102914,0.435826343321918,-2.14639691102914,0,0,0,0,0,0,0,0,0
-3.88347446717668,0,0,0,0,-0.620856047780706,-0.361217427065962,0,1.37372802517023,1,5,235,-0.490058209765484,1.74041981985067,-0.490058209765484,0,0,0,0,0,0,0,0,0
-2.70385082342063,0,0,0,0,-1.13466053244815,0.807976832205135,0,1.37372802517023,1,5,235,-0.34847291982927,2.40435364155098,-0.34847291982927,0,0,0,0,0,0,0,0,0
2.58299781238544,0,0,0,1,0.291260677067319,0.415617815509984,0,1.37372802517023,1,5,235,4.38374865107581,4.38374865107581,2.11101048250651,0,0,0,0,0,0,0,0,0
10.6049633011597,0,0,0,1,-0.435260515628126,-1.39010854011981,1,-0.0812330999635169,1,5,236,7.76517336540829,7.76517336540829,0.732771612094253,0,0,0,0,0,0,0,0,0
5.49193618156627,0,0,0,0,-1.72357187829902,1.57585022543573,0,-0.0812330999635169,1,5,236,1.122107652308,5.70541158531383,1.122107652308,0,0,0,0,0,0,0,0,0
6.39800041470848,0,0,0,0,0.0220458736582216,0.0484574960433074,0,-0.0812330999635169,1,5,236,3.08595042683007,5.18829855575286,3.08595042683007,0,0,0,0,0,0,0,0,0
11.9026561042148,0,0,0,1,-0.295830617265895,-0.58850921360567,1,-0.0812330999635169,1,5,236,7.25957382983162,7.25957382983162,1.81323073533286,0,0,0,0,0,0,0,0,0
9.46619609353599,0,0,0,1,0.251433746421501,-0.0348076590743669,1,-0.0812330999635169,1,5,236,8.56267259036919,8.56267259036919,3.46146101723895,0,0,0,0,0,0,0,0,0
9.25742356735283,0,0,0,1,-0.482376441631995,0.737293554195491,1,-0.0308340692610651,1,5,237,8.41519171616252,8.41519171616252,2.77158993110431,0,0,0,0,0,0,0,0,0
7.29941060130474,0,0,0,1,-1.17223517347593,-2.8119207453954,0,-0.0308340692610651,1,5,237,7.84955644621058,7.84955644621058,-2.15734183217445,0,0,0,0,0,0,0,0,0
0.607208592909812,0,0,0,0,-0.176028802992022,-0.708143207462959,0,-0.0308340692610651,1,5,237,1.9388484467258,4.54031524900173,1.9388484467258,0,0,0,0,0,0,0,0,0
2.81405551618803,0,0,0,0,0.175166088137464,-0.566937673600883,0,-0.0308340692610651,1,5,237,2.78244376284685,5.20386208859483,2.78244376284685,0,0,0,0,0,0,0,0,0
11.9251426164137,0,0,0,1,0.699140617988672,1.20906219741071,1,-0.0308340692610651,1,5,237,12.1682240907685,12.1682240907685,5.60639269356085,0,0,0,0,0,0,0,0,0
2.33801491330162,0,0,0,1,0.470591169157038,-0.715624470700317,0,-0.343929757526168,1,5,238,5.71938857256686,5.71938857256686,3.10727018950175,0,0,0,0,0,0,0,0,0
10.0292881740605,0,0,0,1,1.06753712684296,0.164453697361295,1,-0.343929757526168,1,5,238,10.308285291511,10.308285291511,5.1812402729352,0,0,0,0,0,0,0,0,0
7.60848529227601,0,0,0,1,1.34099032725468,-0.301398943008307,0,-0.343929757526168,1,5,238,7.45313535623557,7.45313535623557,5.26229403338905,0,0,0,0,0,0,0,0,0
4.02766143591747,0,0,0,0,-0.539664567276462,1.45434079794291,1,-0.343929757526168,1,5,238,3.25672398527798,10.4718311418392,3.25672398527798,0,0,0,0,0,0,0,0,0
5.52218095136164,0,0,0,1,-1.12084447048041,0.218335059654555,1,-0.343929757526168,1,5,238,6.00602863885609,6.00602863885609,0.858358440581733,0,0,0,0,0,0,0,0,0
11.1723188456155,0,0,0,1,-0.526570923781279,-2.59876099515332,1,1.28792220165908,1,5,239,9.54291226968802,9.54291226968802,-2.31064644024224,0,0,0,0,0,0,0,0,0
3.31770420921729,0,0,0,0,-0.115646882023896,1.28068510280838,0,1.28792220165908,1,5,239,2.39064774123422,6.13080207378953,2.39064774123422,0,0,0,0,0,0,0,0,0
5.44658642961669,0,0,0,1,0.906241168825837,0.339756728888479,0,1.28792220165908,1,5,239,5.70893010383879,5.70893010383879,3.49349546901379,0,0,0,0,0,0,0,0,0
5.48361814339793,0,0,0,0,2.56866119440817,-1.32347994892935,0,1.28792220165908,1,5,239,5.15509884236063,9.00669801757867,5.15509884236063,0,0,0,0,0,0,0,0,0
6.48431285998065,0,0,0,1,1.37498237191942,-1.42007195060768,0,1.28792220165908,1,5,239,6.7877535406075,6.7877535406075,2.6711491957048,0,0,0,0,0,0,0,0,0
0.129995302623288,0,0,0,0,-1.29217355958555,1.36108274630765,0,-0.138019940444051,0,5,240,0.396603376868725,4.3491496191651,0.396603376868725,0,0,0,0,0,0,0,0,0
4.1657203247808,0,0,0,0,0.870261918708755,1.61664726278925,0,-0.138019940444051,0,5,240,4.72147433345733,9.43502270574129,4.72147433345733,0,0,0,0,0,0,0,0,0
4.80717506157342,0,0,0,0,0.542107795508231,0.472827247024138,0,-0.138019940444051,0,5,240,4.06516608705628,6.38873169258471,4.06516608705628,0,0,0,0,0,0,0,0,0
8.85374905108094,0,0,0,1,-0.151003773203856,-1.22818786209227,1,-0.138019940444051,0,5,240,9.28738837422288,9.28738837422288,2.67894294963211,0,0,0,0,0,0,0,0,0
1.7452074741238,0,0,0,0,-0.474696316963622,-1.22345193978794,1,-0.138019940444051,0,5,240,2.03155786211258,8.62839251108346,2.03155786211258,0,0,0,0,0,0,0,0,0
0.642989592414693,0,0,0,0,-0.493382745817265,-0.358576220409961,1,1.02877328129891,0,5,241,0.95486004405094,6.18343694989443,0.95486004405094,0,0,0,0,0,0,0,0,0
2.4160352233361,0,0,0,0,-0.194659168264345,-0.0708088753877708,1,1.02877328129891,0,5,241,1.55230719915678,6.65732109599046,1.55230719915678,0,0,0,0,0,0,0,0,0
3.05689542452864,0,0,0,0,0.250254186619259,-0.315749942772475,0,1.02877328129891,0,5,241,2.44213390892399,4.64183193528481,2.44213390892399,0,0,0,0,0,0,0,0,0
0.76179603683725,0,0,0,0,0.81436810111847,0.254332016490643,0,1.02877328129891,0,5,241,3.57036173792241,5.73504651253461,3.57036173792241,0,0,0,0,0,0,0,0,0
3.87174010576385,0,0,0,1,-1.35697393026409,-0.857628749479907,1,1.02877328129891,0,5,241,5.06320474709176,5.06320474709176,-0.772322324842713,0,0,0,0,0,0,0,0,0
2.68844422440957,0,0,0,0,0.355473361533468,1.97528203530398,0,1.33580778523983,1,5,242,3.90184631926358,9.90358543825819,3.90184631926358,0,0,0,0,0,0,0,0,0
-1.18253428175133,0,0,0,1,-1.7764381715522,-0.160610040657487,0,1.33580778523983,1,5,242,-0.372073237709231,-0.372073237709231,-2.49786882286923,0,0,0,0,0,0,0,0,0
4.2980607213664,0,0,0,1,0.39579250238412,-0.430724689641364,1,1.33580778523983,1,5,242,6.86200163428619,6.86200163428619,1.57647787601954,0,0,0,0,0,0,0,0,0
0.484325454525785,0,0,0,1,-1.17893759852802,0.642002691082717,0,1.33580778523983,1,5,242,2.0119125102768,2.0119125102768,-0.500254945080651,0,0,0,0,0,0,0,0,0
-2.88283583358003,0,0,0,0,-1.1136504594884,-0.345566930571725,0,1.33580778523983,1,5,242,-1.35725028865587,0.862166214848893,-1.35725028865587,0,0,0,0,0,0,0,0,0
3.626283886233,0,0,0,1,-0.181860796803161,0.983575733294734,0,1.66920199751197,1,4,243,3.90104005431674,3.90104005431674,0.833618831190468,0,0,0,0,0,0,0,0,0
7.63684571392174,0,0,0,1,0.888107125236361,-1.12458402399718,1,1.66920199751197,1,4,243,7.23008414500729,7.23008414500729,0.865394917977597,0,0,0,0,0,0,0,0,0
4.67366046316836,0,0,0,1,0.715038857361036,-0.894316957384069,0,1.66920199751197,1,4,243,3.64932826910476,3.64932826910476,0.74952544884006,0,0,0,0,0,0,0,0,0
9.07280531890125,0,0,0,1,-0.350580739763278,1.40246422020907,0,1.66920199751197,1,4,243,4.98197332115122,4.98197332115122,0.915067432184574,0,0,0,0,0,0,0,0,0
1.92799981688417,0,0,0,0,-0.501804351061477,-0.837904646764704,0,0.530525454511262,1,5,244,0.877029393227961,3.67911359029784,0.877029393227961,0,0,0,0,0,0,0,0,0
12.1304209651361,0,0,0,1,0.869921677569124,-1.10424778456841,1,0.530525454511262,1,5,244,9.67350148240969,9.67350148240969,3.35413831268546,0,0,0,0,0,0,0,0,0
6.4699208537207,0,0,0,1,-0.123727754969356,0.596781098116423,0,0.530525454511262,1,5,244,5.52401600936237,5.52401600936237,3.06786833029333,0,0,0,0,0,0,0,0,0
5.71265136862642,0,0,0,0,0.490270102011039,1.23188418529796,1,0.530525454511262,1,5,244,4.93096713143566,11.5485057774229,4.93096713143566,0,0,0,0,0,0,0,0,0
3.87467352956353,0,0,0,0,-0.257675812051948,0.126858831930396,1,0.530525454511262,1,5,244,2.33004994994212,7.44614311318086,2.33004994994212,0,0,0,0,0,0,0,0,0
3.74826875171349,0,0,0,1,-1.36192136839215,0.228963754886776,0,-0.45209576042585,1,6,245,2.4531548425593,2.4531548425593,0.300730441507454,0,0,0,0,0,0,0,0,0
5.59121385668488,0,0,0,1,-0.545370556123336,0.727464157113031,0,-0.45209576042585,1,6,245,5.0615365681555,5.0615365681555,2.43233246827133,0,0,0,0,0,0,0,0,0
11.0001254454913,0,0,0,1,2.2768674542923,0.835427573412131,0,-0.45209576042585,1,6,245,10.982711135819,10.982711135819,8.1847719054017,0,0,0,0,0,0,0,0,0
11.681710633086,0,0,0,1,-0.454181558458974,-3.50054594294221,0,-0.45209576042585,1,6,245,12.740522262194,12.740522262194,-1.61329963645519,0,0,0,0,0,0,0,0,0
6.52643075872168,0,0,0,1,0.610450728026663,0.84045282007309,0,-0.45209576042585,1,6,245,7.6633246423002,7.6633246423002,4.85696369953139,0,0,0,0,0,0,0,0,0
2.0496396801418,0,0,0,0,-1.330943075434,2.30244164047481,0,-0.45209576042585,1,6,245,2.43616491301179,9.8374024208041,2.43616491301179,0,0,0,0,0,0,0,0,0
8.35031807397071,0,0,0,1,-0.333505293077765,0.784816723836036,1,0.245762111027886,1,4,246,8.77334441247635,8.77334441247635,3.05740712246362,0,0,0,0,0,0,0,0,0
6.86665174663421,0,0,0,0,1.04700803097393,0.0312634957624873,1,0.245762111027886,1,4,246,5.06488054249346,10.1658579486608,5.06488054249346,0,0,0,0,0,0,0,0,0
5.55678827716306,0,0,0,1,0.453319539431794,-1.43092959206595,0,0.245762111027886,1,4,246,6.56286996903078,6.56286996903078,2.41531047158076,0,0,0,0,0,0,0,0,0
5.9443142784469,0,0,0,1,-0.0251070255289344,-1.38539537545085,0,0.245762111027886,1,4,246,5.523311904595,5.523311904595,1.5039915582744,0,0,0,0,0,0,0,0,0
5.51971813064844,0,0,0,1,0.541008115511977,-0.394860524431553,0,0.0498898995160833,1,6,247,5.94058153827304,5.94058153827304,3.68466670451868,0,0,0,0,0,0,0,0,0
4.59752446303194,0,0,0,1,-0.74422633614797,-1.34762299661292,0,0.0498898995160833,1,6,247,4.0775230700174,4.0775230700174,0.161435329017414,0,0,0,0,0,0,0,0,0
3.92610896277058,0,0,0,0,0.877137926392836,-0.254839492953977,0,0.0498898995160833,1,6,247,4.49694735775797,6.66189052492701,4.49694735775797,0,0,0,0,0,0,0,0,0
12.183529265155,0,0,0,1,1.46378009699925,0.415989665481991,1,0.0498898995160833,1,6,247,11.6141082591946,11.6141082591946,6.34106085740677,0,0,0,0,0,0,0,0,0
2.06731642345513,0,0,0,0,0.248042271054994,-0.0829814800902098,0,0.0498898995160833,1,6,247,3.41061405994605,5.51749998598402,3.41061405994605,0,0,0,0,0,0,0,0,0
8.42406658706335,0,0,0,1,0.0820661569064179,-1.47326381843338,1,0.0498898995160833,1,6,247,8.95888577201064,8.95888577201064,1.68837949330573,0,0,0,0,0,0,0,0,0
0.231129238107855,0,0,0,0,-0.530447767290484,-0.571245212653674,0,1.1385668682005,1,5,248,0.0715247394014684,2.49784583238121,0.0715247394014684,0,0,0,0,0,0,0,0,0
8.35552558073838,0,0,0,1,0.562043777262103,-0.951680738370563,1,1.1385668682005,1,5,248,7.88176853057529,7.88176853057529,1.87607230278975,0,0,0,0,0,0,0,0,0
6.45995996980323,0,0,0,1,1.16700155222211,0.275342074386237,0,1.1385668682005,1,5,248,6.48882392339389,6.48882392339389,4.31301066546658,0,0,0,0,0,0,0,0,0
5.92681082039224,0,0,0,0,1.41394204916637,1.10373642104233,0,1.1385668682005,1,5,248,5.63528600601118,8.95352009314651,5.63528600601118,0,0,0,0,0,0,0,0,0
-1.51241393962738,0,0,0,1,-2.1679834676626,0.0335535525990414,0,1.1385668682005,1,5,248,-0.497622055198037,-0.497622055198037,-2.59874789609005,0,0,0,0,0,0,0,0,0
4.05896169153658,0,0,0,1,-0.169476339594033,-0.256808756419158,1,-1.5489995392736,1,5,249,5.1707897290965,5.1707897290965,0.00483899172294272,0,0,0,0,0,0,0,0,0
3.89369020637529,0,0,0,1,-0.150472671889451,-1.49944622226934,0,-1.5489995392736,1,5,249,3.14854783475973,3.14854783475973,-1.19979113871808,0,0,0,0,0,0,0,0,0
5.51202631449481,0,0,0,1,1.80307866168271,-0.575217046023304,0,-1.5489995392736,1,5,249,6.06241535470805,6.06241535470805,3.63154070467228,0,0,0,0,0,0,0,0,0
-2.46033117779251,0,0,0,0,-2.25158473029683,1.05334666722564,0,-1.5489995392736,1,5,249,-2.84922236603784,0.360316835317532,-2.84922236603784,0,0,0,0,0,0,0,0,0
-2.22784167579276,0,0,0,0,-2.69625712633273,0.967311223848047,0,-1.5489995392736,1,5,249,-3.82460260148725,-0.788911597704841,-3.82460260148725,0,0,0,0,0,0,0,0,0
1.56401064990674,0,0,0,0,-0.0328851019159138,-1.13654747375459,0,-0.120818852298575,1,5,250,1.78308512734284,5.17482528744077,1.78308512734284,0,0,0,0,0,0,0,0,0
3.66623970075215,0,0,0,0,0.181111073889087,1.02560220106139,1,-0.120818852298575,1,5,250,4.37322715376881,10.5250870285908,4.37322715376881,0,0,0,0,0,0,0,0,0
2.48083316745159,0,0,0,0,0.814994859229251,-0.956018861481443,0,-0.120818852298575,1,5,250,3.65937366190631,6.67334572541459,3.65937366190631,0,0,0,0,0,0,0,0,0
4.94366408692109,0,0,0,1,-0.000495841875876203,-0.983847269648262,0,-0.120818852298575,1,5,250,5.06851930152358,5.06851930152358,2.00056385152924,0,0,0,0,0,0,0,0,0
7.55620878000721,0,0,0,1,1.47590404831478,0.532128782867612,0,-0.120818852298575,1,5,250,8.85250072598259,8.85250072598259,6.46933968442642,0,0,0,0,0,0,0,0,0
5.38450893258388,0,0,0,1,0.497580640215411,0.894044246053219,0,0.962116001389257,1,5,251,6.86285344025566,6.86285344025566,3.96353832635479,0,0,0,0,0,0,0,0,0
7.64854964213206,0,0,0,1,0.473905858962125,-0.259035614486436,1,0.962116001389257,1,5,251,7.93020835288093,7.93020835288093,2.76310890330856,0,0,0,0,0,0,0,0,0
4.62984025343528,0,0,0,0,0.713490769284646,0.0375727244513599,0,0.962116001389257,1,5,251,3.5388870628914,5.6402987725141,3.5388870628914,0,0,0,0,0,0,0,0,0
1.83065427642074,0,0,0,0,-1.34536378429899,0.498121585067845,1,0.962116001389257,1,5,251,-0.118273183659392,5.22985192985111,-0.118273183659392,0,0,0,0,0,0,0,0,0
6.66356381542833,0,0,0,1,1.14514715234079,0.688135365572131,0,0.962116001389257,1,5,251,7.62629275147555,7.62629275147555,5.05276247012445,0,0,0,0,0,0,0,0,0
11.284144949103,0,0,0,1,2.4770948593004,0.465665336867251,0,0.74886981208666,1,5,252,10.175893265973,10.175893265973,7.85904906001334,0,0,0,0,0,0,0,0,0
7.34148132139441,0,0,0,1,0.219962782857706,-0.0829944424793517,1,0.74886981208666,1,5,252,7.90301320526381,7.90301320526381,2.79612512778135,0,0,0,0,0,0,0,0,0
4.36070631500591,0,0,0,1,-1.08364134280694,-1.67827148137424,0,0.74886981208666,1,5,252,3.51023500275125,3.51023500275125,-1.40636016244284,0,0,0,0,0,0,0,0,0
4.43583114682254,0,0,0,1,0.986926511497954,-0.859468687110685,0,0.74886981208666,1,5,252,6.39226476455428,6.39226476455428,3.55357834043051,0,0,0,0,0,0,0,0,0
6.3089999109427,0,0,0,1,-0.412213636435292,-0.500139681433847,1,0.74886981208666,1,5,252,6.46476675118561,6.46476675118561,1.11462705024086,0,0,0,0,0,0,0,0,0
6.43296672745496,0,0,0,1,-0.645748894337963,0.303644375119497,1,-0.288954552542611,1,6,253,7.12085175955018,7.12085175955018,1.92865185300847,0,0,0,0,0,0,0,0,0
3.51971416674531,0,0,0,0,-0.349099157585918,1.71458694599378,0,-0.288954552542611,1,6,253,3.93289389738684,8.97270229275913,3.93289389738684,0,0,0,0,0,0,0,0,0
1.24658906349966,0,0,0,1,-1.97940580030123,-1.520440033603,0,-0.288954552542611,1,6,253,1.84899152814213,1.84899152814213,-2.56274636764056,0,0,0,0,0,0,0,0,0
2.99271423131155,0,0,0,0,-0.161740046112443,0.250233586673017,0,-0.288954552542611,1,6,253,2.84325876101303,5.00587560891227,2.84325876101303,0,0,0,0,0,0,0,0,0
3.14795851486938,0,0,0,0,-0.674243273040169,1.06627084897814,1,-0.288954552542611,1,6,253,2.63428956946271,8.87122309284328,2.63428956946271,0,0,0,0,0,0,0,0,0
-0.549879970902502,0,0,0,0,-0.952225415892461,-0.138992581328049,0,-0.288954552542611,1,6,253,0.873061853451929,2.99238079111616,0.873061853451929,0,0,0,0,0,0,0,0,0
4.07290028933469,0,0,0,0,0.576488196477681,1.06008452868684,0,1.52082515797561,1,6,254,2.90015176051067,6.12393096847187,2.90015176051067,0,0,0,0,0,0,0,0,0
4.13275968658387,0,0,0,1,0.922873977607763,-0.0417211779573623,1,1.52082515797561,1,6,254,7.59285827281678,7.59285827281678,2.49111761612664,0,0,0,0,0,0,0,0,0
5.9876472755147,0,0,0,1,0.179042369477788,0.0826928646015932,1,1.52082515797561,1,6,254,6.23470655228166,6.23470655228166,1.12786844242564,0,0,0,0,0,0,0,0,0
2.98166846146243,0,0,0,0,0.596480003271618,1.20953927734739,0,1.52082515797561,1,6,254,3.08959012275909,6.65257538620513,3.08959012275909,0,0,0,0,0,0,0,0,0
1.76371650827156,0,0,0,0,0.509277313278008,0.088833695990886,0,1.52082515797561,1,6,254,1.79447916141537,3.90237058695878,1.79447916141537,0,0,0,0,0,0,0,0,0
0.0115471534571795,0,0,0,0,-0.647871446539789,0.366311878314436,0,1.52082515797561,1,6,254,-0.242340175896671,1.99184421629758,-0.242340175896671,0,0,0,0,0,0,0,0,0
5.51748382494652,0,0,0,0,-0.387471646133497,1.06142999712331,1,0.175134691226397,1,5,255,3.25581454478536,9.48244818357856,3.25581454478536,0,0,0,0,0,0,0,0,0
9.29302663036629,0,0,0,1,0.78929369586668,0.803422940263238,0,0.175134691226397,1,5,255,8.09682659286686,8.09682659286686,5.35133817192563,0,0,0,0,0,0,0,0,0
4.96583294023318,0,0,0,1,-0.292996601026097,0.581504856940621,0,0.175134691226397,1,5,255,5.40298739346299,5.40298739346299,2.96483949481746,0,0,0,0,0,0,0,0,0
3.61515700656724,0,0,0,0,-0.856393995938737,0.666956350350212,0,0.175134691226397,1,5,255,1.92349619840177,4.46832697167425,1.92349619840177,0,0,0,0,0,0,0,0,0
6.13416986356228,0,0,0,1,-0.189984523993309,0.516465300142775,0,0.175134691226397,1,5,255,5.47256049833676,5.47256049833676,3.10582409208519,0,0,0,0,0,0,0,0,0
8.29093903153055,0,0,0,1,0.0638028678082877,-0.562133254456537,1,0.43664199059307,1,6,256,7.79081004897686,7.79081004897686,2.37481625321096,0,0,0,0,0,0,0,0,0
5.63981429771438,0,0,0,1,0.885691091179647,-0.515068551898721,0,0.43664199059307,1,6,256,6.43095301566654,6.43095301566654,4.06565740251149,0,0,0,0,0,0,0,0,0
9.72351383737211,0,0,0,1,1.23705225942608,-0.590826428612947,1,0.43664199059307,1,6,256,10.1416977310377,10.1416977310377,4.69262186229014,0,0,0,0,0,0,0,0,0
-4.4677850909428,0,0,0,0,-2.07548011813154,-2.404788514387,1,0.43664199059307,1,6,256,-3.74640497859917,7.13660282032847,-3.74640497859917,0,0,0,0,0,0,0,0,0
1.55570310573208,0,0,0,0,-0.366092248153886,-0.171750733026216,1,0.43664199059307,1,6,256,1.90540854271693,7.03490685701198,1.90540854271693,0,0,0,0,0,0,0,0,0
10.190060027875,0,0,0,1,-0.0442232673618404,0.339347566436074,1,0.43664199059307,1,6,256,8.2754015746094,8.2754015746094,3.06024480376331,0,0,0,0,0,0,0,0,0
5.39490555973012,0,0,0,1,0.239603089215911,-1.29969101224713,0,-0.0421747184019909,1,4,257,5.96693318662837,5.96693318662837,2.17773645931241,0,0,0,0,0,0,0,0,0
7.03918476934004,0,0,0,1,0.232169952667811,-1.16722301740155,0,-0.0421747184019909,1,4,257,5.75774775341376,5.75774775341376,2.29533818106179,0,0,0,0,0,0,0,0,0
7.89920163735792,0,0,0,1,-0.223831480583476,1.1318726321475,0,-0.0421747184019909,1,4,257,7.06356661951277,7.06356661951277,3.68243096410826,0,0,0,0,0,0,0,0,0
2.81224245226842,0,0,0,1,-0.684402911344115,-1.29197655284404,0,-0.0421747184019909,1,4,257,4.10664233069421,4.10664233069421,0.337438917595441,0,0,0,0,0,0,0,0,0
14.4400314524655,0,0,0,1,1.37821365735025,-2.55101077977485,1,0.304679370643553,1,5,258,14.7202430145574,14.7202430145574,3.1125870160299,0,0,0,0,0,0,0,0,0
-0.490369783917314,0,0,0,0,-1.24410424237946,-0.681055991912754,0,0.304679370643553,1,5,258,-0.262093995567426,2.30174326855284,-0.262093995567426,0,0,0,0,0,0,0,0,0
0.404581604156034,0,0,0,0,-1.30440903721947,0.223639302618885,1,0.304679370643553,1,5,258,0.52199170928419,5.67200624696005,0.52199170928419,0,0,0,0,0,0,0,0,0
8.81051210919565,0,0,0,1,0.060313659134745,0.141382360342621,1,0.304679370643553,1,5,258,8.28916913153241,8.28916913153241,3.16918015971636,0,0,0,0,0,0,0,0,0
6.49326201948429,0,0,0,0,1.04399842883873,1.00483764956126,1,0.304679370643553,1,5,258,6.00000498834297,12.1097036903188,6.00000498834297,0,0,0,0,0,0,0,0,0
7.06426482158286,0,0,0,1,1.62079600222112,-1.47443035425274,0,-1.48413698626875,0,6,259,8.31287427997322,8.31287427997322,4.03892941043136,0,0,0,0,0,0,0,0,0
2.65594638387242,0,0,0,1,-0.366868930045176,-1.00599895370764,0,-1.48413698626875,0,6,259,3.17563344075964,3.17563344075964,0.0635995458987684,0,0,0,0,0,0,0,0,0
6.0882503634845,0,0,0,1,1.05439693732045,-1.32669902773576,0,-1.48413698626875,0,6,259,6.76626159082504,6.76626159082504,2.90613128063002,0,0,0,0,0,0,0,0,0
5.45243885424416,0,0,0,1,0.60950282212807,-1.5652847786161,0,-1.48413698626875,0,6,259,6.56645948841252,6.56645948841252,2.01634305024526,0,0,0,0,0,0,0,0,0
4.38416236947759,0,0,0,1,-0.113972966596946,0.884085122758953,0,-1.48413698626875,0,6,259,3.45099797707894,3.45099797707894,0.569391472795229,0,0,0,0,0,0,0,0,0
-1.09645447895258,0,0,0,0,-0.935370085097032,0.118592682297572,0,-1.48413698626875,0,6,259,-1.07340276420494,1.04066146008959,-1.07340276420494,0,0,0,0,0,0,0,0,0
5.23649130834773,0,0,0,1,-0.264376826465709,-0.18305594279113,0,0.140563061350564,1,6,260,4.40194190825236,4.40194190825236,2.26843243006121,0,0,0,0,0,0,0,0,0
1.21453323367082,0,0,0,0,-1.61087514743021,1.02560555629997,0,0.140563061350564,1,6,260,0.784097287223301,3.93596404433667,0.784097287223301,0,0,0,0,0,0,0,0,0
8.47237950391453,0,0,0,1,0.540224129281675,0.952111645499401,0,0.140563061350564,1,6,260,8.01931851534209,8.01931851534209,5.01280192984651,0,0,0,0,0,0,0,0,0
8.30892220592144,0,0,0,1,0.244724815490478,-0.793208300299908,1,0.140563061350564,1,6,260,8.40566276412947,8.40566276412947,2.6764833564648,0,0,0,0,0,0,0,0,0
3.24041478765321,0,0,0,0,0.603224008336974,-0.615071693382293,0,0.140563061350564,1,6,260,3.57161834907541,6.04993153707557,3.57161834907541,0,0,0,0,0,0,0,0,0
8.71063537774595,0,0,0,1,0.312136750572761,-0.951287433892986,1,0.140563061350564,1,6,260,8.658175874919,8.658175874919,2.65322809303629,0,0,0,0,0,0,0,0,0
5.07471456543507,0,0,0,1,-0.143209601088108,-0.703758139247413,0,-0.465391314154441,0,4,261,5.09226724109037,5.09226724109037,2.49699172253339,0,0,0,0,0,0,0,0,0
10.562548498803,0,0,0,1,1.59765498945197,0.758850201371491,1,-0.465391314154441,0,4,261,11.6545745317351,11.6545745317351,5.97872090361355,0,0,0,0,0,0,0,0,0
2.79251952279483,0,0,0,0,-0.076323711281624,0.895763385127911,0,-0.465391314154441,0,4,261,2.63076350214635,5.53315554428217,2.63076350214635,0,0,0,0,0,0,0,0,0
6.5548554806929,0,0,0,1,-0.470623668933138,0.474967211374275,1,-0.465391314154441,0,4,261,7.16775743872398,7.16775743872398,1.84216358684333,0,0,0,0,0,0,0,0,0
7.22351461542362,0,0,0,1,0.553798704855331,1.01160914096604,0,-1.01364584526246,1,5,262,7.21508170514489,7.21508170514489,4.09172865105885,0,0,0,0,0,0,0,0,0
10.1610822084263,0,0,0,1,0.0641596327961266,0.981960157326691,1,-1.01364584526246,1,5,262,9.14704727387816,9.14704727387816,3.0828015233011,0,0,0,0,0,0,0,0,0
1.91431120798512,0,0,0,0,-0.0223629992594251,-0.950987813904209,0,-1.01364584526246,1,5,262,0.976808287959094,3.9811861101534,0.976808287959094,0,0,0,0,0,0,0,0,0
7.61935174726217,0,0,0,1,-0.901804082056353,1.5301017997654,1,-1.01364584526246,1,5,262,9.14022725368017,9.14022725368017,1.69901573603485,0,0,0,0,0,0,0,0,0
7.09286992681634,0,0,0,1,0.455661067610548,0.460372864479251,0,-1.01364584526246,1,5,262,5.65616027443133,5.65616027443133,3.3442171000825,0,0,0,0,0,0,0,0,0
6.092375269697,0,0,0,1,-0.372152065384412,-0.147009958386678,1,0.533346931901558,1,6,263,6.94583888894055,6.94583888894055,1.82422696107569,0,0,0,0,0,0,0,0,0
5.38222341638319,0,0,0,1,-0.197838679660653,0.101723875200162,0,0.533346931901558,1,6,263,4.53193531289579,4.53193531289579,2.42158756611005,0,0,0,0,0,0,0,0,0
7.65014693760585,0,0,0,1,0.0919132638392917,1.33880357326733,0,0.533346931901558,1,6,263,8.13056615897049,8.13056615897049,4.23817115117711,0,0,0,0,0,0,0,0,0
5.45576926929033,0,0,0,0,0.582987892934506,1.21692058930757,0,0.533346931901558,1,6,263,5.09843742540777,8.67933314608845,5.09843742540777,0,0,0,0,0,0,0,0,0
2.10624959404483,0,0,0,0,-0.464882222942899,0.0376389210980187,0,0.533346931901558,1,6,263,1.82341552544342,3.92483221382484,1.82341552544342,0,0,0,0,0,0,0,0,0
5.36823730457491,0,0,0,1,-1.4541687033176,1.18314874208604,0,0.533346931901558,1,6,263,4.49019333158182,4.49019333158182,0.990352385682038,0,0,0,0,0,0,0,0,0
7.52302442990379,0,0,0,1,-0.0264030925812286,0.358842119583608,1,-1.20025327251658,1,4,264,7.09419568302165,7.09419568302165,1.8654280162344,0,0,0,0,0,0,0,0,0
3.03118149852326,0,0,0,0,-0.363451522471592,2.20532751747221,0,-1.20025327251658,1,4,264,3.03781655434227,10.0012860136624,3.03781655434227,0,0,0,0,0,0,0,0,0
9.87377799545319,0,0,0,1,0.948956079504848,-1.45668794966999,1,-1.20025327251658,1,4,264,9.22255607386671,9.22255607386671,2.00061629115296,0,0,0,0,0,0,0,0,0
8.34254293150304,0,0,0,1,1.55133854355864,0.437138092682211,0,-1.20025327251658,1,4,264,7.39029697368658,7.39029697368658,5.09920726161274,0,0,0,0,0,0,0,0,0
2.6107317829135,0,0,0,1,-0.388260359204195,-0.93584516133287,0,1.10947286870322,1,5,265,3.03251023986034,3.03251023986034,0.0567040738701957,0,0,0,0,0,0,0,0,0
2.34801880694369,0,0,0,1,-0.390317422539058,-0.904357777347523,0,1.10947286870322,1,5,265,3.00194032063477,3.00194032063477,0.0840773311858156,0,0,0,0,0,0,0,0,0
1.73723445591936,0,0,0,0,-0.760089503360958,-0.830875121738218,1,1.10947286870322,1,5,265,-0.581984174848679,5.20836929307482,-0.581984174848679,0,0,0,0,0,0,0,0,0
-2.55525295206213,0,0,0,0,-1.59540317419124,-0.657277914448254,0,1.10947286870322,1,5,265,-2.07901430921928,0.452999947602169,-2.07901430921928,0,0,0,0,0,0,0,0,0
7.4094306430873,0,0,0,1,0.55923233270364,-0.731884409215047,1,1.10947286870322,1,5,265,7.79130499825575,7.79130499825575,2.15565020980369,0,0,0,0,0,0,0,0,0
0.653237742645359,0,0,0,0,-1.11556718062561,1.38954376920451,1,-0.0874163086860843,0,4,266,0.761224027724484,7.79205591425955,0.761224027724484,0,0,0,0,0,0,0,0,0
5.17345618148198,0,0,0,0,0.511370607803245,-0.548994154225963,0,-0.0874163086860843,0,4,266,4.01509960458219,6.41649418595647,4.01509960458219,0,0,0,0,0,0,0,0,0
4.40838541798825,0,0,0,1,0.295155918852479,0.166124378848667,0,-0.0874163086860843,0,4,266,5.71026753592851,5.71026753592851,3.58267022668066,0,0,0,0,0,0,0,0,0
1.80789551815347,0,0,0,0,-0.487102348547983,0.67764167474775,0,-0.0874163086860843,0,4,266,2.01815369187973,4.57735193123467,2.01815369187973,0,0,0,0,0,0,0,0,0
10.3706232484724,0,0,0,1,0.397083018847521,0.212073049127442,1,0.528909368456933,1,5,267,8.87146894494718,8.87146894494718,3.72649396678097,0,0,0,0,0,0,0,0,0
-0.10774430869173,0,0,0,0,-1.23037231994522,-0.505780371958223,1,0.528909368456933,1,5,267,-0.246270131890184,5.10954365276802,-0.246270131890184,0,0,0,0,0,0,0,0,0
5.98279047046669,0,0,0,1,-0.0332392890386777,-0.375340592618919,0,0.528909368456933,1,5,267,4.51931626972974,4.51931626972974,2.27843570926221,0,0,0,0,0,0,0,0,0
6.90601788632222,0,0,0,1,-0.281077462939692,-1.64751859206103,0,0.528909368456933,1,5,267,5.32489887320483,5.32489887320483,0.510581362018071,0,0,0,0,0,0,0,0,0
5.39522757492497,0,0,0,1,-0.172730276001759,0.0564876793040883,0,0.528909368456933,1,5,267,4.53447286517222,4.53447286517222,2.43128200725906,0,0,0,0,0,0,0,0,0
8.8689338425448,0,0,0,1,-0.26351203728065,0.560357055843748,1,0.358811524038564,1,5,268,8.31858730153344,8.31858730153344,2.90458727149957,0,0,0,0,0,0,0,0,0
5.21107885143074,0,0,0,1,-0.433047104505003,-0.135389864881284,0,0.358811524038564,1,5,268,3.98810063183841,3.98810063183841,1.86977021632583,0,0,0,0,0,0,0,0,0
4.57356608902666,0,0,0,0,0.358061227632836,-0.968009693914524,1,0.358811524038564,1,5,268,2.61936705156827,8.65640981908076,2.61936705156827,0,0,0,0,0,0,0,0,0
3.46872295058814,0,0,0,1,0.619408967547868,0.125701972541619,0,0.358811524038564,1,5,268,6.35157518375533,6.35157518375533,4.23577419785448,0,0,0,0,0,0,0,0,0
4.98408769673913,0,0,0,0,1.09183376743124,0.670125526792555,0,0.358811524038564,1,5,268,5.72504735187215,8.27411557353115,5.72504735187215,0,0,0,0,0,0,0,0,0
1.16322756175898,0,0,0,0,-0.282465549986504,0.500077439935778,0,1.55113898068579,1,4,269,0.529114202559816,2.87919164849254,0.529114202559816,0,0,0,0,0,0,0,0,0
-4.74093251321408,0,0,0,0,-1.67276178359046,-0.421286400440488,1,1.55113898068579,1,4,269,-3.17284210502436,2.10464012617174,-3.17284210502436,0,0,0,0,0,0,0,0,0
3.61881753802971,0,0,0,0,1.75356247854117,0.619292684412928,0,1.55113898068579,1,4,269,4.72038550409232,7.20390893305969,4.72038550409232,0,0,0,0,0,0,0,0,0
2.36593860818072,0,0,0,1,0.128176470808379,-0.103258331582917,0,1.55113898068579,1,4,269,2.85772475567217,2.85772475567217,0.747062472630886,0,0,0,0,0,0,0,0,0
3.20585872761173,0,0,0,1,0.0989486942068091,0.828359644675128,0,0.580349376088357,1,4,270,6.47563133568891,6.47563133568891,3.6894516347626,0,0,0,0,0,0,0,0,0
2.5813675191402,0,0,0,1,-1.12735639972996,-1.6941014166522,0,0.580349376088357,1,4,270,3.68435999546473,3.68435999546473,-1.28561961443826,0,0,0,0,0,0,0,0,0
2.72524745100355,0,0,0,0,0.744248068051644,-0.58453939187605,1,0.580349376088357,1,4,270,3.56715134590109,9.00883764655591,3.56715134590109,0,0,0,0,0,0,0,0,0
9.62164740722249,0,0,0,1,1.07726838983799,-0.720540684929853,1,0.580349376088357,1,4,270,9.71636957505917,9.71636957505917,4.09719069641999,0,0,0,0,0,0,0,0,0
3.76579426857988,0,0,0,1,0.339276620090774,-0.266502500962611,0,-0.482932192006494,1,6,271,5.34985082016207,5.34985082016207,3.17882723714274,0,0,0,0,0,0,0,0,0
7.99431976006891,0,0,0,1,1.30316284846866,0.40350954947181,0,-0.482932192006494,1,6,271,8.03943170084787,8.03943170084787,5.77661174433293,0,0,0,0,0,0,0,0,0
-0.338097491252065,0,0,0,0,-1.16680423289737,0.154073782418994,1,-0.482932192006494,1,6,271,0.587241814548054,5.71098054497695,0.587241814548054,0,0,0,0,0,0,0,0,0
4.45426055310451,0,0,0,1,0.0724156543071632,-0.412872987010782,0,-0.482932192006494,1,6,271,4.76919892293055,4.76919892293055,2.49873481952735,0,0,0,0,0,0,0,0,0
4.64203919794768,0,0,0,0,-0.407698660487,2.28060912652481,0,-0.482932192006494,1,6,271,4.23198830347461,11.5331662914628,4.23198830347461,0,0,0,0,0,0,0,0,0
-2.85790842191489,0,0,0,0,-2.080323623044,0.875215583384978,0,-0.482932192006494,1,6,271,-0.518655164779211,2.3473471526207,-0.518655164779211,0,0,0,0,0,0,0,0,0
0.936008330229424,0,0,0,0,-0.670673101791984,1.12878950736296,0,-1.18223725937281,1,5,272,1.38975836632967,4.76392411826239,1.38975836632967,0,0,0,0,0,0,0,0,0
1.29728517727123,0,0,0,0,0.0830550656611023,-0.811969270625519,1,-1.18223725937281,1,5,272,0.956455923247364,6.7157500196875,0.956455923247364,0,0,0,0,0,0,0,0,0
2.6272454808486,0,0,0,0,0.148191643518827,0.0491543128187748,1,-1.18223725937281,1,5,272,1.94785266240711,7.05026880887579,1.94785266240711,0,0,0,0,0,0,0,0,0
7.34387407533441,0,0,0,1,0.0463883610160465,0.127816742933663,1,-1.18223725937281,1,5,272,6.93924564729061,6.93924564729061,1.82290852751643,0,0,0,0,0,0,0,0,0
5.1288200452994,0,0,0,1,0.643102817781732,0.0720581085463701,0,-1.18223725937281,1,5,272,5.06577117766779,5.06577117766779,2.96057880666051,0,0,0,0,0,0,0,0,0
5.66016647550951,0,0,0,1,0.461637378034594,-1.41814131643023,0,-0.385998971555184,1,4,273,6.46726302696377,6.46726302696377,2.3561382335973,0,0,0,0,0,0,0,0,0
11.4432553127384,0,0,0,1,1.90272660479264,-0.148184348396866,1,-0.385998971555184,1,4,273,11.6302322562566,11.6302322562566,6.50827365514676,0,0,0,0,0,0,0,0,0
-0.141561578078036,0,0,0,1,-2.07290640232329,-0.233721027815253,0,-0.385998971555184,1,4,273,0.626096480339531,0.626096480339531,-1.52852903850349,0,0,0,0,0,0,0,0,0
2.36445498588206,0,0,0,0,-0.48302230509812,0.153610389110237,0,-0.385998971555184,1,4,273,2.03857057287234,4.16216672451494,2.03857057287234,0,0,0,0,0,0,0,0,0
4.8649129914305,0,0,0,1,0.262818919683004,0.245376796782979,0,-0.889356868233958,0,6,274,4.89489197269057,4.89489197269057,2.73468220029109,0,0,0,0,0,0,0,0,0
0.125474026007225,0,0,0,0,-1.6538157037327,0.788858121455941,0,-0.889356868233958,0,6,274,-1.0985870465403,1.62371008924669,-1.0985870465403,0,0,0,0,0,0,0,0,0
1.11079278962209,0,0,0,0,0.170322834429463,-0.75229617020773,0,-0.889356868233958,0,6,274,2.54969002978401,5.21563955749323,2.54969002978401,0,0,0,0,0,0,0,0,0
2.94295911903102,0,0,0,0,-0.212020153503703,0.717979619462128,0,-0.889356868233958,0,6,274,1.78500405391768,4.40049878788066,1.78500405391768,0,0,0,0,0,0,0,0,0
1.9165880470358,0,0,0,0,-0.976192375821155,0.265643883354039,0,-0.889356868233958,0,6,274,0.256659609282776,2.42722628204619,0.256659609282776,0,0,0,0,0,0,0,0,0
1.41848405729017,0,0,0,0,-0.905349705558286,-1.17528581490602,0,-0.889356868233958,0,6,274,0.398344949808514,3.87964169652783,0.398344949808514,0,0,0,0,0,0,0,0,0
0.349057454457208,0,0,0,0,-1.97784708742553,1.19743623401995,1,0.615757938909767,1,4,275,-0.13741578016151,6.39643775438237,-0.13741578016151,0,0,0,0,0,0,0,0,0
3.46104110648349,0,0,0,1,-0.0782830712333271,0.692877392346177,0,0.615757938909767,1,4,275,5.73723249137356,5.73723249137356,3.15715341054912,0,0,0,0,0,0,0,0,0
8.62077018021641,0,0,0,1,0.151531839409248,-1.57400947759474,1,0.615757938909767,1,4,275,8.92740219745141,8.92740219745141,1.34989636189335,0,0,0,0,0,0,0,0,0
11.629125945203,0,0,0,1,1.84231612699808,-0.865888304045397,1,0.615757938909767,1,4,275,11.289348665703,11.289348665703,5.43958611062037,0,0,0,0,0,0,0,0,0
12.2216572103301,0,0,0,1,1.1546397898933,2.01474945469941,0,-0.590075803739948,0,5,276,11.1203054908388,11.1203054908388,4.96109012562725,0,0,0,0,0,0,0,0,0
2.83014522539642,0,0,0,0,0.611587694883122,-0.0863956816822184,0,-0.590075803739948,0,5,276,3.8749859356069,5.98245014942023,3.8749859356069,0,0,0,0,0,0,0,0,0
8.90238528863293,0,0,0,1,0.444050001213018,-1.48379517273006,0,-0.590075803739948,0,5,276,7.84155866288372,7.84155866288372,3.53991054826669,0,0,0,0,0,0,0,0,0
3.55227545887428,0,0,0,0,-0.456896130410306,1.40786413554737,0,-0.590075803739948,0,5,276,1.73801828502004,5.82009970918058,1.73801828502004,0,0,0,0,0,0,0,0,0
5.52790450947006,0,0,0,0,1.01445417184199,3.07700325514402,0,-0.590075803739948,0,5,276,4.68071888952462,16.2486679216915,4.68071888952462,0,0,0,0,0,0,0,0,0
-0.57691287379735,0,0,0,0,-1.40266200309898,1.4966017172414,0,0.844927254606292,1,4,277,0.977375645466912,5.31719234551681,0.977375645466912,0,0,0,0,0,0,0,0,0
6.2039822706508,0,0,0,1,1.70609419064566,0.15858901057381,0,0.844927254606292,1,4,277,7.98202580056339,7.98202580056339,5.8568753262886,0,0,0,0,0,0,0,0,0
0.972266290194664,0,0,0,0,-0.659837802578374,1.14112793138073,0,0.844927254606292,1,4,277,2.10755026064745,5.50972321642471,2.10755026064745,0,0,0,0,0,0,0,0,0
-0.978443422976803,0,0,0,0,-0.485869427451453,-1.70911560090538,0,0.844927254606292,1,4,277,-0.394756521384814,4.62631961587335,-0.394756521384814,0,0,0,0,0,0,0,0,0
1.42684543046849,0,0,0,0,0.248647908953442,-1.69617919648032,1,0.145600098786437,1,5,278,1.77991723265994,9.75694109923258,1.77991723265994,0,0,0,0,0,0,0,0,0
2.69102703909711,0,0,0,0,-0.517757793359075,0.611824836472533,0,0.145600098786437,1,5,278,2.55510986098776,5.02943949151241,2.55510986098776,0,0,0,0,0,0,0,0,0
4.53342337433131,0,0,0,0,0.977481644404597,-1.18495975872018,0,0.145600098786437,1,5,278,3.7488041413224,7.25293377110858,3.7488041413224,0,0,0,0,0,0,0,0,0
5.45115456598529,0,0,0,1,-1.01213377726816,-0.498820728417117,1,0.145600098786437,1,5,278,5.80453444737853,5.80453444737853,0.455712328279948,0,0,0,0,0,0,0,0,0
7.52677227263241,0,0,0,1,1.41200050079435,-0.121631622077058,0,0.145600098786437,1,5,278,7.79596424223412,7.79596424223412,5.68116999074502,0,0,0,0,0,0,0,0,0
0.31816546414003,0,0,0,1,-0.621859967071258,-0.637508744885519,0,-1.73065445815682,1,4,279,0.630023867239402,0.630023867239402,-1.87639353256611,0,0,0,0,0,0,0,0,0
7.34434803716812,0,0,0,1,-0.332220505667703,-1.7867606487039,1,-1.73065445815682,1,4,279,5.84614710217941,5.84614710217941,-2.44636651357738,0,0,0,0,0,0,0,0,0
4.81415241599688,0,0,0,1,-0.631818939053432,1.24965269541302,0,-1.73065445815682,1,4,279,3.65248182292109,3.65248182292109,-0.00915003623192412,0,0,0,0,0,0,0,0,0
4.96042985196762,0,0,0,1,-0.217897924743481,-0.10688076803576,1,-1.73065445815682,1,4,279,4.57358202751512,4.57358202751512,-0.537841471060795,0,0,0,0,0,0,0,0,0
6.96900980291391,0,0,0,1,0.0936210154822737,-0.165000111109316,1,1.49295789001885,1,4,280,5.92054369515179,5.92054369515179,0.793318658485705,0,0,0,0,0,0,0,0,0
6.01072014407608,0,0,0,1,0.0914578391574528,1.34743806635721,0,1.49295789001885,1,4,280,6.21701982597106,6.21701982597106,2.30143048330259,0,0,0,0,0,0,0,0,0
2.33685241225109,0,0,0,0,1.04992633800791,-0.472101193879433,0,1.49295789001885,1,4,280,2.39882822076686,4.72170775802924,2.39882822076686,0,0,0,0,0,0,0,0,0
1.5372410545712,0,0,0,0,-0.446818216008525,1.15005035598398,0,1.49295789001885,1,4,280,1.02749066259741,4.4501064838963,1.02749066259741,0,0,0,0,0,0,0,0,0
9.5239028266996,0,0,0,1,-0.37782822796718,0.881891439139661,1,0.0946541675972841,1,5,281,8.99500808218959,8.99500808218959,3.11727557176177,0,0,0,0,0,0,0,0,0
12.9713363503141,0,0,0,1,1.22672118688162,1.49932427698914,1,0.0946541675972841,1,5,281,14.2917805268779,14.2917805268779,6.94380723930885,0,0,0,0,0,0,0,0,0
8.39825720125719,0,0,0,1,-0.0806803912167827,0.399317248899902,1,0.0946541675972841,1,5,281,8.48845132029179,8.48845132029179,3.2289970550228,0,0,0,0,0,0,0,0,0
1.76403340594383,0,0,0,1,-1.60841532338669,-0.414323472384734,0,0.0946541675972841,1,5,281,1.6315504091673,1.6315504091673,-0.640113530601643,0,0,0,0,0,0,0,0,0
8.26283182844173,0,0,0,1,-0.406795830549158,0.86983363404441,1,0.0946541675972841,1,5,281,8.90389311241746,8.90389311241746,3.04728256150256,0,0,0,0,0,0,0,0,0
-2.01367924487399,0,0,0,0,-0.12372936132444,0.21402120524887,0,2.44814771998674,1,5,282,-3.02686477627626,-0.881059699980085,-3.02686477627626,0,0,0,0,0,0,0,0,0
-3.40437887593026,0,0,0,0,0.766132322665896,-2.00533509911817,0,2.44814771998674,1,5,282,-3.46649771266263,2.65487114709264,-3.46649771266263,0,0,0,0,0,0,0,0,0
-5.11902659451303,0,0,0,0,-0.823430134728467,0.734773765944434,0,2.44814771998674,1,5,282,-3.90551376238875,-1.26562127526859,-3.90551376238875,0,0,0,0,0,0,0,0,0
2.29568744811713,0,0,0,1,1.75785827504202,-1.20888575193587,0,2.44814771998674,1,5,282,2.87480830050547,2.87480830050547,-0.686596460728087,0,0,0,0,0,0,0,0,0
6.83637104944912,0,0,0,1,0.298291639566875,1.87168402107474,1,2.44814771998674,1,5,282,8.07804111607873,8.07804111607873,-0.525159958667768,0,0,0,0,0,0,0,0,0
5.66989453743001,0,0,0,1,-0.162505572815561,1.67706862788872,0,-1.07909404435407,1,6,283,8.10017270834571,8.10017270834571,3.18761352569717,0,0,0,0,0,0,0,0,0
5.6473409417446,0,0,0,1,1.14465139126421,-0.027250465763992,0,-1.07909404435407,1,6,283,6.19835094808835,6.19835094808835,4.097608360204,0,0,0,0,0,0,0,0,0
4.80924103528013,0,0,0,1,0.862032450944981,-0.0334646083114595,0,-1.07909404435407,1,6,283,5.62727621702752,5.62727621702752,3.52615633701808,0,0,0,0,0,0,0,0,0
2.3001785013111,0,0,0,1,-0.533612912387395,-0.136545744831012,0,-1.07909404435407,1,6,283,2.75042921426523,2.75042921426523,0.631784473833773,0,0,0,0,0,0,0,0,0
-0.451237094185668,0,0,0,1,-1.00122673255767,-0.296619417938537,0,-1.07909404435407,1,6,283,1.72446623948389,1.72446623948389,-0.463516839614303,0,0,0,0,0,0,0,0,0
2.58129509832783,0,0,0,1,-1.03500060457052,1.32062567180846,0,-1.07909404435407,1,6,283,4.93023267114654,4.93023267114654,1.086180506107,0,0,0,0,0,0,0,0,0
-1.17401614461904,0,0,0,0,-0.674453543758579,-1.37804083458133,0,-0.381119206412334,1,5,284,0.127800228405146,4.12679677017876,0.127800228405146,0,0,0,0,0,0,0,0,0
1.98652766220386,0,0,0,0,0.509519506575243,-2.81252308571787,0,-0.381119206412334,1,5,284,1.06126407793625,11.0715501856322,1.06126407793625,0,0,0,0,0,0,0,0,0
3.4139822237966,0,0,0,0,-0.421046254431522,0.0626558429377213,1,-0.381119206412334,1,5,284,2.07531148457831,7.17923723923255,2.07531148457831,0,0,0,0,0,0,0,0,0
2.67369899798782,0,0,0,0,0.40277838052825,0.0287020333756928,1,-0.381119206412334,1,5,284,3.68900694493583,8.78983075165573,3.68900694493583,0,0,0,0,0,0,0,0,0
9.01502870329969,0,0,0,1,0.144058571577334,0.703074488002569,1,-0.381119206412334,1,5,284,9.44025351734095,9.44025351734095,3.84593978166087,0,0,0,0,0,0,0,0,0
4.17047651314131,0,0,0,1,0.239204507536942,0.0516837616272945,0,-0.430168626024095,1,5,285,5.44771894110167,5.44771894110167,3.34504772988572,0,0,0,0,0,0,0,0,0
4.34234491033344,0,0,0,0,0.510393911655064,1.57379600355446,1,-0.430168626024095,1,5,285,5.40953878004913,12.9863726408531,5.40953878004913,0,0,0,0,0,0,0,0,0
5.90961498970555,0,0,0,0,0.425370769538512,1.08058227874762,0,-0.430168626024095,1,5,285,4.74627877100918,8.01393683215257,4.74627877100918,0,0,0,0,0,0,0,0,0
8.77245414301872,0,0,0,1,2.1136733605681,-0.412468528982843,0,-0.430168626024095,1,5,285,8.89996343273917,8.89996343273917,6.6298331453379,0,0,0,0,0,0,0,0,0
-1.80183518206066,0,0,0,0,-1.67915386643057,-0.390936345181845,0,-0.430168626024095,1,5,285,-0.934289124858445,1.31854210112569,-0.934289124858445,0,0,0,0,0,0,0,0,0
7.81282254469908,0,0,0,1,-0.963674062470478,-0.835354067144368,1,0.423708096931235,1,4,286,5.85558567400422,5.85558567400422,0.0577692565095871,0,0,0,0,0,0,0,0,0
6.31865881727968,0,0,0,1,-0.0140635541371422,-0.485301264118984,1,0.423708096931235,1,4,286,7.64256039315713,7.64256039315713,2.30704307620164,0,0,0,0,0,0,0,0,0
5.31148128881834,0,0,0,0,0.374380305831084,0.316958378670049,0,0.423708096931235,1,4,286,3.88619043892713,6.08665305273627,3.88619043892713,0,0,0,0,0,0,0,0,0
8.79326758010452,0,0,0,1,0.297502970787535,1.37623325118827,0,0.423708096931235,1,4,286,8.7857286030345,8.7857286030345,4.79171064135825,0,0,0,0,0,0,0,0,0
8.53955988593186,0,0,0,1,1.39017236742794,-1.38484505451853,0,-0.850820782550138,0,5,287,9.07424455586108,9.07424455586108,5.05644873083665,0,0,0,0,0,0,0,0,0
3.33629090294572,0,0,0,0,-0.0756154881241413,2.04369210797411,0,-0.850820782550138,0,5,287,2.12487301973249,8.40155045192814,2.12487301973249,0,0,0,0,0,0,0,0,0
0.0859821686351089,0,0,0,0,-1.21173547378719,-0.134832065333774,0,-0.850820782550138,0,5,287,-0.147366951593605,1.97081273424857,-0.147366951593605,0,0,0,0,0,0,0,0,0
5.13141878562501,0,0,0,0,0.830296608581212,-0.216315721974437,0,-0.850820782550138,0,5,287,3.9366972131432,6.08348970471652,3.9366972131432,0,0,0,0,0,0,0,0,0
3.29744613459333,0,0,0,0,0.552872396925604,0.0893489160962084,0,-0.850820782550138,0,5,287,3.38184878983198,5.48983201863955,3.38184878983198,0,0,0,0,0,0,0,0,0
5.20752528808472,0,0,0,1,0.0275094547396581,-0.30836365497782,0,0.621739994659124,0,5,288,4.86354643223187,4.86354643223187,2.66845828852059,0,0,0,0,0,0,0,0,0
5.57342009890674,0,0,0,1,0.382759110034995,0.767317593627778,0,0.621739994659124,0,5,288,6.06773388860199,6.06773388860199,3.37895759911126,0,0,0,0,0,0,0,0,0
2.16541604816521,0,0,0,0,0.26464237946151,0.722705747999696,0,0.621739994659124,0,5,288,3.14272413796429,5.76502773615609,3.14272413796429,0,0,0,0,0,0,0,0,0
1.34873721407888,0,0,0,1,-1.29573694276372,-0.642137288866558,0,0.621739994659124,0,5,288,2.53430579126672,2.53430579126672,0.0219654935138241,0,0,0,0,0,0,0,0,0
9.33370033808841,0,0,0,1,0.354653153084418,-0.208920819750507,1,0.621739994659124,0,5,288,8.46639359413533,8.46639359413533,3.32274568521011,0,0,0,0,0,0,0,0,0
3.05332437523097,0,0,0,0,1.15036571175089,3.28254703266016,0,-0.623093765316747,0,5,289,4.91248558312519,17.7876006047512,4.91248558312519,0,0,0,0,0,0,0,0,0
2.26708741857467,0,0,0,1,-1.20916295359153,-0.477207982882928,0,-0.623093765316747,0,5,289,2.52115571136753,2.52115571136753,0.193428252440335,0,0,0,0,0,0,0,0,0
-1.27169732590854,0,0,0,0,-1.43421322596983,0.0283244685017593,0,-0.623093765316747,0,5,289,-0.256672292316255,1.84412998319965,-0.256672292316255,0,0,0,0,0,0,0,0,0
5.68272948683101,0,0,0,1,-0.638892082930827,0.749507210263202,0,-0.623093765316747,0,5,289,3.99573105199827,3.99573105199827,1.33396999376174,0,0,0,0,0,0,0,0,0
5.38085856261555,0,0,0,1,0.526141589679617,0.531015242958782,0,-0.623093765316747,0,5,289,6.04601452723721,6.04601452723721,3.66403733898263,0,0,0,0,0,0,0,0,0
7.49550212269353,0,0,0,1,-0.00287996003779579,-0.732909733252598,1,-1.23287817939401,0,5,290,7.11140815179492,7.11140815179492,1.47425147469853,0,0,0,0,0,0,0,0,0
5.13013057739586,0,0,0,1,0.041684297320597,-1.26807418942912,0,-1.23287817939401,0,5,290,5.27139213931164,5.27139213931164,1.56337998941532,0,0,0,0,0,0,0,0,0
4.30457583225223,0,0,0,0,1.15118078636578,1.02374351643357,0,-1.23287817939401,0,5,290,3.78237296750568,6.93042375494545,3.78237296750568,0,0,0,0,0,0,0,0,0
3.55055254467345,0,0,0,1,-0.131183545338858,-0.164497107871127,0,-1.23287817939401,0,5,290,3.34470360259437,3.34470360259437,1.21764430409641,0,0,0,0,0,0,0,0,0
-1.71450433440065,0,0,0,0,-1.46320495473539,-0.841530080815043,0,-1.23287817939401,0,5,290,-1.44639851469665,1.36177436221992,-1.44639851469665,0,0,0,0,0,0,0,0,0
3.2003738492538,0,0,0,0,-0.0990745478643928,0.695513130988559,0,-0.235861291974205,0,5,291,2.74622035521947,5.32995887059698,2.74622035521947,0,0,0,0,0,0,0,0,0
3.88707533876482,0,0,0,0,1.43801991520771,-0.095965233153839,0,-0.235861291974205,0,5,291,5.82040928136368,7.92961860733795,5.82040928136368,0,0,0,0,0,0,0,0,0
3.41993525373863,0,0,0,0,0.613492512415842,0.00185166947640624,0,-0.235861291974205,0,5,291,4.17135447577994,6.27135790445979,4.17135447577994,0,0,0,0,0,0,0,0,0
13.0021186582443,0,0,0,1,1.20740682256441,-1.84428595334911,1,-0.235861291974205,0,5,291,13.8605737737979,13.8605737737979,5.35918309607707,0,0,0,0,0,0,0,0,0
1.22063153845276,0,0,0,0,-1.24187216169872,-0.608811295038215,1,-0.235861291974205,0,5,291,0.460625127550813,5.93127632051692,0.460625127550813,0,0,0,0,0,0,0,0,0
4.66755260939535,0,0,0,1,-0.817173739169324,-0.104054238639266,1,-1.33625771166598,0,6,292,4.69089513425335,4.69089513425335,-0.419932150325442,0,0,0,0,0,0,0,0,0
1.02761004826437,0,0,0,0,0.461562993114359,-0.144162730795506,1,-1.33625771166598,0,6,292,2.13754131424193,7.25832420719234,2.13754131424193,0,0,0,0,0,0,0,0,0
7.2738619103409,0,0,0,1,0.0633982270361033,0.483204680336092,1,-1.33625771166598,0,6,292,6.67469854518412,6.67469854518412,1.34121178208541,0,0,0,0,0,0,0,0,0
1.0066769087223,0,0,0,0,-0.858415984056768,0.766068405418994,0,-1.33625771166598,0,6,292,-0.502416640100329,2.18444416168087,-0.502416640100329,0,0,0,0,0,0,0,0,0
-3.87103357188456,0,0,0,0,-1.27377199156707,-1.57692916675388,0,-1.33625771166598,0,6,292,-1.33312865512094,3.25357694183815,-1.33312865512094,0,0,0,0,0,0,0,0,0
-0.820326127696846,0,0,0,0,-0.728741893384848,1.07086094000783,0,-1.33625771166598,0,6,292,-0.24306845875649,3.00367469407797,-0.24306845875649,0,0,0,0,0,0,0,0,0
5.2274390672217,0,0,0,0,0.876912626893824,-0.765780303369162,1,0.705043740394378,0,5,293,4.25673857791835,9.94315805094652,4.25673857791835,0,0,0,0,0,0,0,0,0
5.27223429664938,0,0,0,1,0.133177144480669,-0.320573624902881,0,0.705043740394378,0,5,293,4.97203506207542,4.97203506207542,2.76926761309204,0,0,0,0,0,0,0,0,0
4.60086036454693,0,0,0,0,0.333630504990321,-0.458334070129363,0,0.705043740394378,0,5,293,3.17017433411135,5.48024445395269,3.17017433411135,0,0,0,0,0,0,0,0,0
-0.446686969669521,0,0,0,0,-1.45334381369391,2.01017008783631,0,0.705043740394378,0,5,293,-0.403774303257123,5.7370094787747,-0.403774303257123,0,0,0,0,0,0,0,0,0
1.97583331698113,0,0,0,0,-1.07070942333818,0.997024844188025,0,0.705043740394378,0,5,293,0.361494477454355,3.45555301738251,0.361494477454355,0,0,0,0,0,0,0,0,0
3.83657979742506,0,0,0,0,0.716346297651079,0.96084661942179,0,-0.373999965342498,0,4,294,4.29281662122597,7.31604284728025,4.29281662122597,0,0,0,0,0,0,0,0,0
1.45632585730634,0,0,0,0,-0.167875607590461,0.0589821690662608,0,-0.373999965342498,0,4,294,2.52437281074289,4.62785170701065,2.52437281074289,0,0,0,0,0,0,0,0,0
4.46536326130706,0,0,0,0,-0.120074060703837,0.936806980398803,1,-0.373999965342498,0,4,294,2.61997590451614,8.59758322304006,2.61997590451614,0,0,0,0,0,0,0,0,0
4.03351444891443,0,0,0,0,0.351045783147349,-0.0553388802814703,0,-0.373999965342498,0,4,294,3.56221559221851,5.66527798388931,3.56221559221851,0,0,0,0,0,0,0,0,0
0.890726569704511,0,0,0,0,0.274747600619825,-1.38199926388189,0,-0.668872150274339,1,4,295,1.72010598394514,5.73002794931523,1.72010598394514,0,0,0,0,0,0,0,0,0
0.684319308196689,0,0,0,1,-0.875203434387195,-0.780498156708101,0,-0.668872150274339,1,4,295,2.73088239372964,2.73088239372964,0.0217050211048916,0,0,0,0,0,0,0,0,0
2.23138872696331,0,0,0,1,-0.95568449688717,0.024448023643527,0,-0.668872150274339,1,4,295,2.76628678231664,2.76628678231664,0.665689076456568,0,0,0,0,0,0,0,0,0
8.48204269326207,0,0,0,1,1.36436356123154,-0.737317004465936,0,-0.668872150274339,1,4,295,7.18765652965915,7.18765652965915,4.54402016458453,0,0,0,0,0,0,0,0,0
4.56743177477549,0,0,0,0,-0.136328417513629,-0.750148585247411,0,0.661478204243895,0,5,296,2.28978975028301,4.95251265023171,2.28978975028301,0,0,0,0,0,0,0,0,0
1.83860992411456,0,0,0,0,-0.696028775128255,-2.89752466157882,1,0.661478204243895,0,5,296,1.17038903505376,14.6660381995112,1.17038903505376,0,0,0,0,0,0,0,0,0
2.18070765228204,0,0,0,0,-1.14932316240079,-1.63472880939417,0,0.661478204243895,0,5,296,0.263800260508695,5.03613854077196,0.263800260508695,0,0,0,0,0,0,0,0,0
5.89367282064581,0,0,0,0,1.30442113064639,-0.227922304983065,0,0.661478204243895,0,5,296,5.17128884660304,7.32323742371184,5.17128884660304,0,0,0,0,0,0,0,0,0
4.27607396203971,0,0,0,0,0.196633472487722,1.18384659278259,1,0.661478204243895,0,5,296,2.95571353028572,9.45720628552867,2.95571353028572,0,0,0,0,0,0,0,0,0
6.33758760352697,0,0,0,1,1.43074876473083,0.425996407981172,0,-1.6039253492224,1,5,297,5.9963903511775,5.9963903511775,3.71491741156464,0,0,0,0,0,0,0,0,0
2.45546838216198,0,0,0,0,0.74853420321948,0.490699672475365,0,-1.6039253492224,1,5,297,2.41519155303614,4.75597772160357,2.41519155303614,0,0,0,0,0,0,0,0,0
4.86528020686544,0,0,0,1,0.254589605918853,1.19459046123154,0,-1.6039253492224,1,5,297,5.65823951725644,5.65823951725644,2.13119314719106,0,0,0,0,0,0,0,0,0
0.41857292547812,0,0,0,1,-0.861958464597485,-0.616075993837965,0,-1.6039253492224,1,5,297,0.566980181272317,0.566980181272317,-1.91256944891112,0,0,0,0,0,0,0,0,0
5.30315575658173,0,0,0,1,-1.05511395433433,0.566774287786786,1,-1.6039253492224,1,5,297,4.30520294653615,4.30520294653615,-1.11603014676006,0,0,0,0,0,0,0,0,0
7.49375709654693,0,0,0,1,0.935752850964619,-1.03035038949748,0,-0.994099634590736,1,5,298,6.01454315407593,6.01454315407593,2.85292122893833,0,0,0,0,0,0,0,0,0
8.73899512507275,0,0,0,1,0.650752624820163,0.363920448260336,0,-0.994099634590736,1,5,298,5.90962970706923,5.90962970706923,3.67719161440723,0,0,0,0,0,0,0,0,0
5.16034277849961,0,0,0,0,1.85059819700525,-0.481860613909673,0,-0.994099634590736,1,5,298,5.2311016966074,7.5632913478448,5.2311016966074,0,0,0,0,0,0,0,0,0
2.9965412667432,0,0,0,0,0.796355610589543,-0.271820507202266,0,-0.994099634590736,1,5,298,3.33265663048338,5.50654301861908,3.33265663048338,0,0,0,0,0,0,0,0,0
1.90104962075272,0,0,0,0,-0.485482648014357,1.54865783296557,0,-0.994099634590736,1,5,298,2.58945845344342,7.08779953704903,2.58945845344342,0,0,0,0,0,0,0,0,0
5.88896875181893,0,0,0,1,0.322955461433887,0.452819989054371,0,-0.0600229148880556,0,5,299,5.94735411504332,5.94735411504332,3.64230817255612,0,0,0,0,0,0,0,0,0
4.43578466845445,0,0,0,1,-1.5821518540736,-0.118596459560442,1,-0.0600229148880556,0,5,299,4.9461586617614,4.9461586617614,-0.167906458458868,0,0,0,0,0,0,0,0,0
0.39045865097283,0,0,0,0,0.239102393833074,0.966861203126623,0,-0.0600229148880556,0,5,299,3.47460203735449,6.50942262346595,3.47460203735449,0,0,0,0,0,0,0,0,0
-1.8797174592163,0,0,0,0,-1.83625599674152,-0.0432915456338386,1,-0.0600229148880556,0,5,299,-0.676114743794705,4.42575941412866,-0.676114743794705,0,0,0,0,0,0,0,0,0
2.27121965196097,0,0,0,1,0.239680125740999,-0.213615170778432,0,-0.0600229148880556,0,5,299,5.62138894235704,5.62138894235704,3.47575750117034,0,0,0,0,0,0,0,0,0
0.159172175132312,0,0,0,0,-0.158805836415091,-1.59367838312009,0,0.673161078657632,1,6,300,0.635564106230218,5.2753748950545,0.635564106230218,0,0,0,0,0,0,0,0,0
1.01542038731091,0,0,0,0,-1.42382636361372,0.462688239526589,1,0.673161078657632,1,6,300,0.161889674479634,5.47597008147585,0.161889674479634,0,0,0,0,0,0,0,0,0
-1.74643891962304,0,0,0,0,-1.66422111348183,-0.66043660520465,0,0.673161078657632,1,6,300,-1.44202466998781,1.09415183950643,-1.44202466998781,0,0,0,0,0,0,0,0,0
0.352195960920558,0,0,0,0,-0.894769235080771,-0.0534419249623012,0,0.673161078657632,1,6,300,0.70387376705665,2.80672980640033,0.70387376705665,0,0,0,0,0,0,0,0,0
6.94579326532426,0,0,0,0,1.68076067754287,0.192392361126694,0,0.673161078657632,1,6,300,6.10076787839293,8.23778269901283,6.10076787839293,0,0,0,0,0,0,0,0,0
6.28447200462351,0,0,0,1,-0.0177914522168991,1.13741764945769,0,0.673161078657632,1,6,300,7.04240781650226,7.04240781650226,3.64868890720439,0,0,0,0,0,0,0,0,0
-1.31967899415774,0,0,0,0,-2.01727438426163,-1.73967112776564,0,0.835928964368848,1,5,301,-3.47299712975968,1.6534585030217,-3.47299712975968,0,0,0,0,0,0,0,0,0
8.27461003692186,0,0,0,1,-0.658864385578129,1.26450146268173,1,0.835928964368848,1,5,301,8.94695940717893,8.94695940717893,2.2479954580547,0,0,0,0,0,0,0,0,0
-0.837637481724316,0,0,0,0,-0.683244033028425,-0.811927704081048,0,0.835928964368848,1,5,301,0.122806996391328,2.88203359304565,0.122806996391328,0,0,0,0,0,0,0,0,0
4.72704691667798,0,0,0,0,-0.605369465601777,2.47214024754772,0,0.835928964368848,1,5,301,3.56262408287339,11.7741014864187,3.56262408287339,0,0,0,0,0,0,0,0,0
3.65390159780477,0,0,0,0,-0.479963853295406,1.86845917847011,0,0.835928964368848,1,5,301,3.20975423840853,8.80089394001774,3.20975423840853,0,0,0,0,0,0,0,0,0
-0.271019736700873,0,0,0,0,-0.0317041185780761,0.551469726773349,1,1.83986224657086,1,6,302,0.102968403260427,5.5070872628079,0.102968403260427,0,0,0,0,0,0,0,0,0
1.93972156516242,0,0,0,1,1.09215445468264,0.167146526948337,0,1.83986224657086,1,6,302,4.09430031142773,4.09430031142773,1.96636234995684,0,0,0,0,0,0,0,0,0
-2.04109297498555,0,0,0,0,0.10228753996154,-0.515686092130252,0,1.83986224657086,1,6,302,-0.696204098563942,1.66972804705263,-0.696204098563942,0,0,0,0,0,0,0,0,0
2.18088260054639,0,0,0,1,-0.501197652018266,-0.216634794539354,1,1.83986224657086,1,6,302,3.54280744927245,3.54280744927245,-1.60412318493266,0,0,0,0,0,0,0,0,0
11.1470390593781,0,0,0,1,-0.709035640808156,2.39394214575306,1,1.83986224657086,1,6,302,11.4217367749927,11.4217367749927,0.590777777779977,0,0,0,0,0,0,0,0,0
2.11418269312828,0,0,0,1,0.400226771490597,0.791013931558885,0,1.83986224657086,1,6,302,3.93207742810355,3.93207742810355,1.20637438818331,0,0,0,0,0,0,0,0,0
4.78982003272784,0,0,0,1,-1.38835832933142,0.69211379435973,1,0.320644049279742,1,5,303,6.39160603370141,6.39160603370141,0.812584529358382,0,0,0,0,0,0,0,0,0
-3.1099938420059,0,0,0,0,-2.93053597145565,0.254431905466482,1,0.320644049279742,1,5,303,-2.70945264378332,2.45528295073598,-2.70945264378332,0,0,0,0,0,0,0,0,0
15.1366145235732,0,0,0,1,1.19712083657721,1.77085554164649,1,0.320644049279742,1,5,303,15.2982139578425,15.2982139578425,7.06228460846241,0,0,0,0,0,0,0,0,0
3.54814385128652,0,0,0,1,-0.622301616373738,0.535305623714913,0,0.320644049279742,1,5,303,4.57444189540974,4.57444189540974,2.18788978462893,0,0,0,0,0,0,0,0,0
5.8819587036809,0,0,0,1,0.378578895478565,-0.0939541228749762,0,0.320644049279742,1,5,303,5.66921843894885,5.66921843894885,3.56039106174364,0,0,0,0,0,0,0,0,0
1.64799341313743,0,0,0,0,0.57250757962669,-1.72042323670449,1,0.617262020462926,0,5,304,3.76400275734741,11.8238588707402,3.76400275734741,0,0,0,0,0,0,0,0,0
-1.63391244114417,0,0,0,0,-1.30393397088624,1.04428098100479,1,0.617262020462926,0,5,304,0.0111196563215459,6.20164242360988,0.0111196563215459,0,0,0,0,0,0,0,0,0
5.39330703819212,0,0,0,1,0.4080376829499,0.519385148331695,0,0.617262020462926,0,5,304,5.80482389630136,5.80482389630136,3.43506296399383,0,0,0,0,0,0,0,0,0
1.36435386493099,0,0,0,0,-0.190375289958139,-0.836627248798676,1,0.617262020462926,0,5,304,2.23823701817775,8.03818217161019,2.23823701817775,0,0,0,0,0,0,0,0,0
4.04152224126539,0,0,0,0,0.832048843906371,-1.15539753367579,1,0.617262020462926,0,5,304,4.28308528590677,10.7180287467309,4.28308528590677,0,0,0,0,0,0,0,0,0
2.03817641002038,0,0,0,0,0.0988126663412994,-0.571725538517746,0,-0.340560329522577,1,6,305,2.50991845612033,4.93678854751373,2.50991845612033,0,0,0,0,0,0,0,0,0
12.1656799538394,0,0,0,1,-1.17974472053677,1.92278277829211,1,-0.340560329522577,1,6,305,11.2444056116708,11.2444056116708,2.44731199917404,0,0,0,0,0,0,0,0,0
9.52137907622998,0,0,0,1,-0.143193367527997,0.800231874952247,1,-0.340560329522577,1,6,305,9.13823485554132,9.13823485554132,3.39786380185173,0,0,0,0,0,0,0,0,0
5.67238883715062,0,0,0,1,1.25993810319203,-0.0637129859876649,0,-0.340560329522577,1,6,305,7.44424122693533,7.44424122693533,5.34018188235186,0,0,0,0,0,0,0,0,0
7.90547203130525,0,0,0,1,0.545922551663742,0.995404891346244,0,-0.340560329522577,1,6,305,8.06209955434523,8.06209955434523,4.9712686566292,0,0,0,0,0,0,0,0,0
4.99976905958339,0,0,0,0,0.326588186344186,1.14026275767003,0,-0.340560329522577,1,6,305,4.67745779231387,8.07765694884313,4.67745779231387,0,0,0,0,0,0,0,0,0
7.45527785106626,0,0,0,1,0.788875014479003,-0.427326430409752,0,-0.0396356846120387,1,4,306,6.43146048918033,6.43146048918033,4.14885261105359,0,0,0,0,0,0,0,0,0
10.1163445500059,0,0,0,1,1.01744814419214,0.968677727752777,0,-0.0396356846120387,1,4,306,9.04033956888668,9.04033956888668,6.00200302864239,0,0,0,0,0,0,0,0,0
-0.571411638646817,0,0,0,0,-1.06443246657599,1.25977473564356,1,-0.0396356846120387,1,4,306,2.12933881499693,8.81637119956273,2.12933881499693,0,0,0,0,0,0,0,0,0
6.68287202798268,0,0,0,0,0.849809704359941,0.935365112486693,0,-0.0396356846120387,1,4,306,5.63341353371191,8.60832142736915,5.63341353371191,0,0,0,0,0,0,0,0,0
7.33309428326521,0,0,0,1,-0.552896862665767,-0.0627346648547371,1,0.24775892379287,1,5,307,6.87402276366916,6.87402276366916,1.77008712549473,0,0,0,0,0,0,0,0,0
16.7367900221244,0,0,0,1,0.931988485623349,1.90435580764114,1,0.24775892379287,1,5,307,15.4335193366654,15.4335193366654,6.70694829456884,0,0,0,0,0,0,0,0,0
2.01083982660845,0,0,0,0,0.202786178766469,-0.358288211891316,0,0.24775892379287,1,5,307,2.98589966132262,5.2142701041029,2.98589966132262,0,0,0,0,0,0,0,0,0
3.82061101579901,0,0,0,0,0.677006981730558,0.552763498790139,0,0.24775892379287,1,5,307,4.84539297793225,7.25094046352697,4.84539297793225,0,0,0,0,0,0,0,0,0
8.67785582750027,0,0,0,1,0.429539364329754,-1.7172219947726,0,0.24775892379287,1,5,307,7.12932362889869,7.12932362889869,2.08047224956791,0,0,0,0,0,0,0,0,0
0.493207274790092,0,0,0,0,-1.54338186965315,0.800674037901131,1,-0.0265286388216272,1,5,308,0.713206529917103,6.45428544488601,0.713206529917103,0,0,0,0,0,0,0,0,0
10.5045578475098,0,0,0,1,1.45535542842307,1.30647019647589,0,-0.0265286388216272,1,5,308,11.0233416589241,11.0233416589241,7.21647728464431,0,0,0,0,0,0,0,0,0
5.61999316877598,0,0,0,1,-1.23599231514645,-0.60314642903212,1,-0.0265286388216272,1,5,308,5.38795078685144,5.38795078685144,-0.075834828002758,0,0,0,0,0,0,0,0,0
9.15718261847508,0,0,0,1,2.39382641266322,0.0531186122217263,0,-0.0265286388216272,1,5,308,9.9428892558348,9.9428892558348,7.84006766887044,0,0,0,0,0,0,0,0,0
4.41397067033455,0,0,0,0,1.0906088545552,-0.803554113400532,1,-0.0265286388216272,1,5,308,4.37695982703213,10.122659040195,4.37695982703213,0,0,0,0,0,0,0,0,0
3.42367221617313,0,0,0,0,0.580958880843442,-0.0016758858401426,0,1.29802943313306,1,4,309,2.47536146656701,4.57536427516036,2.47536146656701,0,0,0,0,0,0,0,0,0
9.36685041062025,0,0,0,1,1.34203160962362,-0.198323649373571,1,1.29802943313306,1,4,309,8.9401914304948,8.9401914304948,3.80085916059394,0,0,0,0,0,0,0,0,0
6.29227404800395,0,0,0,1,1.31294692623194,-0.217285939231574,0,1.29802943313306,1,4,309,5.87094068334033,5.87094068334033,3.72372750395258,0,0,0,0,0,0,0,0,0
1.5846835614798,0,0,0,0,-0.69485360575781,1.95342590115051,0,1.29802943313306,1,4,309,1.87883828035517,7.79471103164085,1.87883828035517,0,0,0,0,0,0,0,0,0
6.14422457085069,0,0,0,1,-0.0603708598484584,0.605448122991558,1,0.952611740323456,1,4,310,8.04380470512656,8.04380470512656,2.57723727549256,0,0,0,0,0,0,0,0,0
0.557792943782619,0,0,0,0,-0.707585794423695,0.913593023563027,0,0.952611740323456,1,4,310,1.59095230691355,4.52560451961659,1.59095230691355,0,0,0,0,0,0,0,0,0
8.21194984354624,0,0,0,1,0.0175688245425673,0.269207703089217,1,0.952611740323456,1,4,310,7.56934901177484,7.56934901177484,2.39687622437227,0,0,0,0,0,0,0,0,0
2.66195101221213,0,0,0,1,-1.98226884974404,0.424235598707107,1,0.952611740323456,1,4,310,3.83220461462732,3.83220461462732,-1.44777122858306,0,0,0,0,0,0,0,0,0
4.09959647123192,0,0,0,1,0.613309222008289,-1.19851965344527,0,-1.06293634612943,1,6,311,5.4347144743429,5.4347144743429,1.89826511464832,0,0,0,0,0,0,0,0,0
1.07192491320674,0,0,0,0,0.537381704906653,-0.251639781595327,0,-1.06293634612943,1,6,311,2.69328995229499,4.85661253197634,2.69328995229499,0,0,0,0,0,0,0,0,0
3.19957823070375,0,0,0,1,-0.259588045085945,0.45429586344611,0,-1.06293634612943,1,6,311,4.11167082889548,4.11167082889548,1.80528609735123,0,0,0,0,0,0,0,0,0
1.16561627359663,0,0,0,0,0.70744489926872,0.246331714029183,1,-1.06293634612943,1,6,311,3.53138783664364,8.69206714998019,3.53138783664364,0,0,0,0,0,0,0,0,0
7.12751890044415,0,0,0,1,0.840988770184215,-0.246869402317651,1,-1.06293634612943,1,6,311,8.46621896392847,8.46621896392847,3.30527446212779,0,0,0,0,0,0,0,0,0
10.8047869780735,0,0,0,1,2.4786472805898,0.815004780045653,0,-1.06293634612943,1,6,311,10.4066984567995,10.4066984567995,7.64246566530228,0,0,0,0,0,0,0,0,0
-1.10768711088017,0,0,0,0,-1.76359343953417,-1.35191533236481,1,0.428433994323379,0,5,312,-0.71074256656022,6.21693249932283,-0.71074256656022,0,0,0,0,0,0,0,0,0
4.37474303919859,0,0,0,0,0.684323855357593,0.231544901612296,0,0.428433994323379,0,5,312,4.1850920232233,6.33870506468595,4.1850920232233,0,0,0,0,0,0,0,0,0
8.2609043297612,0,0,0,1,0.552961113501715,0.763176018026212,0,0.428433994323379,0,5,312,6.60480417400189,6.60480417400189,3.92236653951155,0,0,0,0,0,0,0,0,0
-0.936651510539398,0,0,0,0,-1.69691947076808,0.524931275708167,0,0.428433994323379,0,5,312,-0.577394629028046,1.79815821518856,-0.577394629028046,0,0,0,0,0,0,0,0,0
0.15176394613865,0,0,0,0,-1.82309690750052,-1.4037112780263,0,0.428433994323379,0,5,312,-0.829749502492919,3.24065584956532,-0.829749502492919,0,0,0,0,0,0,0,0,0
10.2450605143195,0,0,0,1,3.21261350092234,-0.698973166258119,0,-0.362038895025321,1,4,313,11.1837451612243,11.1837451612243,8.59518167407541,0,0,0,0,0,0,0,0,0
-0.368396210576496,0,0,0,0,-1.23606051796892,2.04190321942895,0,-0.362038895025321,1,4,313,2.43871002197996,8.70807877949428,2.43871002197996,0,0,0,0,0,0,0,0,0
2.96938330420587,0,0,0,1,0.506909526919978,-0.997170665665098,0,-0.362038895025321,1,4,313,5.97992556312668,5.97992556312668,2.8855762266637,0,0,0,0,0,0,0,0,0
3.74383139931546,0,0,0,1,0.426355291280652,-1.02443099726201,0,-0.362038895025321,1,4,313,5.84666629193938,5.84666629193938,2.69720742378814,0,0,0,0,0,0,0,0,0
6.88550805448208,0,0,0,1,1.12050591522423,-0.987654027680959,0,-0.909490379655932,1,4,314,6.50164553047523,6.50164553047523,3.42618505208081,0,0,0,0,0,0,0,0,0
2.11405077896586,0,0,0,1,0.381530340158382,-0.305384398809141,0,-0.909490379655932,1,4,314,4.82376316185695,4.82376316185695,2.63050353082093,0,0,0,0,0,0,0,0,0
3.53668756078621,0,0,0,1,-1.48200929910041,-1.15606874082589,1,-0.909490379655932,1,4,314,4.48923484380137,4.48923484380137,-1.94726008971339,0,0,0,0,0,0,0,0,0
5.12132919649349,0,0,0,1,-0.134210790293708,0.381544009266232,0,-0.909490379655932,1,4,314,4.53152550899908,4.53152550899908,2.28594967799212,0,0,0,0,0,0,0,0,0
7.13909401484505,0,0,0,1,0.503283543755846,-2.33765785246269,0,0.674288522394219,1,6,315,8.77888845879691,8.77888845879691,1.21424422361642,0,0,0,0,0,0,0,0,0
8.5592471818498,0,0,0,1,0.571045885279245,0.174671328413419,1,0.674288522394219,1,6,315,8.99260816050904,8.99260816050904,3.86209808753933,0,0,0,0,0,0,0,0,0
2.47963142412382,0,0,0,0,-0.708996066499134,0.00616745664514101,0,0.674288522394219,1,6,315,1.13351031221429,3.23354834973576,1.13351031221429,0,0,0,0,0,0,0,0,0
0.382725393942357,0,0,0,1,-0.727336520231564,-0.240612446980939,0,0.674288522394219,1,6,315,3.00794385076551,3.00794385076551,0.850049501123354,0,0,0,0,0,0,0,0,0
8.81121341337368,0,0,0,1,1.99205084086895,-0.741899968077974,0,0.674288522394219,1,6,315,8.43795226486144,8.43795226486144,5.78753670222734,0,0,0,0,0,0,0,0,0
5.617250552267,0,0,0,1,0.300060248664804,-0.328385327396679,0,0.674288522394219,1,6,315,5.02490708174977,5.02490708174977,2.81707015850035,0,0,0,0,0,0,0,0,0
7.49122667300653,0,0,0,1,-0.489670865789291,0.539534748776421,1,-0.134838198389414,1,6,316,7.93310942259017,7.93310942259017,2.54201167745294,0,0,0,0,0,0,0,0,0
8.69220992767464,0,0,0,1,-0.32798536270149,0.654679061985983,1,-0.134838198389414,1,6,316,8.50913167104095,8.50913167104095,2.9805269968381,0,0,0,0,0,0,0,0,0
-2.48478978007846,0,0,0,0,-1.06557584093358,-1.75010249131655,0,-0.134838198389414,1,6,316,-0.899435512928616,4.26342321718377,-0.899435512928616,0,0,0,0,0,0,0,0,0
7.05845785864926,0,0,0,1,0.534024608679197,-0.250621737058603,0,-0.134838198389414,1,6,316,5.96205739564116,5.96205739564116,3.79924614055489,0,0,0,0,0,0,0,0,0
-1.51890886891293,0,0,0,0,-0.575220343645982,-2.17517412147598,0,-0.134838198389414,1,6,316,-0.34379614851285,6.48758631022596,-0.34379614851285,0,0,0,0,0,0,0,0,0
10.7195896886123,0,0,0,1,0.755610909329326,-1.91610896422602,1,-0.134838198389414,1,6,316,11.348405077475,11.348405077475,2.57693151468773,0,0,0,0,0,0,0,0,0
8.61780056744153,0,0,0,1,1.00103463215191,0.874394743655568,0,-0.430644605740914,1,5,317,8.55557539923812,8.55557539923812,5.69100923150564,0,0,0,0,0,0,0,0,0
6.75315843763424,0,0,0,0,0.993262687209656,1.01554979023973,0,-0.430644605740914,1,5,317,5.81662038820529,8.94796176466124,5.81662038820529,0,0,0,0,0,0,0,0,0
2.06372061475044,0,0,0,0,-1.80267855880721,0.638791108095553,0,-0.430644605740914,1,5,317,-0.152020785972607,2.35603329380934,-0.152020785972607,0,0,0,0,0,0,0,0,0
5.27600087074295,0,0,0,1,0.697954725302705,-0.511389920241153,0,-0.430644605740914,1,5,317,6.06058440443476,6.06058440443476,3.69906475391051,0,0,0,0,0,0,0,0,0
13.3820959714948,0,0,0,1,0.577080131069351,1.66333145155034,1,-0.430644605740914,1,5,317,13.4987084549518,13.4987084549518,5.63203693723529,0,0,0,0,0,0,0,0,0
0.0155254485117701,0,0,0,1,-1.69839626889405,0.524217167674606,0,-1.58703962365956,1,4,318,-0.016466498294179,-0.016466498294179,-2.39127013717897,0,0,0,0,0,0,0,0,0
3.14833871773243,0,0,0,1,0.216531389377345,-1.46130871261546,0,-1.58703962365956,1,4,318,3.68848245263961,3.68848245263961,-0.546940700926251,0,0,0,0,0,0,0,0,0
1.58415744099597,0,0,0,1,0.231074806212442,0.152736370643581,0,-1.58703962365956,1,4,318,3.21951961492036,3.21951961492036,1.09619121600299,0,0,0,0,0,0,0,0,0
2.82431449891021,0,0,0,1,-0.68506778112954,0.823367509853855,0,-1.58703962365956,1,4,318,2.71247123681223,2.71247123681223,-0.0654628194707032,0,0,0,0,0,0,0,0,0
4.50022941135584,0,0,0,1,0.732417233444876,0.240747703712353,0,0.872717776211729,1,5,319,6.10190531052893,6.10190531052893,3.94394585368616,0,0,0,0,0,0,0,0,0
8.51677555957523,0,0,0,1,0.783124358912295,-2.1318388050124,0,0.872717776211729,1,5,319,8.31751028645294,8.31751028645294,1.67277359589625,0,0,0,0,0,0,0,0,0
4.73667378981921,0,0,0,1,0.0498228672040429,-0.399644829182634,0,0.872717776211729,1,5,319,4.19808057780192,4.19808057780192,1.93836458830951,0,0,0,0,0,0,0,0,0
0.744416523972324,0,0,0,0,-1.8913461342763,1.62473873399175,0,0.872717776211729,1,5,319,0.0804101485232109,4.82018610225634,0.0804101485232109,0,0,0,0,0,0,0,0,0
6.08524574835094,0,0,0,1,0.311872836468831,0.368091210883242,0,0.872717776211729,1,5,319,5.46569170643445,5.46569170643445,3.23020056690496,0,0,0,0,0,0,0,0,0
-2.12319420227422,0,0,0,0,-1.62958236225178,-0.396735690264023,0,0.411526486187448,1,5,320,-0.825254463601379,1.43214474432789,-0.825254463601379,0,0,0,0,0,0,0,0,0
2.81346534353217,0,0,0,1,-0.598617714989356,-0.591135525751251,0,0.411526486187448,1,5,320,3.49171620524146,3.49171620524146,1.04227499543625,0,0,0,0,0,0,0,0,0
-1.61657738024195,0,0,0,0,-0.706132825603812,-0.0921633192584616,0,0.411526486187448,1,5,320,1.32621698070013,3.43471105811686,1.32621698070013,0,0,0,0,0,0,0,0,0
9.45863273418359,0,0,0,1,0.597358190131235,1.07756405081772,1,0.411526486187448,1,5,320,11.3640706658611,11.3640706658611,5.1029263822464,0,0,0,0,0,0,0,0,0
5.75832395712694,0,0,0,0,-0.171651693965412,2.36132079321154,0,0.411526486187448,1,5,320,4.84866335644693,12.5244992449001,4.84866335644693,0,0,0,0,0,0,0,0,0
-3.70190134180785,0,0,0,0,-0.784563988289273,-1.6673203139738,0,-1.33476134394456,1,4,321,-2.01803613584102,2.86192089354866,-2.01803613584102,0,0,0,0,0,0,0,0,0
2.00673521471523,0,0,0,0,1.5122400008479,-0.735690978719748,1,-1.33476134394456,1,4,321,3.50720117768737,9.14844239385699,3.50720117768737,0,0,0,0,0,0,0,0,0
7.88145952435631,0,0,0,1,1.42710359351506,1.12326050884331,0,-1.33476134394456,1,4,321,8.55759402131166,8.55759402131166,5.19587985058474,0,0,0,0,0,0,0,0,0
4.24533821390707,0,0,0,1,-1.05162247990106,-0.188382927804207,1,-1.33476134394456,1,4,321,4.06227239459309,4.06227239459309,-1.073215732895,0,0,0,0,0,0,0,0,0
-6.74212100637759,0,0,0,0,-0.547429744910895,0.231513219382119,0,2.62008810470685,0,4,322,-4.95972116624812,-2.80612279549945,-4.95972116624812,0,0,0,0,0,0,0,0,0
-4.50925625745555,0,0,0,0,-0.221775705523482,0.945135513770553,0,2.62008810470685,0,4,322,-4.30841308747329,-1.31513194808297,-4.30841308747329,0,0,0,0,0,0,0,0,0
-4.40103875432229,0,0,0,0,0.257718088900579,1.74812164764726,0,2.62008810470685,0,4,322,-3.34942549862517,1.8065037963478,-3.34942549862517,0,0,0,0,0,0,0,0,0
-3.62611776603481,0,0,0,0,0.0161759955328634,1.66496636551754,0,2.62008810470685,0,4,322,-3.8325096853606,1.03960331294408,-3.8325096853606,0,0,0,0,0,0,0,0,0
2.85602244755537,0,0,0,0,-0.133289291037147,0.1961546565944,0,-0.0459081003581703,1,4,323,2.92746852084161,5.06594517014528,2.92746852084161,0,0,0,0,0,0,0,0,0
6.02973389942887,0,0,0,1,-0.30396756881371,-0.358689204773124,1,-0.0459081003581703,1,4,323,7.25992604954174,7.25992604954174,2.03126810392096,0,0,0,0,0,0,0,0,0
4.12898198730794,0,0,0,1,-0.271931392481463,0.836097309020627,0,-0.0459081003581703,1,4,323,6.08918568053074,6.08918568053074,3.29012697037921,0,0,0,0,0,0,0,0,0
2.99595357873749,0,0,0,1,-0.877904438514426,0.688553599265696,0,-0.0459081003581703,1,4,323,4.50474322762009,4.50474322762009,1.93063716855835,0,0,0,0,0,0,0,0,0
5.46030847200564,0,0,0,1,-0.810707153054449,0.465310674377975,0,-0.334372344550757,1,5,324,4.04860552715879,4.04860552715879,1.73209150346871,0,0,0,0,0,0,0,0,0
6.44342634388688,0,0,0,1,0.459383228359877,0.276003438493509,0,-0.334372344550757,1,5,324,6.25914292847313,6.25914292847313,4.08296503041289,0,0,0,0,0,0,0,0,0
6.44686092739745,0,0,0,0,1.39991006315819,0.346050576458242,0,-0.334372344550757,1,5,324,6.03406583797425,8.25381683944133,6.03406583797425,0,0,0,0,0,0,0,0,0
1.94274018223758,0,0,0,0,-0.61906625303838,-0.361116771476474,0,-0.334372344550757,1,5,324,1.2889458576464,3.51935118028799,1.2889458576464,0,0,0,0,0,0,0,0,0
11.6588351390222,0,0,0,1,1.62362334857161,-0.0307954314950964,1,-0.334372344550757,1,5,324,11.2055947594487,11.2055947594487,6.10464640084776,0,0,0,0,0,0,0,0,0
4.97293794350237,0,0,0,0,0.203990250181219,-1.10167987510214,1,-0.453317449014352,0,5,325,3.20248379078156,9.51618233798662,3.20248379078156,0,0,0,0,0,0,0,0,0
9.19729458337773,0,0,0,1,0.368636996281561,0.779857518593624,1,-0.453317449014352,0,5,325,9.23995503228925,9.23995503228925,3.53177728298224,0,0,0,0,0,0,0,0,0
11.5241391465574,0,0,0,1,1.68935081859296,0.932114696518449,0,-0.453317449014352,0,5,325,9.14204273507072,9.14204273507072,6.17320492760504,0,0,0,0,0,0,0,0,0
7.28075982229932,0,0,0,0,2.39075408463517,0.000125594200438205,1,-0.453317449014352,0,5,325,7.57601145968947,12.6760114754634,7.57601145968947,0,0,0,0,0,0,0,0,0
9.05227751340522,0,0,0,1,1.4250382793306,0.491005299804694,0,-0.453317449014352,0,5,325,7.98566605351661,7.98566605351661,5.64457984908032,0,0,0,0,0,0,0,0,0
4.36274261114893,0,0,0,1,-0.2130164416477,-1.17722566729352,0,-0.676214006720523,1,5,326,4.42533633826072,4.42533633826072,0.939476066526061,0,0,0,0,0,0,0,0,0
7.13064877089834,0,0,0,1,-1.45913037204738,1.66412021282269,0,-0.676214006720523,1,5,326,6.15789016856792,6.15789016856792,1.2885940858429,0,0,0,0,0,0,0,0,0
1.12710496369554,0,0,0,0,-1.10285005076247,1.43587414069319,1,-0.676214006720523,1,5,326,1.77290865628323,8.93464320419464,1.77290865628323,0,0,0,0,0,0,0,0,0
4.399486713627,0,0,0,1,-0.160281627240546,-1.4886317188664,0,-0.676214006720523,1,5,326,5.04956403818262,5.04956403818262,0.733539643767486,0,0,0,0,0,0,0,0,0
7.81903790889986,0,0,0,1,0.10317857227438,0.50569895383981,1,-0.676214006720523,1,5,326,8.61052214741822,8.61052214741822,3.25479071550355,0,0,0,0,0,0,0,0,0
2.02512740231644,0,0,0,1,-1.03917758968378,-0.235148814070663,0,-1.36045311341862,0,5,327,1.22610711158086,1.22610711158086,-0.929187853177983,0,0,0,0,0,0,0,0,0
3.55859526820731,0,0,0,1,0.271684901934821,-1.31132143793779,0,-1.36045311341862,0,5,327,5.51210104365445,5.51210104365445,1.69253713005923,0,0,0,0,0,0,0,0,0
-3.15156178551703,0,0,0,0,-1.5918691702111,0.515843828130681,0,-1.36045311341862,0,5,327,-2.03457101423262,0.331523840787895,-2.03457101423262,0,0,0,0,0,0,0,0,0
1.39828851011452,0,0,0,0,0.260272809900073,0.945900819937861,0,-1.36045311341862,0,5,327,1.66971294598973,4.66444130714885,1.66971294598973,0,0,0,0,0,0,0,0,0
1.95951070742784,0,0,0,0,0.700636456942135,-0.25368337303905,0,-1.36045311341862,0,5,327,2.55044024007385,4.71479549383032,2.55044024007385,0,0,0,0,0,0,0,0,0
3.47530349626539,0,0,0,0,-0.0680500092278141,1.51316327528393,0,0.399099552444789,1,6,328,4.21778280406667,8.60744590173467,4.21778280406667,0,0,0,0,0,0,0,0,0
4.38996222949034,0,0,0,0,0.55479343450398,0.0421608394860141,0,0.399099552444789,1,6,328,3.99246725573234,6.09424479211851,3.99246725573234,0,0,0,0,0,0,0,0,0
6.74779826354122,0,0,0,1,0.706095152127095,0.236472346387504,0,0.399099552444789,1,6,328,6.64530136848608,6.64530136848608,4.48938219788006,0,0,0,0,0,0,0,0,0
6.7540768480457,0,0,0,1,0.807068398760872,0.0780271277613394,0,0.399099552444789,1,6,328,6.63897170518814,6.63897170518814,4.53288347252145,0,0,0,0,0,0,0,0,0
1.39091705231836,0,0,0,0,-1.33939855303119,0.731097075947181,0,0.399099552444789,1,6,328,0.893019517123176,3.52752245158169,0.893019517123176,0,0,0,0,0,0,0,0,0
9.62977910269146,0,0,0,1,1.9270234330589,-0.138944795522876,0,0.399099552444789,1,6,328,8.67512727403618,8.67512727403618,6.55582161783329,0,0,0,0,0,0,0,0,0
4.43491092574315,0,0,0,1,-0.143527332732864,-1.46288574216032,0,0.889892990887381,1,6,329,4.69818475175942,4.69818475175942,0.458150057143459,0,0,0,0,0,0,0,0,0
1.05005741993323,0,0,0,0,-0.877515401186149,0.133598518000645,0,0.889892990887381,1,6,329,0.586658180397858,2.70450674440983,0.586658180397858,0,0,0,0,0,0,0,0,0
7.70139129881333,0,0,0,0,1.86641895313291,0.608758107111127,0,0.889892990887381,1,6,329,6.54968647814646,9.02027291111998,6.54968647814646,0,0,0,0,0,0,0,0,0
2.95074109421457,0,0,0,0,0.262922297485815,-0.912145468418305,0,0.889892990887381,1,6,329,1.82178959132284,4.75379894687889,1.82178959132284,0,0,0,0,0,0,0,0,0
6.13683487268171,0,0,0,1,1.14778199519198,0.225546615815791,0,0.889892990887381,1,6,329,6.88007234687522,6.88007234687522,4.72920107096926,0,0,0,0,0,0,0,0,0
-0.609204791613289,0,0,0,0,-0.365816217799482,-0.415445175871193,0,0.889892990887381,1,6,329,1.06101285329935,3.333607547454,1.06101285329935,0,0,0,0,0,0,0,0,0
2.39025187514626,0,0,0,0,0.74375349042273,-0.712286025000994,0,1.60271293392765,0,4,330,1.91881823226649,4.52616961367821,1.91881823226649,0,0,0,0,0,0,0,0,0
-2.93287530989667,0,0,0,0,-1.50604056070371,-0.192395356122937,0,1.60271293392765,0,4,330,-2.5807698699864,-0.443753896928724,-2.5807698699864,0,0,0,0,0,0,0,0,0
7.2852028007627,0,0,0,1,0.132113039653949,1.80316175394599,0,1.60271293392765,0,4,330,6.04692964162252,6.04692964162252,0.695537330728929,0,0,0,0,0,0,0,0,0
3.62610309176733,0,0,0,0,1.37828941322056,0.597911879165087,0,1.60271293392765,0,4,330,3.18789007786214,5.64538869310887,3.18789007786214,0,0,0,0,0,0,0,0,0
3.77068188984902,0,0,0,0,0.623433014685124,-0.837692748148685,1,-0.491619863702195,0,6,331,4.00517593898368,9.80690507928458,4.00517593898368,0,0,0,0,0,0,0,0,0
-0.751416689286543,0,0,0,1,-2.65152503218407,-0.568287258545037,0,-0.491619863702195,0,6,331,-0.121789746530063,-0.121789746530063,-2.5447401547547,0,0,0,0,0,0,0,0,0
8.0132421639886,0,0,0,1,0.738079883349263,0.771179612767128,0,-0.491619863702195,0,6,331,6.92918767145962,6.92918767145962,4.23446967631196,0,0,0,0,0,0,0,0,0
-0.142668650202251,0,0,0,0,-0.870068970512255,-0.974918214608477,0,-0.491619863702195,0,6,331,1.01817196858893,4.06863749376431,1.01817196858893,0,0,0,0,0,0,0,0,0
8.07403614508208,0,0,0,1,0.892124647405545,0.247530233548331,1,-0.491619863702195,0,6,331,9.70383042094501,9.70383042094501,4.54255920442452,0,0,0,0,0,0,0,0,0
0.623629817622572,0,0,0,0,-1.52404771566869,-0.945314730091652,1,-0.491619863702195,0,6,331,-0.289785521723953,5.7038344172043,-0.289785521723953,0,0,0,0,0,0,0,0,0
0.424004161447676,0,0,0,0,-0.735141435978339,0.575944884301032,0,0.766395070857407,1,5,332,1.51830060770982,3.95001311746235,1.51830060770982,0,0,0,0,0,0,0,0,0
5.09484293569033,0,0,0,0,0.823582687946596,0.706687272269836,0,0.766395070857407,1,5,332,4.7664912435285,7.36589814431668,4.7664912435285,0,0,0,0,0,0,0,0,0
10.1202446687135,0,0,0,1,1.25392152386723,-0.403567720847022,1,0.766395070857407,1,5,332,9.77978082756258,9.77978082756258,4.51691392225291,0,0,0,0,0,0,0,0,0
7.48861663376379,0,0,0,1,0.615220846693761,-0.462765825808117,1,0.766395070857407,1,5,332,8.49446667248075,8.49446667248075,3.18031446294487,0,0,0,0,0,0,0,0,0
5.08895157587346,0,0,0,1,-1.34055029737993,-1.55267809075279,1,0.766395070857407,1,5,332,5.68966916335656,5.68966916335656,-1.82114009014718,0,0,0,0,0,0,0,0,0
-0.182833123282915,0,0,0,0,-1.72754528000012,2.1042444278253,1,1.42822182403171,1,5,333,-0.390663710815419,9.13718090121841,-0.390663710815419,0,0,0,0,0,0,0,0,0
7.57923456095876,0,0,0,1,1.06473839779042,-0.945684524154815,1,1.42822182403171,1,5,333,8.13829391201148,8.13829391201148,2.14397469278556,0,0,0,0,0,0,0,0,0
3.1124953275881,0,0,0,1,-0.0559478255360653,0.1901954588337,0,1.42822182403171,1,5,333,3.17465654168206,3.17465654168206,1.03848222912109,0,0,0,0,0,0,0,0,0
2.45072422090822,0,0,0,1,-0.622070556533697,-1.58227098411503,0,1.42822182403171,1,5,333,2.73735179134945,2.73735179134945,-1.8662296758229,0,0,0,0,0,0,0,0,0
0.993255741525102,0,0,0,0,-0.741742441584826,1.36425110860135,0,1.42822182403171,1,5,333,0.840948646791222,4.80212973411123,0.840948646791222,0,0,0,0,0,0,0,0,0
0.920493041051076,0,0,0,1,-0.247776187571421,-0.404322049609599,0,-0.586019844422667,1,5,334,4.0201826369909,4.0201826369909,1.75670631719039,0,0,0,0,0,0,0,0,0
0.0706179414033503,0,0,0,0,-0.474197408360611,-0.421690413924274,0,-0.586019844422667,1,5,334,1.28649551129734,3.56431831649296,1.28649551129734,0,0,0,0,0,0,0,0,0
8.54668353324727,0,0,0,1,0.78080266111432,0.521491414309251,1,-0.586019844422667,1,5,334,10.111630773679,10.111630773679,4.73967747848072,0,0,0,0,0,0,0,0,0
2.99474310042575,0,0,0,0,0.625249689014736,0.408640905674582,0,-0.586019844422667,1,5,334,4.31572102564689,6.58270841543743,4.31572102564689,0,0,0,0,0,0,0,0,0
6.54893899329157,0,0,0,0,1.4659368928949,1.25941567079926,0,-0.586019844422667,1,5,334,6.84787019853189,10.5339980303866,6.84787019853189,0,0,0,0,0,0,0,0,0
-1.36073863137767,0,0,0,0,-1.93868934298689,0.797341554529999,0,-1.33966746190955,1,5,335,-1.87474603994296,0.861007514637359,-1.87474603994296,0,0,0,0,0,0,0,0,0
6.08151774977247,0,0,0,1,-0.107144687019486,-1.50905195972201,1,-1.33966746190955,1,5,335,6.85918757488068,6.85918757488068,-0.518050242260159,0,0,0,0,0,0,0,0,0
7.22121974335152,0,0,0,1,0.444830114790706,-2.07502749917942,1,-1.33966746190955,1,5,335,9.42566294425361,9.42566294425361,0.0199238219028146,0,0,0,0,0,0,0,0,0
0.594583689598066,0,0,0,1,-0.805203458090445,-0.479079326878545,0,-1.33966746190955,1,5,335,1.44532184988379,1.44532184988379,-0.884195151558614,0,0,0,0,0,0,0,0,0
7.50041589815032,0,0,0,1,1.85221695533067,0.345338852780351,1,-1.33966746190955,1,5,335,10.4743227781822,10.4743227781822,5.25506385494251,0,0,0,0,0,0,0,0,0
6.74782923483578,0,0,0,1,0.0310791963254658,-2.17450619840402,0,-0.104900963056951,1,4,336,7.70512518909414,7.70512518909414,0.876647982196634,0,0,0,0,0,0,0,0,0
3.61961288579354,0,0,0,0,0.652200948914076,-1.06608834484599,0,-0.104900963056951,1,4,336,3.22730934093189,6.46385369994834,3.22730934093189,0,0,0,0,0,0,0,0,0
7.57659442014672,0,0,0,1,0.432876768613745,-0.595196851814725,1,-0.104900963056951,1,4,336,8.71381176577265,8.71381176577265,3.25955247336249,0,0,0,0,0,0,0,0,0
7.77104279755553,0,0,0,1,1.80723864236889,-0.625108197729402,0,-0.104900963056951,1,4,336,8.4691251338266,8.4691251338266,5.9783648749581,0,0,0,0,0,0,0,0,0
5.58117307141819,0,0,0,1,0.218619339977066,1.56152473332582,0,1.11486575023852,0,5,337,6.7326725316875,6.7326725316875,2.19431303889924,0,0,0,0,0,0,0,0,0
4.29206191193716,0,0,0,0,0.284558469238677,0.354492140031746,1,1.11486575023852,0,5,337,2.32619129742246,7.55185597476674,2.32619129742246,0,0,0,0,0,0,0,0,0
0.612138882737067,0,0,0,0,-1.18370131428311,-0.0679134194390196,1,1.11486575023852,0,5,337,-0.61032826962112,4.49428396291878,-0.61032826962112,0,0,0,0,0,0,0,0,0
8.77712177887237,0,0,0,1,0.486731313801645,0.968627170651449,1,1.11486575023852,0,5,337,8.76877558227262,8.76877558227262,2.73053698654839,0,0,0,0,0,0,0,0,0
-1.01698746574061,0,0,0,0,-0.949266226259106,-0.486225891866209,0,1.11486575023852,0,5,337,-0.141458093573109,2.19495752434798,-0.141458093573109,0,0,0,0,0,0,0,0,0
11.9862575803266,0,0,0,1,1.32013778290817,-1.01622508148953,1,-0.81201886225571,0,5,338,11.1136143494057,11.1136143494057,4.98090093315728,0,0,0,0,0,0,0,0,0
5.49610234177953,0,0,0,0,1.31282431968915,1.5475698468583,0,-0.81201886225571,0,5,338,4.96627400671925,9.46124643762427,4.96627400671925,0,0,0,0,0,0,0,0,0
8.62141298452118,0,0,0,1,0.135182845806322,0.964357452385186,1,-0.81201886225571,0,5,338,8.64097635492443,8.64097635492443,2.61099105895358,0,0,0,0,0,0,0,0,0
9.8783864043185,0,0,0,1,-0.220911966657306,0.531330059729495,1,-0.81201886225571,0,5,338,7.28111306639848,7.28111306639848,1.89880143402633,0,0,0,0,0,0,0,0,0
1.21955671644849,0,0,0,0,-0.0781798560088464,-1.40017063150673,0,-0.81201886225571,0,5,338,2.18426565532325,6.2447434526572,2.18426565532325,0,0,0,0,0,0,0,0,0
10.0686236148769,0,0,0,1,-0.134520030190975,-0.828801663967999,1,-0.555957637636997,0,5,339,8.20878324296726,8.20878324296726,2.42187104477114,0,0,0,0,0,0,0,0,0
5.98892549023909,0,0,0,0,1.02959218109933,1.04483785719769,0,-0.555957637636997,0,5,339,4.75009546735176,7.94178161518522,4.75009546735176,0,0,0,0,0,0,0,0,0
7.47780825918708,0,0,0,1,-0.492081734633119,-1.71408518041392,0,-0.555957637636997,0,5,339,6.74483564160146,6.74483564160146,1.70674763588685,0,0,0,0,0,0,0,0,0
15.7692386711475,0,0,0,1,2.22809478390964,-1.98152041661402,1,-0.555957637636997,0,5,339,16.1735238344306,16.1735238344306,7.14710067297237,0,0,0,0,0,0,0,0,0
7.97745438186933,0,0,0,1,1.3391247172122,0.15828028733936,0,-0.555957637636997,0,5,339,7.49421318893772,7.49421318893772,5.36916053957749,0,0,0,0,0,0,0,0,0
2.0005618926907,0,0,0,1,-0.65495121179588,-0.370862194401302,0,0.749264686979164,1,5,340,2.9953765780891,2.9953765780891,0.757837810852954,0,0,0,0,0,0,0,0,0
0.698040009846083,0,0,0,0,-0.251763929089444,-0.13092662887491,1,0.749264686979164,1,5,340,1.80414794179222,6.92128972394077,1.80414794179222,0,0,0,0,0,0,0,0,0
6.74502354511073,0,0,0,1,1.16111956223651,0.108905133250178,0,0.749264686979164,1,5,340,6.98160701461746,6.98160701461746,4.86974668656922,0,0,0,0,0,0,0,0,0
6.51522995909842,0,0,0,1,-0.829508391230753,0.710554214151186,1,0.749264686979164,1,5,340,7.09502715178371,7.09502715178371,1.4901398605357,0,0,0,0,0,0,0,0,0
-0.975076864980234,0,0,0,0,-1.90940807849726,0.426753368452769,0,0.749264686979164,1,5,340,-0.953460359695738,1.32865807779005,-0.953460359695738,0,0,0,0,0,0,0,0,0
10.3775300613657,0,0,0,1,1.51410172151374,1.2620403524296,0,-1.17921954250064,1,6,341,9.59243091720227,9.59243091720227,5.89968506604165,0,0,0,0,0,0,0,0,0
2.29321655784775,0,0,0,1,-0.885531788720374,-0.748808976039825,0,-1.17921954250064,1,6,341,1.75028359970182,1.75028359970182,-0.91043128289599,0,0,0,0,0,0,0,0,0
4.47842913765242,0,0,0,1,-1.44038061030085,0.64308664797783,1,-1.17921954250064,1,6,341,4.88532713476807,4.88532713476807,-0.628233302039291,0,0,0,0,0,0,0,0,0
3.39252056465705,0,0,0,1,0.415348190378313,-1.48999015488182,0,-1.17921954250064,1,6,341,5.27021815810414,5.27021815810414,0.95014749645939,0,0,0,0,0,0,0,0,0
4.22538214730529,0,0,0,1,0.0399665548841513,-1.19327594568666,0,-1.17921954250064,1,6,341,4.02000591722062,4.02000591722062,0.496098434666225,0,0,0,0,0,0,0,0,0
8.02191312379345,0,0,0,1,-0.49839227323579,1.02820641760847,0,-1.17921954250064,1,6,341,4.79807157893272,4.79807157893272,1.64086314172148,0,0,0,0,0,0,0,0,0
6.30109252386648,0,0,0,1,0.587784964295716,-0.422648457982315,1,-2.39812757773698,1,5,342,3.2805373105413,3.2805373105413,-1.99809440849353,0,0,0,0,0,0,0,0,0
1.90805082715974,0,0,0,1,0.599116190719339,-1.25198047248575,0,-2.39812757773698,1,5,342,0.862691133335928,0.862691133335928,-2.80476397014972,0,0,0,0,0,0,0,0,0
-5.71149578514357,0,0,0,0,-1.95712317927697,0.167053217743234,0,-2.39812757773698,1,5,342,-6.49820901991335,-4.37030224235498,-6.49820901991335,0,0,0,0,0,0,0,0,0
12.2356473166512,0,0,0,1,0.52047660429549,2.10307640122178,1,-2.39812757773698,1,5,342,9.91594408008605,9.91594408008605,0.393013730710108,0,0,0,0,0,0,0,0,0
-3.83772584276373,0,0,0,0,-1.15471312617971,-0.511845983562526,0,-2.39812757773698,1,5,342,-5.57228811502458,-3.21030180413549,-5.57228811502458,0,0,0,0,0,0,0,0,0
5.7033642512413,0,0,0,0,0.449247333075362,2.09193074746974,0,-0.91380532829842,1,5,343,5.15538523559388,11.6315594878032,5.15538523559388,0,0,0,0,0,0,0,0,0
-3.11680229660266,0,0,0,0,-1.97429494855981,-1.38174481468229,0,-0.91380532829842,1,5,343,-3.1653748898285,0.843843843072897,-3.1653748898285,0,0,0,0,0,0,0,0,0
6.02992640401252,0,0,0,1,-0.0115333911678531,0.0149725833306593,1,-0.91380532829842,1,5,343,7.25708980121996,7.25708980121996,2.15686562296837,0,0,0,0,0,0,0,0,0
13.6876527070406,0,0,0,1,1.4571098805249,1.43550726880047,1,-0.91380532829842,1,5,343,13.6753679706027,13.6753679706027,6.51468685182369,0,0,0,0,0,0,0,0,0
3.04035282482203,0,0,0,0,-0.0523229329091333,0.264743683527636,0,-0.91380532829842,1,5,343,2.32505763968279,4.49514685765057,2.32505763968279,0,0,0,0,0,0,0,0,0
4.68100624184842,0,0,0,0,-0.0236929975664863,0.45935895585263,1,-0.335447292702673,1,6,344,3.2994480745381,8.61045872486012,3.2994480745381,0,0,0,0,0,0,0,0,0
9.19411822848333,0,0,0,1,0.685867779907305,1.20818793608906,0,-0.335447292702673,1,6,344,9.02711669863326,9.02711669863326,5.46739860972212,0,0,0,0,0,0,0,0,0
7.22673523486223,0,0,0,1,0.668645086017787,-1.25828529254805,0,-0.335447292702673,1,6,344,6.6497618707487,6.6497618707487,2.96647999330597,0,0,0,0,0,0,0,0,0
5.27013580595267,0,0,0,0,0.0520252288641273,0.587283522716872,0,-0.335447292702673,1,6,344,3.57880909426357,6.02371103031831,3.57880909426357,0,0,0,0,0,0,0,0,0
9.24534700736987,0,0,0,1,0.762571470936031,0.636076750388391,0,-0.335447292702673,1,6,344,7.55328843846356,7.55328843846356,5.0486948060789,0,0,0,0,0,0,0,0,0
6.92099887291162,0,0,0,1,-0.119070494746508,-1.41185016589899,0,-0.335447292702673,1,6,344,5.33080484937544,5.33080484937544,1.23748395842644,0,0,0,0,0,0,0,0,0
7.18742253534521,0,0,0,1,-0.661446433840117,-0.0340076529244954,1,-0.978105638516763,1,6,345,5.78756535975442,5.78756535975442,0.686408839296986,0,0,0,0,0,0,0,0,0
10.7603045401506,0,0,0,1,1.70363713792686,-0.283048836173686,1,-0.978105638516763,1,6,345,10.347651443241,10.347651443241,5.16753479958175,0,0,0,0,0,0,0,0,0
6.58437447901665,0,0,0,1,-1.23283709009285,0.609317613467107,1,-0.978105638516763,1,6,345,5.65822074726438,5.65822074726438,0.186952793183128,0,0,0,0,0,0,0,0,0
2.91683465683534,0,0,0,1,-2.22193227449665,-0.820719104944026,1,-0.978105638516763,1,6,345,2.5523055551845,2.5523055551845,-3.22127429403562,0,0,0,0,0,0,0,0,0
5.24466357507565,0,0,0,0,0.770125992464133,0.850732234990711,1,-0.978105638516763,1,6,345,4.43429357982069,10.258038915473,4.43429357982069,0,0,0,0,0,0,0,0,0
0.779653745465635,0,0,0,1,-1.14250461275375,-1.7216018199782,0,-0.978105638516763,1,6,345,3.10061114096825,3.10061114096825,-1.96330168558399,0,0,0,0,0,0,0,0,0
7.77128531683729,0,0,0,1,1.10562284075095,-0.50779549492094,0,0.533871874142614,0,4,346,7.28408276816335,7.28408276816335,4.92622650350135,0,0,0,0,0,0,0,0,0
3.00567878336253,0,0,0,0,0.451353192173929,0.637598852686216,0,0.533871874142614,0,4,346,3.61768720634731,6.12421950329409,3.61768720634731,0,0,0,0,0,0,0,0,0
7.65127040872001,0,0,0,1,1.22153392488349,-0.366040775184439,0,0.533871874142614,0,4,346,7.39203452086405,7.39203452086405,5.15804867176643,0,0,0,0,0,0,0,0,0
0.974929588997753,0,0,0,0,-1.17343854693081,-0.0445688800100096,0,0.533871874142614,0,4,346,0.368103728137827,2.47009011320317,0.368103728137827,0,0,0,0,0,0,0,0,0
3.48078189942918,0,0,0,1,-0.00511433615469647,0.0500084660023431,0,-1.49661381100294,1,4,347,2.90242774108011,2.90242774108011,0.799926894408198,0,0,0,0,0,0,0,0,0
1.05555298359573,0,0,0,1,-2.00167893840192,-1.97183051422864,0,-1.49661381100294,1,4,347,0.773074286525947,0.773074286525947,-5.21504129031723,0,0,0,0,0,0,0,0,0
0.394523729489294,0,0,0,1,-1.5265472204799,-1.55843087191317,0,-1.49661381100294,1,4,347,0.677328570374325,0.677328570374325,-3.85137821215773,0,0,0,0,0,0,0,0,0
1.60922730905677,0,0,0,1,-0.763210280085357,-1.15637585970228,0,-1.49661381100294,1,4,347,1.51455580974444,1.51455580974444,-1.92264931915775,0,0,0,0,0,0,0,0,0
-3.31648749350193,0,0,0,0,-0.329587830137062,0.603438551745145,0,2.47945784509838,1,5,348,-3.20344831414886,-0.73931022841658,-3.20344831414886,0,0,0,0,0,0,0,0,0
-6.94254057615998,0,0,0,0,-1.89458981225766,0.245829235475465,0,2.47945784509838,1,5,348,-6.69106159465972,-4.53062958164527,-6.69106159465972,0,0,0,0,0,0,0,0,0
-5.5602249728851,0,0,0,0,-1.0551769528775,-0.0307783478145729,1,2.47945784509838,1,5,348,-5.28884345918945,-0.187896152495256,-5.28884345918945,0,0,0,0,0,0,0,0,0
-1.04473363481829,0,0,0,0,0.522082187535708,0.349976512561062,1,2.47945784509838,1,5,348,-1.7535703179874,3.468913241357,-1.7535703179874,0,0,0,0,0,0,0,0,0
-4.9749336293648,0,0,0,0,-0.560491698656628,-0.329383698707302,1,2.47945784509838,1,5,348,-4.59807830164044,0.610415319333666,-4.59807830164044,0,0,0,0,0,0,0,0,0
0.509092291587197,0,0,0,1,-1.80147528370497,-1.26354958756405,0,-0.284224674115823,1,5,349,1.74927373988305,1.74927373988305,-1.94728382035023,0,0,0,0,0,0,0,0,0
4.13636310755135,0,0,0,1,-0.21027219186366,-1.5857741570184,0,-0.284224674115823,1,5,349,5.52757747094544,5.52757747094544,0.912897793878039,0,0,0,0,0,0,0,0,0
4.04073850573293,0,0,0,1,-0.831000150056679,0.223366779280682,1,-0.284224674115823,1,5,349,6.6304755318773,6.6304755318773,1.48058281379108,0,0,0,0,0,0,0,0,0
-1.1398237996393,0,0,0,0,-0.176157881064691,-0.499123925928063,0,-0.284224674115823,1,5,349,2.06777664656631,4.41690134000015,2.06777664656631,0,0,0,0,0,0,0,0,0
6.99547252643635,0,0,0,1,0.489997088648684,-1.14667110288061,1,-0.284224674115823,1,5,349,9.16739402722195,9.16739402722195,2.75253940904051,0,0,0,0,0,0,0,0,0
13.1100885130557,0,0,0,1,1.67147516537825,1.61342827445585,0,-0.655612347159329,0,6,350,10.6162735778223,10.6162735778223,5.91312278100874,0,0,0,0,0,0,0,0,0
4.89171570227953,0,0,0,1,-0.0280184018576857,-0.0638517526140293,0,-0.655612347159329,0,6,350,4.61821269284875,4.61821269284875,2.51413564653686,0,0,0,0,0,0,0,0,0
6.55147979251697,0,0,0,1,0.335467063717884,-0.884843857457959,0,-0.655612347159329,0,6,350,6.12405522976908,6.12405522976908,3.241106577688,0,0,0,0,0,0,0,0,0
1.65900193382232,0,0,0,0,-1.56200471113175,-0.35852491696032,0,-0.655612347159329,0,6,350,-0.553836972011264,1.67470314407014,-0.553836972011264,0,0,0,0,0,0,0,0,0
9.47328225231536,0,0,0,1,0.931402674581745,-1.02876675628882,0,-0.655612347159329,0,6,350,7.59133883826074,7.59133883826074,4.43297779941573,0,0,0,0,0,0,0,0,0
12.6006741727359,0,0,0,1,-0.809018468128248,2.14057552820203,1,-0.655612347159329,0,6,350,10.6341991059332,10.6341991059332,0.95213551399574,0,0,0,0,0,0,0,0,0
1.81430398118921,0,0,0,0,-1.03584388923563,1.06084028095081,0,0.478163401269069,1,6,351,1.76051226416635,4.98589436585414,1.76051226416635,0,0,0,0,0,0,0,0,0
3.97473366224549,0,0,0,0,-0.38083591601614,3.01730263636765,0,0.478163401269069,1,6,351,5.02699056602216,16.2311057654533,5.02699056602216,0,0,0,0,0,0,0,0,0
9.35294160379525,0,0,0,1,0.530022248492367,-0.547787103499785,1,0.478163401269069,1,6,351,8.68368786593243,8.68368786593243,3.28361715517174,0,0,0,0,0,0,0,0,0
8.30746305830194,0,0,0,1,-0.465880844251557,-0.213608100189988,1,0.478163401269069,1,6,351,6.77161839346047,6.77161839346047,1.62598997299369,0,0,0,0,0,0,0,0,0
0.430950220519662,0,0,0,0,-0.801307591923683,0.317206579450469,1,0.478163401269069,1,6,351,1.4859511572899,6.68657117133656,1.4859511572899,0,0,0,0,0,0,0,0,0
3.54587866500552,0,0,0,0,-0.0992813612631167,1.36255732835053,0,0.478163401269069,1,6,351,3.93535436751109,7.89191684055281,3.93535436751109,0,0,0,0,0,0,0,0,0
6.83872720255761,0,0,0,1,0.993904827734863,-0.948529508901476,0,-0.177729340166038,1,5,352,7.00740065746927,7.00740065746927,4.00769242821239,0,0,0,0,0,0,0,0,0
3.47684165748008,0,0,0,1,-0.584005350159946,0.301256716172681,0,-0.177729340166038,1,5,352,4.29241390653608,4.29241390653608,2.10165829749693,0,0,0,0,0,0,0,0,0
7.43840844442999,0,0,0,1,-1.24829356919705,0.979274612810915,1,-0.177729340166038,1,5,352,7.51007852335694,7.51007852335694,1.45109975606097,0,0,0,0,0,0,0,0,0
10.3174742576309,0,0,0,1,0.113589145080482,0.163592975666322,1,-0.177729340166038,1,5,352,8.48594620915879,8.48594620915879,3.35918354747143,0,0,0,0,0,0,0,0,0
7.84731419207368,0,0,0,1,-0.323365470614735,0.10845419841542,1,-0.177729340166038,1,5,352,7.54189785198403,7.54189785198403,2.4301355388301,0,0,0,0,0,0,0,0,0
11.0058751966215,0,0,0,1,1.37539769290205,0.333920481306346,1,1.60075688451392,1,6,353,8.73379615162761,8.73379615162761,3.52229326379175,0,0,0,0,0,0,0,0,0
1.90992940069584,0,0,0,0,-0.614360443339318,1.22479092994176,0,1.60075688451392,1,6,353,0.433647439944419,4.03376026201202,0.433647439944419,0,0,0,0,0,0,0,0,0
7.94058771654029,0,0,0,1,0.83394794056893,-1.17869693192427,1,1.60075688451392,1,6,353,7.41610280322257,7.41610280322257,0.926776345894883,0,0,0,0,0,0,0,0,0
10.3386678077443,0,0,0,1,1.23156859808257,-2.41826022766725,1,1.60075688451392,1,6,353,11.4304368938964,11.4304368938964,0.482454365179182,0,0,0,0,0,0,0,0,0
2.71384124674569,0,0,0,1,-1.39974924019008,-0.547081573123011,1,1.60075688451392,1,6,353,2.49029559082888,2.49029559082888,-2.90900265682187,0,0,0,0,0,0,0,0,0
0.989592867356669,0,0,0,1,-0.557630091106254,0.0272230281743814,0,1.60075688451392,1,6,353,1.45028133590615,1.45028133590615,-0.650459757356833,0,0,0,0,0,0,0,0,0
6.7733930683533,0,0,0,0,1.13643751461762,-0.625762154285769,0,0.671857725909976,0,4,354,4.82148222537031,7.31306049910668,4.82148222537031,0,0,0,0,0,0,0,0,0
5.8975496854036,0,0,0,0,1.93352418613052,0.825616744138321,0,0.671857725909976,0,4,354,6.41565556839611,9.19729857659767,6.41565556839611,0,0,0,0,0,0,0,0,0
5.47505361375671,0,0,0,0,0.541456060587409,1.66193473998932,0,0.671857725909976,0,4,354,3.63151931730989,8.49354639729326,3.63151931730989,0,0,0,0,0,0,0,0,0
6.27825590706128,0,0,0,1,0.204711661915371,0.666298459409036,1,0.671857725909976,0,4,354,8.50198415697667,8.50198415697667,2.95803051996582,0,0,0,0,0,0,0,0,0
11.9907818558008,0,0,0,1,1.16989040835889,0.754969785220552,1,0.108392707570602,1,6,355,11.7529809994798,11.7529809994798,6.08300162288384,0,0,0,0,0,0,0,0,0
19.8919960168053,0,0,0,1,3.05532556096936,2.61388778975534,0,0.108392707570602,1,6,355,20.6451993100717,20.6451993100717,11.7127899326396,0,0,0,0,0,0,0,0,0
-2.21697362993642,0,0,0,0,-1.17942154840851,-1.58024580511073,0,0.108392707570602,1,6,355,-0.950837880982246,3.64633892358782,-0.950837880982246,0,0,0,0,0,0,0,0,0
3.82658257690408,0,0,0,0,-0.238750681601498,1.02949232097216,0,0.108392707570602,1,6,355,3.54024197871468,6.70009641765533,3.54024197871468,0,0,0,0,0,0,0,0,0
8.16740432899392,0,0,0,1,-0.226825255151864,0.789188112671054,1,0.108392707570602,1,6,355,9.04660650049414,9.04660650049414,3.32378862331284,0,0,0,0,0,0,0,0,0
2.10287936522599,0,0,0,0,-0.787151324893317,1.11659234957561,0,0.108392707570602,1,6,355,2.53054072073449,5.87731919586527,2.53054072073449,0,0,0,0,0,0,0,0,0
12.4378548361183,0,0,0,1,2.40195008427724,1.70518646987656,0,-0.664133230842584,1,5,356,14.0756745871717,14.0756745871717,9.06801369012162,0,0,0,0,0,0,0,0,0
-0.849895569790992,0,0,0,0,-0.344775188381915,-2.23891910465635,1,-0.664133230842584,1,5,356,-0.369542429729589,9.7432163274656,-0.369542429729589,0,0,0,0,0,0,0,0,0
6.98065942609358,0,0,0,1,-0.697893854055752,0.47160104379485,1,-0.664133230842584,1,5,356,6.95714793188233,6.95714793188233,1.63474038737394,0,0,0,0,0,0,0,0,0
11.7717998556992,0,0,0,1,2.13356654231807,1.18704684327388,0,-0.664133230842584,1,5,356,11.5221871877271,11.5221871877271,8.01310697960061,0,0,0,0,0,0,0,0,0
3.54706291689266,0,0,0,1,0.599684404884021,-0.448103356043164,0,-0.664133230842584,1,5,356,5.61098912311262,5.61098912311262,3.31019250541547,0,0,0,0,0,0,0,0,0
-0.0932874460963203,0,0,0,0,-1.12585047392449,-0.153039127690221,0,-1.23279664182338,0,6,357,-0.771488507939993,1.35193246666419,-0.771488507939993,0,0,0,0,0,0,0,0,0
3.54437459925281,0,0,0,0,0.598086640515331,-0.103553663812947,0,-1.23279664182338,0,6,357,2.67638572093966,4.78710908222874,2.67638572093966,0,0,0,0,0,0,0,0,0
1.90436115431434,0,0,0,0,-0.266453796951919,-0.941909147044616,0,-1.23279664182338,0,6,357,0.947304846005154,3.93449768729147,0.947304846005154,0,0,0,0,0,0,0,0,0
-1.66237063386894,0,0,0,0,-1.65657617614263,1.18017255195598,0,-1.23279664182338,0,6,357,-1.83293991237627,1.65986734001403,-1.83293991237627,0,0,0,0,0,0,0,0,0
2.44641978307122,0,0,0,1,-0.882642497470321,0.988909117369102,0,-1.23279664182338,0,6,357,2.79286868738409,2.79286868738409,-0.285072555031649,0,0,0,0,0,0,0,0,0
1.18468715840981,0,0,0,0,-1.06067060465221,-0.202863441873792,0,-1.23279664182338,0,6,357,-0.641128769395418,1.50002480665346,-0.641128769395418,0,0,0,0,0,0,0,0,0
-2.91725652511997,0,0,0,0,-1.41404874660422,-1.70513433902966,1,1.03495868882603,1,6,358,-2.60437131981459,5.40311179432352,-2.60437131981459,0,0,0,0,0,0,0,0,0
4.99566554921187,0,0,0,0,1.14375307396758,1.31832678492516,0,1.03495868882603,1,6,358,5.53469344528384,9.37267895713496,5.53469344528384,0,0,0,0,0,0,0,0,0
9.28552284996177,0,0,0,1,0.293068454136731,0.596099537542385,1,1.03495868882603,1,6,358,8.5664316168976,8.5664316168976,3.11109695823936,0,0,0,0,0,0,0,0,0
4.63845455705717,0,0,0,0,0.732321655672211,1.20584081503378,0,1.03495868882603,1,6,358,4.59934463880171,8.15339671000303,4.59934463880171,0,0,0,0,0,0,0,0,0
6.97358815133472,0,0,0,1,-1.06883215425027,1.12972139703334,1,1.03495868882603,1,6,358,7.29718803587127,7.29718803587127,0.920917600956302,0,0,0,0,0,0,0,0,0
-1.45134606635336,0,0,0,0,-0.728892121803477,-0.140026571791428,0,1.03495868882603,1,6,358,0.331049697025127,2.45065713783279,0.331049697025127,0,0,0,0,0,0,0,0,0
3.94083384880831,0,0,0,0,0.236615711621799,-0.0634446482663062,0,1.5567304508043,1,5,359,0.986377078515934,3.09040230190957,0.986377078515934,0,0,0,0,0,0,0,0,0
-0.440105112481279,0,0,0,0,-1.33027410995122,0.322090580001753,0,1.5567304508043,1,5,359,-1.76186733636205,0.441875005363813,-1.76186733636205,0,0,0,0,0,0,0,0,0
2.91929567904206,0,0,0,0,-0.3467312607037,1.3477201955581,1,1.5567304508043,1,5,359,1.23084797768934,8.14719770320449,1.23084797768934,0,0,0,0,0,0,0,0,0
7.08465435060613,0,0,0,1,1.19929199576627,0.31342118280012,0,1.5567304508043,1,5,359,5.48682831569914,5.48682831569914,3.28859547787131,0,0,0,0,0,0,0,0,0
8.67802462037544,0,0,0,1,0.336937179840982,0.82752375374453,1,1.5567304508043,1,5,359,7.86278397997658,7.86278397997658,2.07798841696514,0,0,0,0,0,0,0,0,0
-0.209041277111856,0,0,0,0,-0.860338628039823,-0.107461387108373,0,0.729723582433558,0,5,360,0.746826237160688,2.85837418687994,0.746826237160688,0,0,0,0,0,0,0,0,0
1.08241788007468,0,0,0,0,0.45646883707665,2.38251378837574,1,0.729723582433558,0,5,360,3.38044116739364,14.1568131191942,3.38044116739364,0,0,0,0,0,0,0,0,0
-1.37889155095116,0,0,0,0,-1.98408770908831,-0.490546791145401,0,0.729723582433558,0,5,360,-1.50067192493628,0.839964229366774,-1.50067192493628,0,0,0,0,0,0,0,0,0
5.2671475269738,0,0,0,1,0.683167526765374,-1.20209749874434,0,0.729723582433558,0,5,360,7.37887694325848,7.37887694325848,3.83383854677108,0,0,0,0,0,0,0,0,0
5.29018617134207,0,0,0,1,-0.603214288686125,-0.266241919952294,1,0.729723582433558,0,5,360,6.43195967580797,6.43195967580797,1.26107491586808,0,0,0,0,0,0,0,0,0
-0.648688098108051,0,0,0,0,-0.73638706865063,1.28041832215428,0,-1.89364544235057,0,5,361,-2.05866719863635,1.68080388107204,-2.05866719863635,0,0,0,0,0,0,0,0,0
-4.72266440850984,0,0,0,0,-1.3726280574426,-2.5697608618164,0,-1.89364544235057,0,5,361,-3.33114917622029,5.37252171070309,-3.33114917622029,0,0,0,0,0,0,0,0,0
-1.03463335682271,0,0,0,1,-1.70917527540416,0.359684937384457,0,-1.89364544235057,0,5,361,-1.77487035796216,-1.77487035796216,-4.00424361214342,0,0,0,0,0,0,0,0,0
2.49976390019618,0,0,0,1,-0.507443860313087,0.326089193892101,1,-1.89364544235057,0,5,361,3.60555338041194,3.60555338041194,-1.60078078196126,0,0,0,0,0,0,0,0,0
-0.36410064956911,0,0,0,0,0.862298578715805,0.20119034045203,0,-1.89364544235057,0,5,361,1.13870409609652,3.27918164918772,1.13870409609652,0,0,0,0,0,0,0,0,0
7.87280138273521,0,0,0,1,1.14688184431999,-1.54915653042197,0,0.621480490049261,1,5,362,7.85825511445517,7.85825511445517,3.35836915870614,0,0,0,0,0,0,0,0,0
3.84172718818783,0,0,0,0,-0.265529377471337,1.79062403107149,1,0.621480490049261,1,5,362,3.87332727661695,12.1796616972677,3.87332727661695,0,0,0,0,0,0,0,0,0
7.43603674850487,0,0,0,1,-0.111398861050149,-0.215712177496261,1,0.621480490049261,1,5,362,7.32178384441175,7.32178384441175,2.17525210089157,0,0,0,0,0,0,0,0,0
2.55037444958261,0,0,0,1,-1.21980670877735,0.14152028065087,0,0.621480490049261,1,5,362,2.4356968534198,2.4356968534198,0.315668863584299,0,0,0,0,0,0,0,0,0
6.39181745202792,0,0,0,0,1.09271014484674,0.380356157190661,0,0.621480490049261,1,5,362,5.17953844737228,7.42420925368513,5.17953844737228,0,0,0,0,0,0,0,0,0
6.00488318629685,0,0,0,1,0.982584986358209,-0.670212987463402,1,-1.68288404132569,1,5,363,7.01204373726895,7.01204373726895,1.46285828870433,0,0,0,0,0,0,0,0,0
4.44886248158418,0,0,0,1,-0.300648811639796,1.14315051267223,0,-1.68288404132569,1,5,363,4.11654728746675,4.11654728746675,0.709754192843958,0,0,0,0,0,0,0,0,0
-0.392518018458561,0,0,0,1,-2.04272068916448,0.374627354844546,0,-1.68288404132569,1,5,363,-1.30256706503528,-1.30256706503528,-3.5429127200331,0,0,0,0,0,0,0,0,0
-3.56923064080084,0,0,0,1,-2.47626153936245,0.355053578983752,0,-1.68288404132569,1,5,363,-2.20350515234067,-2.20350515234067,-4.42956819628984,0,0,0,0,0,0,0,0,0
4.42777366986468,0,0,0,1,1.42726707917788,0.446055018083931,0,-1.68288404132569,1,5,363,5.76745555904887,5.76745555904887,3.46849047989102,0,0,0,0,0,0,0,0,0
-0.925105525071184,0,0,0,0,-1.11432850843086,-0.788200483330845,1,0.161912482112845,1,6,364,-0.0430731520564996,5.67818684986648,-0.0430731520564996,0,0,0,0,0,0,0,0,0
11.1711016558415,0,0,0,1,2.00240438836319,0.881222744896928,0,0.161912482112845,1,6,364,10.736369395883,10.736369395883,7.85981586975936,0,0,0,0,0,0,0,0,0
6.77057717830331,0,0,0,1,0.269284461020741,0.972452591835399,0,0.161912482112845,1,6,364,7.53046990538032,7.53046990538032,4.48480586201294,0,0,0,0,0,0,0,0,0
1.72435016777022,0,0,0,0,-0.592011607046336,-0.474394879436884,0,0.161912482112845,1,6,364,1.3153662546065,3.64041675624244,1.3153662546065,0,0,0,0,0,0,0,0,0
1.93799269350135,0,0,0,0,-1.65442965651848,0.664581500866574,0,0.161912482112845,1,6,364,0.329506535965667,2.87117510725973,0.329506535965667,0,0,0,0,0,0,0,0,0
-3.02910442526039,0,0,0,0,-1.71698062852938,-1.52095007398756,0,0.161912482112845,1,6,364,-1.98112698291027,2.4321621446525,-1.98112698291027,0,0,0,0,0,0,0,0,0
6.93735444452131,0,0,0,1,-0.607429367540151,0.40636225054434,1,0.33946064881608,1,5,365,7.34140026203687,7.34140026203687,2.07626998336941,0,0,0,0,0,0,0,0,0
3.60285786499621,0,0,0,0,0.507582652704713,-0.315049302363473,0,0.33946064881608,1,5,365,3.58488247095132,5.78413853387103,3.58488247095132,0,0,0,0,0,0,0,0,0
-2.3981506003207,0,0,0,0,-2.64359488590499,1.27291446138055,0,0.33946064881608,1,5,365,-1.12950884252406,2.59080238346767,-1.12950884252406,0,0,0,0,0,0,0,0,0
7.77340950661096,0,0,0,1,0.849454977083059,-0.372053041311883,0,0.33946064881608,1,5,365,6.45004684630902,6.45004684630902,4.2116233807596,0,0,0,0,0,0,0,0,0
6.57337844041196,0,0,0,1,0.0777110791549132,-1.07302639791317,0,0.33946064881608,1,5,365,5.21854787892053,5.21854787892053,1.96716222830202,0,0,0,0,0,0,0,0,0
3.45616110094582,0,0,0,1,-0.272278687191895,0.745495433882727,0,1.78069692610026,0,6,366,1.94032452493331,1.94032452493331,-0.715438917006689,0,0,0,0,0,0,0,0,0
0.39373493922737,0,0,0,1,-1.13162231384027,-0.903120119144247,0,1.78069692610026,0,6,366,0.481499779299676,0.481499779299676,-2.43412617030344,0,0,0,0,0,0,0,0,0
-1.35597229728118,0,0,0,0,-0.553462630667074,-0.823813826568285,0,1.78069692610026,0,6,366,-1.27780680395705,1.50086241688803,-1.27780680395705,0,0,0,0,0,0,0,0,0
-2.04557029714738,0,0,0,0,-1.42171985138119,-1.42450615281483,1,1.78069692610026,0,6,366,-3.01432124538527,4.11489653402204,-3.01432124538527,0,0,0,0,0,0,0,0,0
5.44287911971035,0,0,0,0,2.36374006792705,1.6127443908536,0,1.78069692610026,0,6,366,4.5565985932312,9.25754306346096,4.5565985932312,0,0,0,0,0,0,0,0,0
2.40400127817302,0,0,0,1,-0.588871795414199,0.272677843783256,0,1.78069692610026,0,6,366,0.82572807303899,0.82572807303899,-1.3486251334513,0,0,0,0,0,0,0,0,0
9.50813355738595,0,0,0,1,-0.131914089269946,0.807299393075984,1,0.708928222687718,0,4,367,7.9853249065978,7.9853249065978,2.23359259653694,0,0,0,0,0,0,0,0,0
2.28786795113638,0,0,0,0,0.232249814136684,0.105890505104132,0,0.708928222687718,0,4,367,2.9619204033502,5.07313320242141,2.9619204033502,0,0,0,0,0,0,0,0,0
10.2990116991407,0,0,0,1,0.825283406039284,-0.477893438954243,1,0.708928222687718,0,4,367,9.47636972615091,9.47636972615091,4.1479875871554,0,0,0,0,0,0,0,0,0
11.0749648587109,0,0,0,1,1.37654963973811,1.59511307380805,0,0.708928222687718,0,4,367,9.89490577278643,9.89490577278643,5.25052005455305,0,0,0,0,0,0,0,0,0
4.71833926617099,0,0,0,0,0.325493612607289,-0.0809401920010089,0,-0.0636206204770213,1,4,368,3.56599944986369,5.67255076454485,3.56599944986369,0,0,0,0,0,0,0,0,0
12.4090933902397,0,0,0,1,1.52850577641576,-1.91386657719842,0,-0.0636206204770213,1,4,368,9.90198266760043,9.90198266760043,4.13909739228323,0,0,0,0,0,0,0,0,0
8.87156041950397,0,0,0,1,-0.572728341636925,1.22742379909223,0,-0.0636206204770213,1,4,368,6.68448871504652,6.68448871504652,3.0779195324685,0,0,0,0,0,0,0,0,0
9.08997131887037,0,0,0,1,1.22400401577466,-0.414840079364159,0,-0.0636206204770213,1,4,368,7.30121266028215,7.30121266028215,5.02912036883529,0,0,0,0,0,0,0,0,0
6.2991901057112,0,0,0,1,0.660709554256475,-0.0586322864621759,0,-0.302925103439017,1,6,369,6.27446094877302,6.27446094877302,4.17102320375723,0,0,0,0,0,0,0,0,0
12.8766133888016,0,0,0,1,2.25944008237601,1.34617623800629,0,-0.302925103439017,1,6,369,12.6854832482375,12.6854832482375,8.77329278446476,0,0,0,0,0,0,0,0,0
3.58470230796739,0,0,0,0,0.0608626494058287,0.741318240504621,1,-0.302925103439017,1,6,369,3.77127992102274,9.4208326547276,3.77127992102274,0,0,0,0,0,0,0,0,0
2.17823504394718,0,0,0,0,-0.724920505283092,0.405946513545593,0,-0.302925103439017,1,6,369,1.86434188468587,4.12913445654569,1.86434188468587,0,0,0,0,0,0,0,0,0
4.16938122605591,0,0,0,0,0.125982548744074,0.468543370429394,0,-0.302925103439017,1,6,369,3.628744849624,5.94827773959734,3.628744849624,0,0,0,0,0,0,0,0,0
6.91813592784816,0,0,0,1,0.0670304337779465,-1.42980329905554,1,-0.302925103439017,1,6,369,8.75683142419691,8.75683142419691,1.61249395020682,0,0,0,0,0,0,0,0,0
8.99323582023873,0,0,0,0,2.33515795362979,1.21618245623232,0,-1.10417924863366,1,5,370,7.66728655037871,11.246386317226,7.66728655037871,0,0,0,0,0,0,0,0,0
-1.24175170174894,0,0,0,0,-0.568830795853732,-1.15387284544604,0,-1.10417924863366,1,5,370,-0.510746250266698,2.92067629319105,-0.510746250266698,0,0,0,0,0,0,0,0,0
7.63200839409334,0,0,0,1,0.472052468927354,0.572701769937257,0,-1.10417924863366,1,5,370,5.72558221196804,5.72558221196804,3.29759489467878,0,0,0,0,0,0,0,0,0
1.34361631247315,0,0,0,0,-1.47031181094214,0.453947728166674,0,-1.10417924863366,1,5,370,-0.705887706830794,1.60018083307689,-0.705887706830794,0,0,0,0,0,0,0,0,0
0.873072266518208,0,0,0,0,-0.0385325979884904,-1.27928468963491,0,-1.10417924863366,1,5,370,0.424438301274919,4.16100761840921,0.424438301274919,0,0,0,0,0,0,0,0,0
-4.40801929976077,0,0,0,0,-2.8037433522371,-1.24011706249035,0,-0.648509431997309,1,5,371,-4.26816825035402,-0.630277921674319,-4.26816825035402,0,0,0,0,0,0,0,0,0
4.75036579412132,0,0,0,1,0.552324689110546,-1.06657762994103,0,-0.648509431997309,1,5,371,5.85509510558122,5.85509510558122,2.61750726489059,0,0,0,0,0,0,0,0,0
3.23387242503266,0,0,0,0,0.35754073668912,1.47468669006081,0,-0.648509431997309,1,5,371,4.76920368004958,9.0439045138921,4.76920368004958,0,0,0,0,0,0,0,0,0
3.01316434417726,0,0,0,1,0.0107107011282571,0.0820274455417011,0,-0.648509431997309,1,5,371,4.78961286623084,4.78961286623084,2.68288436440874,0,0,0,0,0,0,0,0,0
-0.787015476917123,0,0,0,0,-0.440432747105817,0.113028751783425,0,-0.648509431997309,1,5,371,1.81159877418232,3.92437427291204,1.81159877418232,0,0,0,0,0,0,0,0,0
4.84278909673613,0,0,0,1,-0.804408646387309,0.313546629168726,1,0.335560785182315,1,5,372,6.79043978450501,6.79043978450501,1.59212829584194,0,0,0,0,0,0,0,0,0
5.98205664977972,0,0,0,1,-0.162635616843921,1.22332748004928,0,0.335560785182315,1,5,372,7.38198532925299,7.38198532925299,3.78545520580927,0,0,0,0,0,0,0,0,0
2.63367739264724,0,0,0,1,-1.59650955244402,0.95811810013556,0,0.335560785182315,1,5,372,3.67048824850272,3.67048824850272,0.652497954695343,0,0,0,0,0,0,0,0,0
2.78918457838856,0,0,0,0,0.810933035062246,-1.09586147333235,0,0.335560785182315,1,5,372,3.41340355623997,6.71431592497412,3.41340355623997,0,0,0,0,0,0,0,0,0
4.34394951163785,0,0,0,0,-0.0240781370462202,1.57853184632123,0,0.335560785182315,1,5,372,4.41777453167661,9.00953732152691,4.41777453167661,0,0,0,0,0,0,0,0,0
5.26267017224577,0,0,0,0,0.665783487206618,0.775828890312492,0,0.11139495936832,0,5,373,4.31915813744057,7.02106860448408,4.31915813744057,0,0,0,0,0,0,0,0,0
10.0567754435725,0,0,0,1,0.0173054893586949,-0.744040234252877,1,0.11139495936832,0,5,373,8.6757980119318,8.6757980119318,3.02220214174472,0,0,0,0,0,0,0,0,0
4.7709683896784,0,0,0,1,-0.623448095026072,0.0762613045708388,0,0.11139495936832,0,5,373,3.84651075955003,3.84651075955003,1.74069497297519,0,0,0,0,0,0,0,0,0
3.22486221551387,0,0,0,0,-0.0928790723505343,1.75559355112993,1,0.11139495936832,0,5,373,2.80183301832626,10.9839417350953,2.80183301832626,0,0,0,0,0,0,0,0,0
5.85455555646773,0,0,0,0,0.757954814078549,0.706367964664875,0,0.11139495936832,0,5,373,4.50350079118443,7.10245649268923,4.50350079118443,0,0,0,0,0,0,0,0,0
5.59116732332187,0,0,0,1,0.33313449709262,-1.19464669806715,1,-1.46311555300321,0,5,374,8.0527426059481,8.0527426059481,1.52556187274536,0,0,0,0,0,0,0,0,0
2.84952966479126,0,0,0,1,0.105448426852861,-0.201122635320443,0,-1.46311555300321,0,5,374,3.21064004670408,3.21064004670408,1.07018973226584,0,0,0,0,0,0,0,0,0
4.07036853686344,0,0,0,1,0.621852870752739,-0.668450995642003,0,-1.46311555300321,0,5,374,4.64982535364039,4.64982535364039,2.1029986200656,0,0,0,0,0,0,0,0,0
-1.57606543851304,0,0,0,0,-0.636362198326998,-1.00899125725644,0,-1.46311555300321,0,5,374,-0.413431518093874,2.70463183912606,-0.413431518093874,0,0,0,0,0,0,0,0,0
1.40099286930484,0,0,0,1,0.267062558180374,0.528837631890848,0,-1.46311555300321,0,5,374,3.77308723582479,3.77308723582479,1.39341799492087,0,0,0,0,0,0,0,0,0
8.05712201572747,0,0,0,1,0.452771142877551,-1.00893366481129,1,0.774598042447573,1,6,375,8.41455363356974,8.41455363356974,2.2966064935802,0,0,0,0,0,0,0,0,0
5.96434457307129,0,0,0,1,-0.910598850844668,-0.558796570783759,1,0.774598042447573,1,6,375,5.43225720768298,5.43225720768298,0.0200036001632932,0,0,0,0,0,0,0,0,0
6.87482607076124,0,0,0,1,0.274504440425283,-0.541703101793727,1,0.774598042447573,1,6,375,7.80074590218617,7.80074590218617,2.40730365169323,0,0,0,0,0,0,0,0,0
1.81661601031013,0,0,0,0,-0.133134551914456,0.673466339778209,0,0.774598042447573,1,6,375,2.80719510858569,5.36075201939994,2.80719510858569,0,0,0,0,0,0,0,0,0
8.89009990641143,0,0,0,1,0.147918588626502,-1.40847194148248,1,0.774598042447573,1,6,375,8.37115631835034,8.37115631835034,1.28736310840691,0,0,0,0,0,0,0,0,0
13.7003515270719,0,0,0,1,1.68077552351011,1.33406552348148,1,0.774598042447573,1,6,375,13.97534526408,13.97534526408,7.0956144431381,0,0,0,0,0,0,0,0,0
9.07666776284403,0,0,0,1,0.541375350677049,-0.0984391901492917,1,-0.585501159935833,1,4,376,8.75119017707585,8.75119017707585,3.6414999029186,0,0,0,0,0,0,0,0,0
10.2623673547266,0,0,0,1,1.04383176251006,-1.97781731580219,0,-0.585501159935833,1,4,376,8.7787959356187,8.7787959356187,2.76703460093173,0,0,0,0,0,0,0,0,0
7.82149435556418,0,0,0,1,0.479970857980002,0.90508700979552,1,-0.585501159935833,1,4,376,10.4413996127699,10.4413996127699,4.52221711746932,0,0,0,0,0,0,0,0,0
5.00497311699943,0,0,0,1,0.158448274260175,0.298718980357621,0,-0.585501159935833,1,4,376,5.46203694981766,5.46203694981766,3.27280392059177,0,0,0,0,0,0,0,0,0
11.5532194962392,0,0,0,1,1.48048383251122,1.60746699091521,0,-1.00718113617116,1,5,377,11.2379709417606,11.2379709417606,6.55402081487861,0,0,0,0,0,0,0,0,0
3.8530097987791,0,0,0,0,0.507697492561796,-0.521353561572057,0,-1.00718113617116,1,5,377,2.4796275824925,4.85143711865636,2.4796275824925,0,0,0,0,0,0,0,0,0
5.69410874630301,0,0,0,1,1.11596070128185,0.668208149757899,0,-1.00718113617116,1,5,377,7.43221784266543,7.43221784266543,4.88571571126255,0,0,0,0,0,0,0,0,0
2.08118730567988,0,0,0,1,-1.14877664452319,-0.689396306252898,0,-1.00718113617116,1,5,377,1.57390383071683,1.57390383071683,-1.00136343635831,0,0,0,0,0,0,0,0,0
7.22334798669981,0,0,0,1,1.77714924669706,-0.210374765231079,0,-1.00718113617116,1,5,377,7.47376742895004,7.47376742895004,5.329509887104,0,0,0,0,0,0,0,0,0
1.35026620798922,0,0,0,0,0.167716631508925,0.0523311597220271,0,0.662362527280895,1,5,378,2.94904030519394,5.0517788554718,2.94904030519394,0,0,0,0,0,0,0,0,0
3.59860644963083,0,0,0,1,-1.00938339740024,-0.132184554487456,0,0.662362527280895,1,5,378,2.52779728961118,2.52779728961118,0.410324533166135,0,0,0,0,0,0,0,0,0
11.780501877532,0,0,0,1,0.72830196863717,-2.35513153238504,1,0.662362527280895,1,5,378,12.3093928221777,12.3093928221777,1.66274828734336,0,0,0,0,0,0,0,0,0
-2.16280882220093,0,0,0,0,-1.37574092387104,-1.07316735684747,0,0.662362527280895,1,5,378,-1.26337332213548,1.9883148536675,-1.26337332213548,0,0,0,0,0,0,0,0,0
9.95545540190543,0,0,0,1,0.973692263616851,-0.219107849988887,1,0.662362527280895,1,5,378,9.43756080962563,9.43756080962563,4.28955255969888,0,0,0,0,0,0,0,0,0
4.55281000136896,0,0,0,0,0.0739010808855222,0.122655449772149,1,0.779102374426018,0,5,379,2.54080165193479,7.65584601129359,2.54080165193479,0,0,0,0,0,0,0,0,0
2.80557524778699,0,0,0,0,0.334313660159999,-2.10887807186324,1,0.779102374426018,0,5,379,3.06162681048374,12.6089935324694,3.06162681048374,0,0,0,0,0,0,0,0,0
2.43292459112489,0,0,0,0,-0.222333479624722,-0.570637219607096,1,0.779102374426018,0,5,379,1.9483325309143,7.37395936731521,1.9483325309143,0,0,0,0,0,0,0,0,0
1.5086519854363,0,0,0,0,-0.972490877513635,0.989923953659774,0,0.779102374426018,0,5,379,0.448017735136471,3.52796716916587,0.448017735136471,0,0,0,0,0,0,0,0,0
0.0514813423523362,0,0,0,0,-1.169402403844,0.250442385937406,1,0.779102374426018,0,5,379,0.0541946824757348,5.21691607114975,0.0541946824757348,0,0,0,0,0,0,0,0,0
4.95312006516629,0,0,0,1,-0.0776043169651233,-0.139161705106794,0,-1.31322431771591,1,5,380,3.10043753249078,3.10043753249078,0.98107155232255,0,0,0,0,0,0,0,0,0
6.76832565627417,0,0,0,1,1.08693333805236,-1.64026949239032,0,-1.31322431771591,1,5,380,6.59952308274039,6.59952308274039,1.809039075074,0,0,0,0,0,0,0,0,0
1.39911083017348,0,0,0,0,-0.924540116289661,1.0931576271427,0,-1.31322431771591,1,5,380,0.519519285922965,3.81451288370322,0.519519285922965,0,0,0,0,0,0,0,0,0
-0.010201798486521,0,0,0,0,-1.36319044312755,2.43837563578062,0,-1.31322431771591,1,5,380,0.987436640885106,9.03311238205363,0.987436640885106,0,0,0,0,0,0,0,0,0
5.59041577758834,0,0,0,1,-0.0513007701592056,-0.676991370099677,1,-1.31322431771591,1,5,380,6.05416629613094,6.05416629613094,0.495848980941501,0,0,0,0,0,0,0,0,0
1.09591565633247,0,0,0,0,-0.48265679371904,0.964147045687413,0,-0.575142992738048,0,6,381,1.70389695046624,4.73347647617401,1.70389695046624,0,0,0,0,0,0,0,0,0
2.66749716454101,0,0,0,0,-1.28381563922686,0.485017244985385,0,-0.575142992738048,0,6,381,0.101579259450596,2.43682098738381,0.101579259450596,0,0,0,0,0,0,0,0,0
7.93665013978227,0,0,0,1,0.655362985055895,-0.773578836771882,0,-0.575142992738048,0,6,381,6.67836072471745,6.67836072471745,3.97993650801611,0,0,0,0,0,0,0,0,0
10.3629865541389,0,0,0,1,1.3536744948047,-0.604387005305894,1,-0.575142992738048,0,6,381,10.8418431796963,10.8418431796963,5.37655952751371,0,0,0,0,0,0,0,0,0
4.35613630264873,0,0,0,0,0.900930926659559,1.70739924460102,1,-0.575142992738048,0,6,381,4.47107239122344,12.4862845716876,4.47107239122344,0,0,0,0,0,0,0,0,0
11.4926794990203,0,0,0,1,1.37113508142742,0.796436399636269,1,-0.575142992738048,0,6,381,11.1457916394247,11.1457916394247,5.41148070075915,0,0,0,0,0,0,0,0,0
5.24764015065726,0,0,0,1,0.517062699956708,0.182572343854693,1,2.12904637098968,0,6,382,4.6346196108297,4.6346196108297,-0.498713049910897,0,0,0,0,0,0,0,0,0
3.82412422976033,0,0,0,1,0.384063361913322,-0.66823967875153,1,2.12904637098968,0,6,382,4.78183254226028,4.78183254226028,-0.764711725997669,0,0,0,0,0,0,0,0,0
-1.62098340212738,0,0,0,0,-0.398246173691745,2.04392671557944,1,2.12904637098968,0,6,382,-2.3293307972078,6.94830562145157,-2.3293307972078,0,0,0,0,0,0,0,0,0
-3.74077846718137,0,0,0,0,-1.28660941347643,1.87385014306652,1,2.12904637098968,0,6,382,-4.10605727677718,4.50525708189324,-4.10605727677718,0,0,0,0,0,0,0,0,0
-2.50120127297372,0,0,0,0,0.246715992324846,0.768444828340399,0,2.12904637098968,0,6,382,-1.03940646517462,1.65110098902848,-1.03940646517462,0,0,0,0,0,0,0,0,0
-2.87622057321596,0,0,0,0,-0.968854305539204,-1.8511631231401,0,2.12904637098968,0,6,382,-3.47054706090272,2.0562578475711,-3.47054706090272,0,0,0,0,0,0,0,0,0
8.85965769148319,0,0,0,1,0.193562207659979,0.496233299780376,1,-0.789188767179719,1,4,383,8.60678629266861,8.60678629266861,3.26053880485769,0,0,0,0,0,0,0,0,0
4.82294873092058,0,0,0,1,-0.466634557374081,0.848534422397576,0,-0.789188767179719,1,4,383,5.11245706340036,5.11245706340036,2.29244639740677,0,0,0,0,0,0,0,0,0
4.5940651866394,0,0,0,1,-1.18975687441558,0.538927946755434,0,-0.789188767179719,1,4,383,2.92703861947565,2.92703861947565,0.536595287681625,0,0,0,0,0,0,0,0,0
0.921926693303646,0,0,0,0,-0.820599347252078,0.0936381985870521,1,-0.789188767179719,1,4,383,0.829620593840253,5.93838870607488,0.829620593840253,0,0,0,0,0,0,0,0,0
10.5140434062412,0,0,0,1,0.501715510285551,1.25145893054686,1,-0.815035768181465,1,5,384,11.2567561025483,11.2567561025483,4.59060664770281,0,0,0,0,0,0,0,0,0
3.9543313305719,0,0,0,1,0.356527725792729,-1.45127468623593,0,-0.815035768181465,1,5,384,5.80369567684359,5.80369567684359,1.59749746193437,0,0,0,0,0,0,0,0,0
9.08738809714178,0,0,0,1,0.868982286456814,-1.61051630391549,0,-0.815035768181465,1,5,384,7.1569277307606,7.1569277307606,2.46316496558299,0,0,0,0,0,0,0,0,0
2.68084226402004,0,0,0,0,0.533414523240806,0.839218735415454,0,-0.815035768181465,1,5,384,4.24176447848192,7.04605256435423,4.24176447848192,0,0,0,0,0,0,0,0,0
7.38922071489409,0,0,0,1,-0.24633043227734,-2.36333886613334,0,-0.815035768181465,1,5,384,7.16508756207323,7.16508756207323,-0.520283034103165,0,0,0,0,0,0,0,0,0
2.16643295827182,0,0,0,0,-0.40623702220485,0.567710466644716,0,-0.794813129660228,1,4,385,2.12350851115473,4.54580368509269,2.12350851115473,0,0,0,0,0,0,0,0,0
-2.13099480659365,0,0,0,0,-1.06315298756966,-0.399237251877349,0,-0.794813129660228,1,4,385,-0.157271138096963,2.10211924518961,-0.157271138096963,0,0,0,0,0,0,0,0,0
0.834734943533454,0,0,0,0,-1.0637205433939,1.14648934397328,1,-0.794813129660228,1,4,385,1.38732034610519,7.80175816194948,1.38732034610519,0,0,0,0,0,0,0,0,0
6.05001677340497,0,0,0,1,0.709457424058703,0.0171198747005017,0,-0.794813129660228,1,4,385,5.90459990184738,5.90459990184738,3.80430681173762,0,0,0,0,0,0,0,0,0
6.42846772980986,0,0,0,1,-0.51510416363459,0.924984405908981,0,0.286816640867186,1,4,386,5.76810844433625,5.76810844433625,2.81251229316146,0,0,0,0,0,0,0,0,0
-2.0296883433028,0,0,0,0,-2.30488084785169,0.135784624679686,0,0.286816640867186,1,4,386,-1.55624085650202,0.562196607797383,-1.55624085650202,0,0,0,0,0,0,0,0,0
6.38366862002137,0,0,0,1,0.855189019583927,-0.657074661658689,0,0.286816640867186,1,4,386,6.50278670302471,6.50278670302471,3.97103959203083,0,0,0,0,0,0,0,0,0
4.77665673036929,0,0,0,0,0.732503520953214,1.17674079468279,0,0.286816640867186,1,4,386,5.55948405111088,9.04420294898156,5.55948405111088,0,0,0,0,0,0,0,0,0
2.78781603224453,0,0,0,0,-0.302410422114755,-1.10736148802468,1,-0.0534580301633976,0,6,387,2.39232139478154,8.71857085994176,2.39232139478154,0,0,0,0,0,0,0,0,0
1.46652454467924,0,0,0,0,-1.27378058327263,-1.47114831695467,0,-0.0534580301633976,0,6,387,0.44958107246578,4.71385844294432,0.44958107246578,0,0,0,0,0,0,0,0,0
6.01869610341811,0,0,0,1,0.17539837366892,0.118952828857754,0,-0.0534580301633976,0,6,387,5.46208876184215,5.46208876184215,3.34793898634889,0,0,0,0,0,0,0,0,0
4.80347455803954,0,0,0,0,0.393308120963424,-1.06299840806374,0,-0.0534580301633976,0,6,387,3.7837584809379,7.01372409648395,3.7837584809379,0,0,0,0,0,0,0,0,0
1.62139045450845,0,0,0,0,-0.633645468345392,-1.45377311028023,1,-0.0534580301633976,0,6,387,1.72985130232027,8.94330755849412,1.72985130232027,0,0,0,0,0,0,0,0,0
3.25477375400287,0,0,0,0,0.00631651524912785,1.23563254836973,0,-0.0534580301633976,0,6,387,3.0097752695093,6.63656306409998,3.0097752695093,0,0,0,0,0,0,0,0,0
6.16681033364724,0,0,0,1,-0.503531384673658,0.706738639060937,1,0.378105691861493,1,6,388,8.15619145943727,8.15619145943727,2.55671195549556,0,0,0,0,0,0,0,0,0
-2.37163472503562,0,0,0,0,-1.97188785350382,-0.729759251399032,0,0.378105691861493,1,6,388,-1.81649887262474,0.816049692377737,-1.81649887262474,0,0,0,0,0,0,0,0,0
5.29004487216851,0,0,0,0,0.792979317424602,2.367918913854,0,0.378105691861493,1,6,388,6.81091363448515,14.5179536170727,6.81091363448515,0,0,0,0,0,0,0,0,0
14.6011966974575,0,0,0,1,1.12682409177159,1.53532909648763,1,0.378105691861493,1,6,388,14.1032488003343,14.1032488003343,6.64601336581275,0,0,0,0,0,0,0,0,0
5.23400465542502,0,0,0,1,-0.604887618012308,-1.73463825942425,1,0.378105691861493,1,6,388,8.02159248139146,8.02159248139146,-0.0873774096669226,0,0,0,0,0,0,0,0,0
4.97637488222394,0,0,0,1,0.151410479108797,-0.345610505280561,0,0.378105691861493,1,6,388,5.03369316007926,5.03369316007926,2.81424653871897,0,0,0,0,0,0,0,0,0
2.25056660771558,0,0,0,1,-0.45146991353504,-0.0817736096783144,0,-0.150017651237639,0,4,389,4.18124180048688,4.18124180048688,2.07455487724706,0,0,0,0,0,0,0,0,0
2.67123277035608,0,0,0,0,0.300726060646517,0.447313743535094,1,-0.150017651237639,0,4,389,3.57894682561018,8.87903641076556,3.57894682561018,0,0,0,0,0,0,0,0,0
2.64156005586457,0,0,0,0,-0.29016019274762,-0.70224656774807,0,-0.150017651237639,0,4,389,2.3971743188219,4.99032456073585,2.3971743188219,0,0,0,0,0,0,0,0,0
2.65294029058758,0,0,0,0,0.268927173056,1.00947438317155,1,-0.150017651237639,0,4,389,3.51534905042914,9.63438758070872,3.51534905042914,0,0,0,0,0,0,0,0,0
3.84510610847009,0,0,0,1,0.186757251336559,-0.0576835842476156,0,-0.371959665399835,1,4,390,5.2808043216328,5.2808043216328,3.17747692574115,0,0,0,0,0,0,0,0,0
0.847960658296716,0,0,0,0,-0.369466496004024,-0.289243331141445,0,-0.371959665399835,1,4,390,1.83346968416615,4.01713138877595,1.83346968416615,0,0,0,0,0,0,0,0,0
-2.75342112989557,0,0,0,0,-1.50094903805643,-1.04884736623615,0,-0.371959665399835,1,4,390,-1.18909943503335,2.01098136262715,-1.18909943503335,0,0,0,0,0,0,0,0,0
1.50892572159309,0,0,0,1,-1.10362897916738,-1.31935763866115,0,-0.371959665399835,1,4,390,3.17573498901326,3.17573498901326,-0.66496958968027,0,0,0,0,0,0,0,0,0
7.70842318808565,0,0,0,1,0.910555136208402,0.461692596225073,0,-0.212188608283312,1,5,391,7.55093891656572,7.55093891656572,5.23777886315667,0,0,0,0,0,0,0,0,0
6.10297176822784,0,0,0,0,0.625768405030375,0.672408468998341,0,-0.212188608283312,1,5,391,4.87892127357388,7.43105442275457,4.87892127357388,0,0,0,0,0,0,0,0,0
5.03305074891745,0,0,0,1,-0.382453194974139,-0.792289896890902,0,-0.212188608283312,1,5,391,4.12550298839101,4.12550298839101,1.39777970767561,0,0,0,0,0,0,0,0,0
4.43935203476397,0,0,0,0,-0.596401646424377,1.41279487016526,0,-0.212188608283312,1,5,391,3.1749675718313,7.27095691699657,3.1749675718313,0,0,0,0,0,0,0,0,0
7.58858487352485,0,0,0,1,-0.500189279075337,0.495280393625046,1,-0.212188608283312,1,5,391,7.79518049829854,7.79518049829854,2.44987782998916,0,0,0,0,0,0,0,0,0
7.95865593088707,0,0,0,1,-0.70587132648023,-0.500224207309774,1,-0.107479701022029,1,5,392,6.42670551117667,6.42670551117667,1.07648125359798,0,0,0,0,0,0,0,0,0
5.77861439184387,0,0,0,1,0.101804787020521,0.723935486463601,0,-0.107479701022029,1,5,392,6.54007576293415,6.54007576293415,3.91599317437286,0,0,0,0,0,0,0,0,0
9.74040729892936,0,0,0,1,2.09786084509385,-0.922921993281825,0,-0.107479701022029,1,5,392,9.21303281645739,9.21303281645739,6.26124781077409,0,0,0,0,0,0,0,0,0
12.7940059898207,0,0,0,1,0.474858928071719,1.48704326451721,1,-0.107479701022029,1,5,392,12.7365069050748,12.7365069050748,5.42520923452886,0,0,0,0,0,0,0,0,0
4.31564677223326,0,0,0,0,-0.358698327440406,0.663468121613916,0,-0.107479701022029,1,5,392,2.93451958060132,5.47470952899922,2.93451958060132,0,0,0,0,0,0,0,0,0
0.938359327069525,0,0,0,0,-0.161138129460592,-1.22962997407347,0,-0.153944501914417,1,5,393,1.42439485733567,5.03638473047559,1.42439485733567,0,0,0,0,0,0,0,0,0
5.51576020135149,0,0,0,1,0.0140253882234731,1.07763797894921,0,-0.153944501914417,1,5,393,7.34329345940021,7.34329345940021,4.08198984572648,0,0,0,0,0,0,0,0,0
2.10968164412673,0,0,0,1,-1.28198475572893,0.125078584452869,0,-0.153944501914417,1,5,393,2.65305481561406,2.65305481561406,0.537410163325326,0,0,0,0,0,0,0,0,0
-0.599893924958186,0,0,0,0,-1.78535452235835,-0.0619991195825561,1,-0.153944501914417,1,5,393,-0.656407073968943,4.44743681686007,-0.656407073968943,0,0,0,0,0,0,0,0,0
9.50927359374542,0,0,0,1,0.676951006017785,-2.70182479926624,0,-0.153944501914417,1,5,393,11.0282355490297,11.0282355490297,1.62837830309965,0,0,0,0,0,0,0,0,0
2.62890976468943,0,0,0,0,-0.57015807649861,0.703570525510194,0,0.41548589642026,1,5,394,2.39062584238883,4.98563732675552,2.39062584238883,0,0,0,0,0,0,0,0,0
1.46021543209218,0,0,0,0,0.689405741379926,0.871618916552354,0,0.41548589642026,1,5,394,5.07780186918806,7.93752140487996,5.07780186918806,0,0,0,0,0,0,0,0,0
6.77886396610971,0,0,0,1,0.749940268284306,0.454023757362535,0,0.41548589642026,1,5,394,7.08741333605659,7.08741333605659,4.781275763807,0,0,0,0,0,0,0,0,0
5.85335958367915,0,0,0,1,1.34856411537968,0.340549656377217,0,0.41548589642026,1,5,394,8.08102342547108,8.08102342547108,5.86504935701244,0,0,0,0,0,0,0,0,0
6.17416711508349,0,0,0,1,0.278371889333653,-0.542261157284495,0,0.41548589642026,1,5,394,5.23590125395819,5.23590125395819,2.84185409125867,0,0,0,0,0,0,0,0,0
1.78138632742282,0,0,0,1,-1.17046411726763,-1.01030834718518,0,0.140908334562831,1,5,395,2.74963121592233,2.74963121592233,-0.371091740469714,0,0,0,0,0,0,0,0,0
-3.8961406880014,0,0,0,0,-1.90818244980559,-1.59158616430524,1,0.140908334562831,1,5,395,-2.42780622266569,5.20534029574217,-2.42780622266569,0,0,0,0,0,0,0,0,0
3.04733729923577,0,0,0,1,-0.215751996849621,-0.158144648242869,0,0.140908334562831,1,5,395,4.51550592907648,4.51550592907648,2.39049619930862,0,0,0,0,0,0,0,0,0
3.27642179026672,0,0,0,1,-1.0224260496628,-0.410043440810717,0,0.140908334562831,1,5,395,2.79338492446631,2.79338492446631,0.525249301114416,0,0,0,0,0,0,0,0,0
7.24428219100921,0,0,0,0,2.00133878615083,1.13746493710881,0,0.140908334562831,1,5,395,8.1202873506612,11.5141138338132,8.1202873506612,0,0,0,0,0,0,0,0,0
6.1447974528464,0,0,0,1,0.159472922130179,-0.768587664346896,1,0.0913350141200079,1,5,396,8.23274309289538,8.23274309289538,2.54201609510916,0,0,0,0,0,0,0,0,0
9.91964163093434,0,0,0,1,2.44300497047574,-0.339427444334373,0,0.0913350141200079,1,5,396,9.75345140178018,9.75345140178018,7.53824041181282,0,0,0,0,0,0,0,0,0
5.74546423180958,0,0,0,1,0.195949816936235,0.10202778204261,0,0.0913350141200079,1,5,396,5.59599499941931,5.59599499941931,3.48558533111078,0,0,0,0,0,0,0,0,0
11.3307146022746,0,0,0,1,1.7681771100573,-2.5428464761402,0,0.0913350141200079,1,5,396,12.5512338603888,12.5512338603888,3.9851656591701,0,0,0,0,0,0,0,0,0
3.73806883113548,0,0,0,1,0.0531148828652259,-0.596727832522615,0,0.0913350141200079,1,5,396,4.95724395451067,4.95724395451067,2.50115984840353,0,0,0,0,0,0,0,0,0
7.90352272374268,0,0,0,1,0.44917190699675,1.48041596357853,0,1.19331829533093,1,4,397,8.24638264881864,8.24638264881864,3.9547512236005,0,0,0,0,0,0,0,0,0
3.89180069696601,0,0,0,1,-0.991371975980693,-1.32766486735778,1,1.19331829533093,1,4,397,5.12827662672546,5.12827662672546,-1.73441737329069,0,0,0,0,0,0,0,0,0
-1.41459827690381,0,0,0,0,-2.03185657220693,-0.861160535194753,1,1.19331829533093,1,4,397,-3.34888223358014,2.49271523379678,-3.34888223358014,0,0,0,0,0,0,0,0,0
6.3646820012432,0,0,0,1,0.55366353975886,0.031558447838737,1,1.19331829533093,1,4,397,7.81587290901492,7.81587290901492,2.71487697338493,0,0,0,0,0,0,0,0,0
8.12924237489695,0,0,0,1,1.85453456795476,-0.575671313994061,0,0.518813644191651,1,6,398,8.29562768627169,8.29562768627169,5.86423022451604,0,0,0,0,0,0,0,0,0
-0.143617279350329,0,0,0,0,-2.06955904708926,-1.03084005668021,0,0.518813644191651,1,6,398,-2.43912574825815,0.723505474198311,-2.43912574825815,0,0,0,0,0,0,0,0,0
11.4053613688631,0,0,0,1,0.972455519122651,-2.09255350670491,1,0.518813644191651,1,6,398,12.061970112564,12.061970112564,2.58318993414097,0,0,0,0,0,0,0,0,0
3.57365087264928,0,0,0,0,0.244007312211479,-0.288368574503331,0,0.518813644191651,1,6,398,2.93047845252021,5.11363488728129,2.93047845252021,0,0,0,0,0,0,0,0,0
6.00312087335202,0,0,0,0,0.622827318720628,1.1667613748262,0,0.518813644191651,1,6,398,5.14324841486803,8.60458052065436,5.14324841486803,0,0,0,0,0,0,0,0,0
3.12484207428933,0,0,0,0,-0.453964887678616,0.291588403265763,0,0.518813644191651,1,6,398,2.11449103050911,4.29951482742819,2.11449103050911,0,0,0,0,0,0,0,0,0
-1.52045802026406,0,0,0,0,-1.3990966998819,-1.74344061500934,0,0.0335585949586217,1,5,399,-1.54276019406873,3.59682498399541,-1.54276019406873,0,0,0,0,0,0,0,0,0
9.93049664682111,0,0,0,1,0.449642832992717,-1.6686854816502,1,0.0335585949586217,1,5,399,10.1139852417098,10.1139852417098,2.22947400503964,0,0,0,0,0,0,0,0,0
3.74580921401391,0,0,0,0,-0.207195363052937,1.09963994634997,0,0.0335585949586217,1,5,399,3.6841230409485,6.99333105255706,3.6841230409485,0,0,0,0,0,0,0,0,0
5.10110134535737,0,0,0,1,-0.209152815642289,0.603282395146738,0,0.0335585949586217,1,5,399,5.64780023286055,5.64780023286055,3.18385058456656,0,0,0,0,0,0,0,0,0
6.29740047027727,0,0,0,0,0.315990726071032,1.10794928394336,0,0.0335585949586217,1,5,399,4.73880455678983,8.06635617258044,4.73880455678983,0,0,0,0,0,0,0,0,0
-0.261884336214587,0,0,0,0,-1.70446810713473,0.049503863803778,0,-0.259122664539463,1,5,400,-0.426576905743719,1.67587372678778,-0.426576905743719,0,0,0,0,0,0,0,0,0
5.45124157113378,0,0,0,0,0.0453044847445337,2.13756195015185,0,-0.259122664539463,1,5,400,5.16102636436289,11.8301974550999,5.16102636436289,0,0,0,0,0,0,0,0,0
2.73055401165675,0,0,0,0,0.529732323563837,-0.477679929042008,0,-0.259122664539463,1,5,400,3.51464016280764,5.84281827741721,3.51464016280764,0,0,0,0,0,0,0,0,0
4.96492806709911,0,0,0,1,-0.404253313927548,0.362413663220729,0,-0.259122664539463,1,5,400,4.71810614337667,4.71810614337667,2.4867624800876,0,0,0,0,0,0,0,0,0
5.60435265678356,0,0,0,1,-0.388285868441507,-1.67707661602662,0,-0.259122664539463,1,5,400,5.39179306783562,5.39179306783562,0.47920709181234,0,0,0,0,0,0,0,0,0
6.9108825534388,0,0,0,1,0.828571313630971,0.350477829215815,0,0.0699941949360335,0,4,401,6.87507814870903,6.87507814870903,4.6522434399372,0,0,0,0,0,0,0,0,0
0.819362860791961,0,0,0,0,-0.493291471660605,1.25137768661616,1,0.0699941949360335,0,4,401,2.00851786935405,8.67446398391485,2.00851786935405,0,0,0,0,0,0,0,0,0
2.30559324642535,0,0,0,0,-0.775073149526115,-0.00260496178957361,0,0.0699941949360335,0,4,401,1.44495451362303,3.54496129944895,1.44495451362303,0,0,0,0,0,0,0,0,0
3.23183748624619,0,0,0,1,0.130170365938081,-0.502273321980482,0,0.0699941949360335,0,4,401,5.60772003452473,5.60772003452473,3.25544154455142,0,0,0,0,0,0,0,0,0
7.09169203062619,0,0,0,1,0.900392788136214,0.167182132184577,0,-0.35524629996307,1,5,402,6.96971764014133,6.96971764014133,4.84176777481955,0,0,0,0,0,0,0,0,0
2.34390724735559,0,0,0,0,0.376202324602947,-0.884499520607971,0,-0.35524629996307,1,5,402,2.74170519496047,5.6240445969162,2.74170519496047,0,0,0,0,0,0,0,0,0
5.50339633462236,0,0,0,1,0.60310028447352,0.191573469344377,0,-0.35524629996307,1,5,402,6.40827449881061,6.40827449881061,4.27157410465397,0,0,0,0,0,0,0,0,0
6.5790165550782,0,0,0,0,0.694069311819586,0.376315213766604,0,-0.35524629996307,1,5,402,4.63825390376832,6.87986704388053,4.63825390376832,0,0,0,0,0,0,0,0,0
8.74865812366407,0,0,0,1,0.420813796960135,-0.470211729677033,1,-0.35524629996307,1,5,402,8.56631500133165,8.56631500133165,3.24521593060578,0,0,0,0,0,0,0,0,0
8.61387665364879,0,0,0,1,-0.457280957591156,-1.07544090491027,1,0.853795426481759,0,4,403,7.61304459449073,7.61304459449073,1.35647145453652,0,0,0,0,0,0,0,0,0
0.055842340808319,0,0,0,0,-0.975990381687454,0.266848892059816,0,0.853795426481759,0,4,403,0.319052606343923,2.49026093753747,0.319052606343923,0,0,0,0,0,0,0,0,0
7.18720532553855,0,0,0,1,1.00166520355734,-0.565300409591167,0,0.853795426481759,0,4,403,6.69392832991746,6.69392832991746,4.27436377683351,0,0,0,0,0,0,0,0,0
-1.59164119355493,0,0,0,0,-1.25522597424693,2.50239288319843,1,0.853795426481759,0,4,403,-0.239418578775036,11.1225515631071,-0.239418578775036,0,0,0,0,0,0,0,0,0
11.5859596163807,0,0,0,1,0.639678205896216,-2.85020691491966,0,-0.618870221011326,1,4,404,11.269828604274,11.269828604274,1.04614914641816,0,0,0,0,0,0,0,0,0
9.36048498619505,0,0,0,1,0.185854345632151,-2.31172370570404,0,-0.618870221011326,1,4,404,8.12105112661966,8.12105112661966,0.676984635105657,0,0,0,0,0,0,0,0,0
3.31383261315975,0,0,0,1,-0.828064770821063,0.344736934691974,0,-0.618870221011326,1,4,404,3.52445059673606,3.52445059673606,1.30560704259524,0,0,0,0,0,0,0,0,0
3.01938682183953,0,0,0,0,-0.22044332707841,0.0360273046823341,0,-0.618870221011326,1,4,404,2.21214030007091,4.31343826675358,2.21214030007091,0,0,0,0,0,0,0,0,0
3.34173905819616,0,0,0,1,-1.80782895865936,0.629061074070039,1,-1.44357708962975,1,4,405,3.42520617795756,3.42520617795756,-2.07051165695259,0,0,0,0,0,0,0,0,0
9.53151996891112,0,0,0,1,0.648780737468323,1.58152569564901,0,-1.44357708962975,1,4,405,8.39639588287983,8.39639588287983,3.79517235688175,0,0,0,0,0,0,0,0,0
3.993251447084,0,0,0,1,-0.812181325826934,-1.94170836964769,0,-1.44357708962975,1,4,405,3.22024555775442,3.22024555775442,-2.64998583500546,0,0,0,0,0,0,0,0,0
7.13376629186816,0,0,0,1,1.75274463430749,-1.28203701272462,0,-1.44357708962975,1,4,405,6.88315634418231,6.88315634418231,3.13953744218645,0,0,0,0,0,0,0,0,0
13.9332539826976,0,0,0,1,-0.014299407435558,1.88203018962046,1,-1.15999494891114,1,6,406,12.1498807278928,12.1498807278928,3.50784309324999,0,0,0,0,0,0,0,0,0
-0.323203613256792,0,0,0,1,-1.11315343037389,-0.59866907203903,0,-1.15999494891114,1,6,406,1.28784044352992,1.28784044352992,-1.17056421428615,0,0,0,0,0,0,0,0,0
1.50877996669312,0,0,0,0,-0.415594429095485,0.598176005198425,1,-1.15999494891114,1,6,406,1.4213988655081,6.87921339870325,1.4213988655081,0,0,0,0,0,0,0,0,0
1.57431348914525,0,0,0,0,-0.161436636028877,-0.742194867825427,0,-1.15999494891114,1,6,406,0.589343578617465,3.24019680044387,0.589343578617465,0,0,0,0,0,0,0,0,0
3.8283663655692,0,0,0,1,-0.757213327795038,-0.165997112007649,1,-1.15999494891114,1,6,406,5.1015429920978,5.1015429920978,-0.0260120490970793,0,0,0,0,0,0,0,0,0
2.0350104566172,0,0,0,1,-1.44386605766389,0.302887566501578,0,-1.15999494891114,1,6,406,1.2613080476157,1.2613080476157,-0.930432830325548,0,0,0,0,0,0,0,0,0
4.97664249383756,0,0,0,1,0.993096900717374,-0.0181389491343158,0,1.34980568278863,1,6,407,5.24640849248764,5.24640849248764,3.14607947101194,0,0,0,0,0,0,0,0,0
7.69150922477478,0,0,0,1,1.46100943727829,-1.16082397069202,1,1.34980568278863,1,6,407,9.38673181350926,9.38673181350926,2.93921952257607,0,0,0,0,0,0,0,0,0
4.35770067166833,0,0,0,1,0.102515287400569,-2.11399667091169,0,1.34980568278863,1,6,407,5.83804044722668,5.83804044722668,-0.730941477399049,0,0,0,0,0,0,0,0,0
-1.50518112745394,0,0,0,1,-1.68424106766535,-0.035726875495959,0,1.34980568278863,1,6,407,-0.124907982482457,-0.124907982482457,-2.22618439211516,0,0,0,0,0,0,0,0,0
1.96255840013528,0,0,0,1,0.426891643567484,-0.712911810639561,0,1.34980568278863,1,6,407,3.92713934495629,3.92713934495629,1.31889609520691,0,0,0,0,0,0,0,0,0
-1.93605752935572,0,0,0,0,-1.55613063080113,0.779455178109158,0,1.34980568278863,1,6,407,-1.1547814647816,1.55276890989958,-1.1547814647816,0,0,0,0,0,0,0,0,0
6.87498185793314,0,0,0,0,2.0548480343547,1.99396954084078,1,1.19362691614058,0,5,408,5.68495085377412,14.7608653835749,5.68495085377412,0,0,0,0,0,0,0,0,0
-2.6353350747532,0,0,0,0,-1.72243900052622,0.939915220830715,1,1.19362691614058,0,5,408,-1.86962321598772,4.11381740636153,-1.86962321598772,0,0,0,0,0,0,0,0,0
7.48124374394419,0,0,0,1,1.36056044621587,0.666436858127091,0,1.19362691614058,0,5,408,6.84051376336677,6.84051376336677,4.29637567749646,0,0,0,0,0,0,0,0,0
0.111007378461931,0,0,0,1,-1.64693678793329,0.710406773272193,0,1.19362691614058,0,5,408,0.88605899270916,0.88605899270916,-1.71861879080185,0,0,0,0,0,0,0,0,0
2.06042793436453,0,0,0,1,-1.14629553369775,0.0946340936225957,0,1.19362691614058,0,5,408,1.39161932934499,1.39161932934499,-0.717336282330779,0,0,0,0,0,0,0,0,0
11.0369370433848,0,0,0,1,1.62994079940531,0.819392860455768,0,-0.118021016143815,1,5,409,9.83675015878065,9.83675015878065,7.06534549901476,0,0,0,0,0,0,0,0,0
7.99196262622012,0,0,0,1,-0.856732378494797,1.68663327491924,0,-0.118021016143815,1,5,409,7.90397136174284,7.90397136174284,2.95923955767803,0,0,0,0,0,0,0,0,0
4.48700779723873,0,0,0,1,0.183278460440734,0.535384266485612,0,-0.118021016143815,1,5,409,6.2746485399158,6.2746485399158,3.88801222711546,0,0,0,0,0,0,0,0,0
3.33658696110891,0,0,0,0,-0.46346505192063,0.57693281575809,1,-0.118021016143815,1,5,409,2.63607375166521,8.06892522556377,2.63607375166521,0,0,0,0,0,0,0,0,0
10.8275313004825,0,0,0,1,1.30435375791106,0.278915254629173,1,-0.118021016143815,1,5,409,11.0514875294645,11.0514875294645,5.87369381019967,0,0,0,0,0,0,0,0,0
1.41247231976123,0,0,0,1,-0.242483698924092,0.132362692805088,1,-2.46237707119986,1,5,410,1.70161433663271,1.70161433663271,-3.41590554581391,0,0,0,0,0,0,0,0,0
-3.22018998272872,0,0,0,0,-0.518230223774761,2.35254905684204,0,-2.46237707119986,1,5,410,-1.74721223147829,5.88727483337011,-1.74721223147829,0,0,0,0,0,0,0,0,0
0.221917686048424,0,0,0,1,0.950843582954124,0.184895637006699,0,-2.46237707119986,1,5,410,1.15746835872825,1.15746835872825,-0.976718037855864,0,0,0,0,0,0,0,0,0
-0.49799289070685,0,0,0,1,-0.804500099891738,0.921628282985776,0,-2.46237707119986,1,5,410,-0.801274065569201,-0.801274065569201,-3.75067275756851,0,0,0,0,0,0,0,0,0
-3.44327055459851,0,0,0,0,0.279990626195063,-0.0150212100838176,0,-2.46237707119986,1,5,410,-2.5183407984645,-0.418115161712119,-2.5183407984645,0,0,0,0,0,0,0,0,0
8.52410782217032,0,0,0,1,0.763875785821779,1.15236231522428,0,-0.508531643208609,1,6,411,8.84944836027246,8.84944836027246,5.42150945472339,0,0,0,0,0,0,0,0,0
3.33754344358008,0,0,0,1,-0.325973773119418,-1.38174929221065,0,-0.508531643208609,1,6,411,4.7169298359307,4.7169298359307,0.707698729406063,0,0,0,0,0,0,0,0,0
-3.29256528015623,0,0,0,0,-2.7719184774845,-1.11318713481746,0,-0.508531643208609,1,6,411,-3.9156285219309,-0.576442924807797,-3.9156285219309,0,0,0,0,0,0,0,0,0
-3.7250994382286,0,0,0,0,-1.19640587412543,-1.33339939820573,1,-0.508531643208609,1,6,411,-0.984815578601046,5.89313837653436,-0.984815578601046,0,0,0,0,0,0,0,0,0
4.36099727248211,0,0,0,1,0.954854589902267,-0.437368194988303,0,-0.508531643208609,1,6,411,6.50502749065911,6.50502749065911,4.21373655267178,0,0,0,0,0,0,0,0,0
1.19602668291797,0,0,0,0,-1.1312156930314,-1.19556379986471,0,-0.508531643208609,1,6,411,-0.716599618071959,2.81277318147498,-0.716599618071959,0,0,0,0,0,0,0,0,0
5.56507337946739,0,0,0,1,-1.96621405741066,-2.05664835252317,1,-0.16293380327677,1,6,412,6.31417855434156,6.31417855434156,-3.01562389159472,0,0,0,0,0,0,0,0,0
10.8669687102738,0,0,0,1,0.171025843079052,1.09688048505933,1,-0.16293380327677,1,6,412,10.7155315454712,10.7155315454712,4.4123847469672,0,0,0,0,0,0,0,0,0
10.0461170091067,0,0,0,1,0.687594347092904,-0.66654669666311,1,-0.16293380327677,1,6,412,9.22637907210497,9.22637907210497,3.68209457327247,0,0,0,0,0,0,0,0,0
5.23596917486497,0,0,0,1,-0.0800236070500708,-1.64089041278727,0,-0.16293380327677,1,6,412,5.96503629563954,5.96503629563954,1.17251494886235,0,0,0,0,0,0,0,0,0
3.42319022877829,0,0,0,0,-0.734121214646731,-0.240127474093716,1,-0.16293380327677,1,6,412,1.26508267236259,6.42274387617722,1.26508267236259,0,0,0,0,0,0,0,0,0
4.71165459532778,0,0,0,1,-1.10158410686517,0.267135828817765,0,-0.16293380327677,1,6,412,3.20878174187534,3.20878174187534,1.03742019083719,0,0,0,0,0,0,0,0,0
4.69775163220596,0,0,0,0,0.969745159197782,-0.575511371130943,0,-0.668843296773905,0,5,413,4.49213896275618,6.9233523010572,4.49213896275618,0,0,0,0,0,0,0,0,0
3.68589169719008,0,0,0,0,0.210873690271469,-0.273203773054766,1,-0.668843296773905,0,5,413,2.97439602490355,8.14903632651491,2.97439602490355,0,0,0,0,0,0,0,0,0
4.7135839574503,0,0,0,1,0.35321570861393,-0.275516976423878,0,-0.668843296773905,0,5,413,5.43498966588623,5.43498966588623,3.25908006158847,0,0,0,0,0,0,0,0,0
4.11040477050273,0,0,0,0,0.62703952400339,-1.49723270621228,0,-0.668843296773905,0,5,413,3.80672769236739,8.14843346891913,3.80672769236739,0,0,0,0,0,0,0,0,0
6.36937688021687,0,0,0,1,-0.70205685336288,1.42777341867617,0,-0.668843296773905,0,5,413,5.28707187271308,5.28707187271308,1.14853493763485,0,0,0,0,0,0,0,0,0
0.471796162060032,0,0,0,0,-0.458038828589466,-0.345597815059579,0,0.929500468077599,1,5,414,0.874353407605013,3.09379125737897,0.874353407605013,0,0,0,0,0,0,0,0,0
2.85517918705956,0,0,0,0,0.436197388573054,-0.3205996729684,0,0.929500468077599,1,5,414,2.68782398402123,4.89060813432868,2.68782398402123,0,0,0,0,0,0,0,0,0
4.62861134802508,0,0,0,0,0.0622180072992639,1.28558099309694,0,0.929500468077599,1,5,414,3.546045887539,7.29876437735112,3.546045887539,0,0,0,0,0,0,0,0,0
4.06880028123715,0,0,0,1,0.25763484310552,0.334266460269343,0,0.929500468077599,1,5,414,5.1972990927849,5.1972990927849,2.98556502632391,0,0,0,0,0,0,0,0,0
3.33559154655832,0,0,0,1,-0.152717420324333,0.282949930008842,0,0.929500468077599,1,5,414,4.29360463209571,4.29360463209571,2.1135439692037,0,0,0,0,0,0,0,0,0
4.11801248566982,0,0,0,0,0.858902150867954,0.440559254028774,0,1.25124039487491,1,5,415,3.59276102999795,5.88685348630834,3.59276102999795,0,0,0,0,0,0,0,0,0
0.169490682770586,0,0,0,1,-1.5038752544852,0.269815531266952,0,1.25124039487491,1,5,415,0.869262917442689,0.869262917442689,-1.30353750347018,0,0,0,0,0,0,0,0,0
5.99702698008354,0,0,0,1,0.666643562587032,-0.27585855825002,0,1.25124039487491,1,5,415,4.66792398531709,4.66792398531709,2.49182604115731,0,0,0,0,0,0,0,0,0
4.33766148399328,0,0,0,1,0.0910662101686258,0.316537608184826,0,1.25124039487491,1,5,415,4.13326356015072,4.13326356015072,1.93306750275535,0,0,0,0,0,0,0,0,0
-0.213672345405705,0,0,0,0,-1.11632415367913,1.995000924836,0,1.25124039487491,1,5,415,1.19675009171102,7.27677878180752,1.19675009171102,0,0,0,0,0,0,0,0,0
7.44055739935419,0,0,0,1,0.196861266218372,-1.08841896215368,1,1.22043180538133,1,4,416,7.10050561587243,7.10050561587243,0.815849778696735,0,0,0,0,0,0,0,0,0
3.8079346421865,0,0,0,0,0.526643108352505,1.6785592018386,0,1.22043180538133,1,4,416,4.24239162695728,9.15995262103432,4.24239162695728,0,0,0,0,0,0,0,0,0
-3.12504543228067,0,0,0,0,-2.51317824132382,-0.919599947102603,0,1.22043180538133,1,4,416,-4.43541022133657,-1.48974615862546,-4.43541022133657,0,0,0,0,0,0,0,0,0
-1.97017109826888,0,0,0,0,-0.154163174102671,-1.63713610717707,0,1.22043180538133,1,4,416,-0.434916246968742,4.34529838645415,-0.434916246968742,0,0,0,0,0,0,0,0,0
6.11683302331499,0,0,0,1,1.27123078996286,-0.639467117020521,0,-0.744189834139205,1,4,417,6.8580941474196,6.8580941474196,4.34917595366907,0,0,0,0,0,0,0,0,0
-0.262883437299188,0,0,0,0,-1.46327963924542,0.0812161434971115,0,-0.744189834139205,1,4,417,-0.399161644229862,1.70743441773468,-0.399161644229862,0,0,0,0,0,0,0,0,0
1.7223275627346,0,0,0,0,-0.0472591479819138,-1.16697257149701,1,-0.744189834139205,1,4,417,1.18469062330302,7.64651560592937,1.18469062330302,0,0,0,0,0,0,0,0,0
7.2908150022522,0,0,0,1,0.935367167073441,0.457767334793219,0,-0.744189834139205,1,4,417,7.08423409250765,7.08423409250765,4.77468315970396,0,0,0,0,0,0,0,0,0
11.4491314997422,0,0,0,1,1.2798064808206,0.509138083301044,0,-0.381534437979095,1,5,418,8.28240410544568,8.28240410544568,5.92318251757822,0,0,0,0,0,0,0,0,0
4.68511387382489,0,0,0,1,-0.361799743570527,-0.687993757221993,0,-0.381534437979095,1,5,418,4.01617363824937,4.01617363824937,1.44283822827293,0,0,0,0,0,0,0,0,0
13.8807790333547,0,0,0,1,1.47932633722564,-1.44548358146155,1,-0.381534437979095,1,5,418,11.5570233499006,11.5570233499006,4.3676005656257,0,0,0,0,0,0,0,0,0
12.4969169558426,0,0,0,1,2.03103978934165,0.186972657553642,0,-0.381534437979095,1,5,418,9.23844248354558,9.23844248354558,7.10348370887291,0,0,0,0,0,0,0,0,0
10.4746786131477,0,0,0,1,1.19211290501599,-0.587937204541175,0,-0.381534437979095,1,5,418,7.09639023461047,7.09639023461047,4.65072007812678,0,0,0,0,0,0,0,0,0
-0.74625026870444,0,0,0,0,-1.33756584306759,-0.057160082029961,0,-0.898172085945246,0,5,419,-0.481844782106408,1.62142249287126,-0.481844782106408,0,0,0,0,0,0,0,0,0
8.90858782370668,0,0,0,1,-0.709770920766174,-1.44517589532834,1,-0.898172085945246,0,5,419,7.96227843093448,7.96227843093448,0.773745062496418,0,0,0,0,0,0,0,0,0
2.28825474302494,0,0,0,0,-0.457431567989116,2.22015478143504,0,-0.898172085945246,0,5,419,1.27842376805053,8.3075110215794,1.27842376805053,0,0,0,0,0,0,0,0,0
9.33786432977685,0,0,0,0,2.46936032880406,1.80051465238828,0,-0.898172085945246,0,5,419,7.13200756163688,12.4738605751017,7.13200756163688,0,0,0,0,0,0,0,0,0
5.77956081035613,0,0,0,1,0.576553127505274,-0.0220186649629064,0,-0.898172085945246,0,5,419,5.44687798064606,5.44687798064606,3.34639315903931,0,0,0,0,0,0,0,0,0
1.34212016690913,0,0,0,0,-1.07403718730112,0.849907275016062,1,-0.5429454925298,0,5,420,0.557135817539333,6.37947819366456,0.557135817539333,0,0,0,0,0,0,0,0,0
3.45761509352658,0,0,0,0,0.396862831612048,-0.761334167570924,0,-0.5429454925298,0,5,420,3.49893585536567,6.17856557007658,3.49893585536567,0,0,0,0,0,0,0,0,0
3.76192119193004,0,0,0,0,0.188815808215055,-2.71856908724164,1,-0.5429454925298,0,5,420,3.08284180857168,15.5734596906775,3.08284180857168,0,0,0,0,0,0,0,0,0
0.495599881828438,0,0,0,0,-1.25311846442529,0.927186197262308,1,-0.5429454925298,0,5,420,0.198973263290989,6.15864750768473,0.198973263290989,0,0,0,0,0,0,0,0,0
4.45201866300215,0,0,0,0,1.19322370974189,-0.132395246537653,1,-0.5429454925298,0,5,420,5.09165761162535,10.2091861129311,5.09165761162535,0,0,0,0,0,0,0,0,0
2.01576093804708,0,0,0,0,0.429806533647975,-0.0684082243132192,0,-1.30764037993744,1,6,421,2.08128147973981,4.1859611648935,2.08128147973981,0,0,0,0,0,0,0,0,0
7.01192567115006,0,0,0,1,0.837135006608761,0.386549946419748,0,-1.30764037993744,1,6,421,5.60031745747146,5.60031745747146,3.35089659639435,0,0,0,0,0,0,0,0,0
2.21062860608262,0,0,0,1,0.0986351531016119,-0.176318569611279,0,-1.30764037993744,1,6,421,3.44211661133879,3.44211661133879,1.31102837334902,0,0,0,0,0,0,0,0,0
8.72854250502261,0,0,0,1,0.333564238016349,-1.6630758213425,1,-1.30764037993744,1,6,421,8.1599504789813,8.1599504789813,0.294129291447279,0,0,0,0,0,0,0,0,0
4.84815082544316,0,0,0,1,0.849376086235666,0.513374996017556,0,-1.30764037993744,1,6,421,5.86575769178199,5.86575769178199,3.50220380524596,0,0,0,0,0,0,0,0,0
2.44533889721362,0,0,0,1,0.122223350354793,-0.135738823578654,0,-1.30764037993744,1,6,421,3.51720954211453,3.51720954211453,1.39878451388801,0,0,0,0,0,0,0,0,0
5.29477270020942,0,0,0,0,0.598783698061576,-1.99405327872137,0,0.913378481980108,0,4,422,3.36330714477887,9.43955562315831,3.36330714477887,0,0,0,0,0,0,0,0,0
8.86336292637346,0,0,0,1,1.83599723335673,-0.816830979116826,0,0.913378481980108,0,4,422,8.60494706381412,8.60494706381412,5.83773421536917,0,0,0,0,0,0,0,0,0
-0.488158903395521,0,0,0,0,-0.874518644735411,0.284446499182765,1,0.913378481980108,0,4,422,0.416702459184891,5.59761227008222,0.416702459184891,0,0,0,0,0,0,0,0,0
0.434642563252374,0,0,0,0,-0.651800246713724,1.21019960850858,0,0.913378481980108,0,4,422,0.862139255228267,4.42672234766259,0.862139255228267,0,0,0,0,0,0,0,0,0
6.21489000377127,0,0,0,1,0.25329145892161,-0.955884815378827,0,-0.110899726395059,1,6,423,5.55211513342171,5.55211513342171,2.53839935314989,0,0,0,0,0,0,0,0,0
7.56973051124536,0,0,0,1,0.6049918282448,-0.480797852146537,1,-0.110899726395059,1,6,423,9.04805362965729,9.04805362965729,3.71688705502856,0,0,0,0,0,0,0,0,0
9.4384693945604,0,0,0,1,0.841753347758651,1.09553318854952,0,-0.110899726395059,1,6,423,9.06693410196579,9.06693410196579,5.76674113475232,0,0,0,0,0,0,0,0,0
4.43463090417794,0,0,0,1,-1.55271866507556,-0.209254054325084,1,-0.110899726395059,1,6,423,4.81679712546078,4.81679712546078,-0.326990133790709,0,0,0,0,0,0,0,0,0
3.6508335953513,0,0,0,0,0.231571366401804,0.173533593298053,0,-0.110899726395059,1,6,423,3.62437757678716,5.7544914847901,3.62437757678716,0,0,0,0,0,0,0,0,0
6.28231504594356,0,0,0,1,-0.986012532676247,0.991954383815848,0,-0.110899726395059,1,6,423,5.09160406872034,5.09160406872034,2.00763056914886,0,0,0,0,0,0,0,0,0
4.94403343531903,0,0,0,1,-1.01976457569619,-0.172289324984501,1,0.131478271949251,1,4,424,5.90057859913198,5.90057859913198,0.770894987628362,0,0,0,0,0,0,0,0,0
4.24131250244115,0,0,0,1,-0.565018390043317,0.286402494488445,0,0.131478271949251,1,4,424,4.32110556725626,4.32110556725626,2.13907917840705,0,0,0,0,0,0,0,0,0
8.02947433221802,0,0,0,1,0.978985524639782,-0.029108808366339,0,0.131478271949251,1,4,424,7.01242302764297,7.01242302764297,4.91157570491846,0,0,0,0,0,0,0,0,0
3.8800810370794,0,0,0,1,-0.0233145348963577,-0.0930996038643114,0,0.131478271949251,1,4,424,4.9516523265879,4.9516523265879,2.84298479034821,0,0,0,0,0,0,0,0,0
4.17940418706736,0,0,0,0,1.22165314971169,0.74753711098508,0,0.204881380637666,0,6,425,5.40132991929138,8.0601416515913,5.40132991929138,0,0,0,0,0,0,0,0,0
8.83259082727176,0,0,0,1,0.152846951461697,0.71125366370628,1,0.204881380637666,0,6,425,8.86959929692701,8.86959929692701,3.2637175227914,0,0,0,0,0,0,0,0,0
0.367009290223999,0,0,0,0,-1.07303386298706,0.537688549213857,0,0.204881380637666,0,6,425,0.811955893893887,3.20106486984959,0.811955893893887,0,0,0,0,0,0,0,0,0
6.69547121080485,0,0,0,1,1.42340820588212,-0.27831833772917,0,0.204881380637666,0,6,425,7.98230112874857,7.98230112874857,5.80484003163225,0,0,0,0,0,0,0,0,0
5.54283020833963,0,0,0,0,1.50676918166735,0.582048207929892,0,0.204881380637666,0,6,425,5.97156198320271,8.41034209955711,5.97156198320271,0,0,0,0,0,0,0,0,0
4.27151589797052,0,0,0,0,-0.292977437185876,0.742716559673177,0,0.204881380637666,0,6,425,2.37206874549625,5.02369663350901,2.37206874549625,0,0,0,0,0,0,0,0,0
6.71325412867531,0,0,0,1,1.3604871344624,0.0310451654843227,0,-1.08062064522099,1,6,426,6.68524225783125,6.68524225783125,4.5842784555313,0,0,0,0,0,0,0,0,0
9.14524658902094,0,0,0,1,0.200608637507267,-1.1702607191705,1,-1.08062064522099,1,6,426,7.53272572779966,7.53272572779966,1.0632155769662,0,0,0,0,0,0,0,0,0
8.36310976827698,0,0,0,1,0.908401222949299,-0.0975300010075269,1,-1.08062064522099,1,6,426,8.66104356710977,8.66104356710977,3.55153146601324,0,0,0,0,0,0,0,0,0
4.91801428550795,0,0,0,1,-0.298404191701517,-0.379672404653895,0,-1.08062064522099,1,6,426,3.09992936792091,3.09992936792091,0.855778233065242,0,0,0,0,0,0,0,0,0
9.28812497828442,0,0,0,1,1.17473506800244,-0.498734887808055,1,-1.08062064522099,1,6,426,9.03173075763591,9.03173075763591,3.682994269319,0,0,0,0,0,0,0,0,0
4.13315861609694,0,0,0,1,-0.156352099370306,0.845431697978402,0,-1.08062064522099,1,6,426,5.1797412763066,5.1797412763066,2.36498652035996,0,0,0,0,0,0,0,0,0
6.04284160115256,0,0,0,1,0.646414235267645,-0.221231597650147,0,0.648906822565894,1,5,427,5.79946022831141,5.79946022831141,3.65051680851258,0,0,0,0,0,0,0,0,0
11.1468449032349,0,0,0,1,0.348915896370308,0.876865520875274,1,0.648906822565894,1,5,427,10.0225103909432,10.0225103909432,4.15361724924333,0,0,0,0,0,0,0,0,0
3.04301570165518,0,0,0,1,-0.351778283823946,-0.652784919929819,0,0.648906822565894,1,5,427,3.74870659973751,3.74870659973751,1.22257844804973,0,0,0,0,0,0,0,0,0
3.76626263800304,0,0,0,0,-1.21173201524195,1.29609253913302,0,0.648906822565894,1,5,427,1.45154844427656,5.23140431427285,1.45154844427656,0,0,0,0,0,0,0,0,0
9.28531718914419,0,0,0,1,0.0637368297379458,-0.14166985153023,1,0.648906822565894,1,5,427,7.6847940904057,7.6847940904057,2.5647237435731,0,0,0,0,0,0,0,0,0
4.94912175694306,0,0,0,1,-0.190845446786204,-0.211797881899543,0,-1.09075254059023,1,5,428,3.36162846250114,3.36162846250114,1.21677011972401,0,0,0,0,0,0,0,0,0
5.14023840577528,0,0,0,1,0.924394913526066,-0.395535824189656,0,-1.09075254059023,1,5,428,5.51996148627583,5.51996148627583,3.26351289805844,0,0,0,0,0,0,0,0,0
11.4384967143144,0,0,0,1,0.780695495585514,0.797509385082556,1,-1.09075254059023,1,5,428,9.9051804907443,9.9051804907443,4.16915927144954,0,0,0,0,0,0,0,0,0
1.39849717092286,0,0,0,0,0.520086518044523,-0.717462083167447,1,-1.09075254059023,1,5,428,2.13296984811756,7.74772168890053,2.13296984811756,0,0,0,0,0,0,0,0,0
7.02255026905642,0,0,0,1,0.19412597437881,1.63604872634573,0,-1.09075254059023,1,5,428,8.6112150052768,8.6112150052768,3.83455957029931,0,0,0,0,0,0,0,0,0
5.02322827024635,0,0,0,1,-0.730070214069677,-0.760283705462566,0,0.127483766074581,1,4,429,3.44135506857741,3.44135506857741,0.763323755785523,0,0,0,0,0,0,0,0,0
8.90653470188045,0,0,0,1,1.14211165852349,0.18211783111963,0,0.127483766074581,1,4,429,7.58325594196577,7.58325594196577,5.45008903755405,0,0,0,0,0,0,0,0,0
3.07760397528076,0,0,0,1,-0.794418175539487,0.536799635738603,0,0.127483766074581,1,4,429,4.31986502297617,4.31986502297617,1.93171117404707,0,0,0,0,0,0,0,0,0
0.432468245371036,0,0,0,0,-1.77983351325174,-0.126540424158917,0,0.127483766074581,1,4,429,-0.702459561274954,1.41355291767136,-0.702459561274954,0,0,0,0,0,0,0,0,0
2.30577575581149,0,0,0,0,-0.569917854643301,0.875239462743974,0,-0.586078727515474,1,5,430,2.39191547861121,5.25795959575557,2.39191547861121,0,0,0,0,0,0,0,0,0
6.99980674119341,0,0,0,1,-0.0110000117543338,-0.836739881965622,1,-0.586078727515474,1,5,430,7.5979054497514,7.5979054497514,1.79777181967955,0,0,0,0,0,0,0,0,0
2.15613060317831,0,0,0,0,-0.226829662562019,0.792364992602136,1,-0.586078727515474,1,5,430,2.99521739263194,8.72305967413333,2.99521739263194,0,0,0,0,0,0,0,0,0
7.6228706972841,0,0,0,1,-0.426000514245163,-1.09557269742927,1,-0.586078727515474,1,5,430,7.00921753458669,7.00921753458669,0.708937999234249,0,0,0,0,0,0,0,0,0
8.17478647629056,0,0,0,1,1.07141741268797,-2.360611827022,0,-0.586078727515474,1,5,430,10.1112229213839,10.1112229213839,2.43873472350779,0,0,0,0,0,0,0,0,0
7.49399020316055,0,0,0,1,-0.102834425080093,0.647243427057797,0,-0.322318592780436,1,5,431,5.85660935551517,5.85660935551517,3.33768530164565,0,0,0,0,0,0,0,0,0
5.17562834210408,0,0,0,0,0.899216139192868,0.0239666487501173,1,-0.322318592780436,1,5,431,4.71850965188389,9.8190840521362,4.71850965188389,0,0,0,0,0,0,0,0,0
4.99165852820432,0,0,0,1,0.322661767891988,-1.43318663534643,0,-0.322318592780436,1,5,431,6.26227155692121,6.26227155692121,2.10824762518558,0,0,0,0,0,0,0,0,0
4.21420610138546,0,0,0,1,-1.19245270518441,0.189732510791351,0,-0.322318592780436,1,5,431,2.83693625082176,2.83693625082176,0.700937825170575,0,0,0,0,0,0,0,0,0
3.46304097573246,0,0,0,1,-1.57800178848995,-0.210548060525946,1,-0.322318592780436,1,5,431,4.67388957303343,4.67388957303343,-0.470440912757806,0,0,0,0,0,0,0,0,0
5.42040815006113,0,0,0,0,0.758063341058745,0.289218377970002,0,-0.524617461919127,1,6,432,4.53012157873703,6.71376884889262,4.53012157873703,0,0,0,0,0,0,0,0,0
8.33146203650876,0,0,0,1,-0.376372803977689,-1.26479889399466,1,-0.524617461919127,1,6,432,7.40694825894961,7.40694825894961,0.707232016699497,0,0,0,0,0,0,0,0,0
1.2463490948164,0,0,0,0,-0.278846468306586,-0.221509404838921,0,-0.524617461919127,1,6,432,1.94557417719744,4.09464059362953,1.94557417719744,0,0,0,0,0,0,0,0,0
9.64996206578669,0,0,0,1,0.355523286800046,1.48057970779248,0,-0.524617461919127,1,6,432,9.20851907116897,9.20851907116897,4.91640280004211,0,0,0,0,0,0,0,0,0
8.05959565903468,0,0,0,1,1.05574877710222,-0.7528026076029,0,-0.524617461919127,1,6,432,6.75018323126481,6.75018323126481,4.08347146525108,0,0,0,0,0,0,0,0,0
16.3023332202962,0,0,0,1,3.75558314008616,-0.331763210865266,1,-0.524617461919127,1,6,432,15.1142464160402,15.1142464160402,9.9041795879566,0,0,0,0,0,0,0,0,0
5.6572110400332,0,0,0,0,1.68285846540002,-0.326772632850183,0,-1.08337918067284,1,4,433,4.8652338488345,7.07201420241434,4.8652338488345,0,0,0,0,0,0,0,0,0
8.4941543978072,0,0,0,1,0.0664406624434819,-2.94475293472646,0,-1.08337918067284,1,4,433,9.78598778762525,9.78598778762525,-0.985582058954843,0,0,0,0,0,0,0,0,0
7.72706245128502,0,0,0,1,-0.075811540526548,0.368668442932954,1,-1.08337918067284,1,4,433,7.27925133357912,7.27925133357912,2.04333491276451,0,0,0,0,0,0,0,0,0
0.486550744508512,0,0,0,1,-0.998655023016132,-0.325603856426566,0,-1.08337918067284,1,4,433,1.70939351974567,1.70939351974567,-0.496624351574177,0,0,0,0,0,0,0,0,0
7.24441161107581,0,0,0,1,-0.0832400383286327,-0.446907430137741,1,-0.0895535964641651,0,4,434,8.12522632781539,8.12522632781539,2.82550007670307,0,0,0,0,0,0,0,0,0
9.24513098764879,0,0,0,1,0.492544151579808,1.26424180902742,0,-0.0895535964641651,0,4,434,7.67537580821287,7.67537580821287,3.97706845651995,0,0,0,0,0,0,0,0,0
5.96718174075417,0,0,0,1,-0.694342823019794,-1.04515356962972,0,-0.0895535964641651,0,4,434,4.79564049143049,4.79564049143049,1.60329450732074,0,0,0,0,0,0,0,0,0
0.968289101935631,0,0,0,0,-0.477181342972088,0.718633116165436,0,-0.0895535964641651,0,4,434,2.03761746741616,4.6540510230658,2.03761746741616,0,0,0,0,0,0,0,0,0
3.5260568903535,0,0,0,1,-2.07796196651722,0.024729641344466,1,0.668141753470021,1,6,435,3.52300386074106,3.52300386074106,-1.57760769441996,0,0,0,0,0,0,0,0,0
4.89425334769103,0,0,0,0,0.852137761674369,1.6285567892279,0,0.668141753470021,1,6,435,5.88641890984664,10.6386161255869,5.88641890984664,0,0,0,0,0,0,0,0,0
6.33869166162096,0,0,0,1,0.521300192183209,0.31781890012491,0,0.668141753470021,1,6,435,6.11501473503794,6.11501473503794,3.91400588176133,0,0,0,0,0,0,0,0,0
8.1466826082828,0,0,0,1,0.0747112840803949,1.58081088567111,0,0.668141753470021,1,6,435,8.88278310735817,8.88278310735817,4.2838200511019,0,0,0,0,0,0,0,0,0
1.63578118767001,0,0,0,0,-0.330985842198258,0.323224521903743,1,0.668141753470021,1,6,435,2.21483943477723,7.41931352633713,2.21483943477723,0,0,0,0,0,0,0,0,0
10.966762640502,0,0,0,1,-0.0673113730814479,1.23476116004936,1,0.668141753470021,1,6,435,10.2783601335229,10.2783601335229,3.65372501115647,0,0,0,0,0,0,0,0,0
7.31420432066019,0,0,0,1,1.02705471884932,0.358239164379607,0,-0.4630962568819,1,4,436,7.42622575783561,7.42622575783561,5.19789045894021,0,0,0,0,0,0,0,0,0
9.31458700836804,0,0,0,1,0.888764790833596,0.585751921354929,0,-0.4630962568819,1,4,436,7.59192867325508,7.59192867325508,5.14882335988409,0,0,0,0,0,0,0,0,0
3.94560415376264,0,0,0,1,0.736373028223138,-0.554298591653593,0,-0.4630962568819,1,4,436,6.11123625036381,6.11123625036381,3.70398932165466,0,0,0,0,0,0,0,0,0
8.69137762508678,0,0,0,1,0.37326210437213,-1.66986413245534,1,-0.4630962568819,1,4,436,9.75064815401173,9.75064815401173,1.86220193315089,0,0,0,0,0,0,0,0,0
2.90505857239694,0,0,0,0,-1.34096628963347,1.7116480173327,0,0.0639313800263376,1,5,437,2.02562821671369,7.05536715195266,2.02562821671369,0,0,0,0,0,0,0,0,0
6.74615341677981,0,0,0,1,-0.985931596014018,0.25330700860016,1,0.0639313800263376,1,5,437,6.44152103582601,6.44152103582601,1.27735659522005,0,0,0,0,0,0,0,0,0
7.34874518033286,0,0,0,1,0.820296726254337,0.674593773414765,0,0.0639313800263376,1,5,437,7.86617676370134,7.86617676370134,5.31110000457137,0,0,0,0,0,0,0,0,0
1.53317372837957,0,0,0,0,-0.761965665053742,-0.66041107591242,1,0.0639313800263376,1,5,437,0.811570372628025,6.34771316181582,0.811570372628025,0,0,0,0,0,0,0,0,0
14.1574649228367,0,0,0,1,1.02944651757292,-1.70132001507445,1,0.0639313800263376,1,5,437,11.3479755924122,11.3479755924122,3.35348579871931,0,0,0,0,0,0,0,0,0
-0.504261368958428,0,0,0,0,-0.649563854782992,-0.856463685493397,1,1.00651116988022,1,4,438,-0.168656130153025,5.66487391441591,-0.168656130153025,0,0,0,0,0,0,0,0,0
7.51157172304467,0,0,0,1,0.119532505240842,-0.014217715756112,1,1.00651116988022,1,4,438,7.31198470307325,7.31198470307325,2.21178255963193,0,0,0,0,0,0,0,0,0
2.19891512985305,0,0,0,0,0.302014867688567,0.295899647478613,1,1.00651116988022,1,4,438,2.8868646477621,8.07442124914007,2.8868646477621,0,0,0,0,0,0,0,0,0
2.02196695402171,0,0,0,1,-0.999597046646994,-0.41368617134031,0,1.00651116988022,1,4,438,1.84519124863026,1.84519124863026,-0.425944999727942,0,0,0,0,0,0,0,0,0
4.19978292220626,0,0,0,1,-0.356020886120428,1.35950344668062,0,-0.964191427508565,0,5,439,5.30654274041462,5.30654274041462,1.35829311887814,0,0,0,0,0,0,0,0,0
5.07169073302481,0,0,0,0,0.59966218931963,2.15444937768653,0,-0.964191427508565,0,5,439,3.26965926975826,10.0113113907721,3.26965926975826,0,0,0,0,0,0,0,0,0
0.946821529797514,0,0,0,0,-1.09544277383823,0.952669628303766,1,-0.964191427508565,0,5,439,-0.120550656557469,5.88702876413497,-0.120550656557469,0,0,0,0,0,0,0,0,0
3.34011577216328,0,0,0,0,0.468534713331531,-0.391403261552191,0,-0.964191427508565,0,5,439,3.00740431778206,5.26060083093575,3.00740431778206,0,0,0,0,0,0,0,0,0
0.227921256945236,0,0,0,0,-0.609166850152542,-0.492476865887357,1,-0.964191427508565,0,5,439,0.852001190813911,6.19453465424815,0.852001190813911,0,0,0,0,0,0,0,0,0
5.48257864032416,0,0,0,1,-0.832004898484027,0.250464507827937,1,-1.5607255641176,1,5,440,4.31332289405118,4.31332289405118,-0.849409575630313,0,0,0,0,0,0,0,0,0
8.14017060758664,0,0,0,1,2.09970743992313,1.00528438205592,0,-1.5607255641176,1,5,440,8.87943166421753,8.87943166421753,5.76883497541198,0,0,0,0,0,0,0,0,0
1.36888429649473,0,0,0,0,-0.270249279189967,1.26933821183759,0,-1.5607255641176,1,5,440,1.29297536696746,5.00419486299853,1.29297536696746,0,0,0,0,0,0,0,0,0
6.08036671908761,0,0,0,1,1.97026506962143,-0.0626681112489934,0,-1.5607255641176,1,5,440,6.5459250336712,6.5459250336712,4.44199774150368,0,0,0,0,0,0,0,0,0
3.97427343905578,0,0,0,1,0.322002256707662,-1.4981768438023,0,-1.5607255641176,1,5,440,4.05449723842825,4.05449723842825,-0.290036616877174,0,0,0,0,0,0,0,0,0
0.0384181414610936,0,0,0,0,-1.08054585146075,-1.54657811994766,0,0.572978486208899,1,4,441,-1.03597416852741,3.45592971257342,-1.03597416852741,0,0,0,0,0,0,0,0,0
2.82036308160604,0,0,0,1,-0.738422409251545,0.291743765819835,0,0.572978486208899,1,4,441,3.67170902655324,3.67170902655324,1.4865946016585,0,0,0,0,0,0,0,0,0
5.31810412398575,0,0,0,1,0.232955554170173,-1.29698310162352,0,0.572978486208899,1,4,441,5.62278882695555,5.62278882695555,1.84062366105859,0,0,0,0,0,0,0,0,0
-1.97244146534771,0,0,0,0,-1.9298085041823,-0.0201813196410918,0,0.572978486208899,1,4,441,-1.20810267366393,0.89230461199853,-1.20810267366393,0,0,0,0,0,0,0,0,0
4.72558763032124,0,0,0,1,-0.101161143478707,0.606706874095366,0,0.593184999747261,1,4,442,5.52060937428736,5.52060937428736,3.05251614321279,0,0,0,0,0,0,0,0,0
3.32678946913716,0,0,0,1,-0.195828125724181,0.757864339140525,0,0.593184999747261,1,4,442,5.68869800030791,5.68869800030791,3.01433964376701,0,0,0,0,0,0,0,0,0
8.44721916528936,0,0,0,1,1.81425074953874,-1.39751549515882,0,0.593184999747261,1,4,442,8.93216711920249,8.93216711920249,4.8791175599935,0,0,0,0,0,0,0,0,0
0.169767327795411,0,0,0,1,-1.29212426821793,-1.16742811099147,0,0.593184999747261,1,4,442,2.35934330298063,2.35934330298063,-1.10354509135248,0,0,0,0,0,0,0,0,0
4.68815756566814,0,0,0,1,-0.401179247462689,-0.588224170906207,1,0.51075270596914,1,4,443,6.79455668275191,6.79455668275191,1.34854900751362,0,0,0,0,0,0,0,0,0
7.81014023394177,0,0,0,1,1.13074476389839,-1.76092240162952,0,0.51075270596914,1,4,443,8.44054650407315,8.44054650407315,3.23969879951245,0,0,0,0,0,0,0,0,0
7.93667484024721,0,0,0,1,-0.632516219426996,1.23271233327501,1,0.51075270596914,1,4,443,9.32639126437454,9.32639126437454,2.70681156776622,0,0,0,0,0,0,0,0,0
4.61427173866478,0,0,0,1,-0.291290955667955,-0.244028894187031,0,0.51075270596914,1,4,443,4.07207096902041,4.07207096902041,1.91252086782226,0,0,0,0,0,0,0,0,0
1.51839058154753,0,0,0,0,0.506860899860882,0.217520080729595,0,-1.17103056244719,1,5,444,2.85992930226597,5.00724428778658,2.85992930226597,0,0,0,0,0,0,0,0,0
-2.58685342629418,0,0,0,0,-2.01064644330434,-0.761475102017283,0,-1.17103056244719,1,5,444,-3.15408056681136,-0.474236235819126,-3.15408056681136,0,0,0,0,0,0,0,0,0
5.00835002722655,0,0,0,1,0.767954173672819,-1.35119583477872,0,-1.17103056244719,1,5,444,5.73913011830489,5.73913011830489,1.81339993438152,0,0,0,0,0,0,0,0,0
3.29475630734812,0,0,0,0,1.01787105272426,1.0025860571872,1,-1.17103056244719,1,5,444,4.66701558445033,10.7721943865165,4.66701558445033,0,0,0,0,0,0,0,0,0
1.20555106448167,0,0,0,0,0.211383012287732,-0.153764190218729,0,-1.17103056244719,1,5,444,1.89768925617134,4.02133268236496,1.89768925617134,0,0,0,0,0,0,0,0,0
2.11244341656924,0,0,0,0,-0.686499039116645,0.358301185163832,0,-0.357257882889713,1,5,445,1.8576699120437,4.08604965133351,1.8576699120437,0,0,0,0,0,0,0,0,0
8.12582467774152,0,0,0,1,2.07374312408767,-0.885726665248338,0,-0.357257882889713,1,5,445,9.01863811357211,9.01863811357211,6.13412638804017,0,0,0,0,0,0,0,0,0
-1.23826239714911,0,0,0,0,-1.79672619850781,-0.015763138331149,0,-0.357257882889713,1,5,445,-0.736848730233607,1.36339974629644,-0.736848730233607,0,0,0,0,0,0,0,0,0
6.98029594701811,0,0,0,1,-0.0963662823998896,0.25876961844384,1,-0.357257882889713,1,5,445,8.10536557418679,8.10536557418679,2.93840385875722,0,0,0,0,0,0,0,0,0
1.96253305369192,0,0,0,0,-0.276272245029117,-0.806065731934339,0,-0.357257882889713,1,5,445,1.51375658312059,4.26349854731943,1.51375658312059,0,0,0,0,0,0,0,0,0
9.47239259368718,0,0,0,1,0.921861753667346,-0.970038461212378,0,0.239779646443906,0,4,446,7.82720384471721,7.82720384471721,4.78622922848593,0,0,0,0,0,0,0,0,0
6.84625884613888,0,0,0,0,1.28206969819833,2.11907957144162,0,0.239779646443906,0,4,446,5.5066451175479,12.0971433476491,5.5066451175479,0,0,0,0,0,0,0,0,0
4.33318376592129,0,0,0,0,0.190306678582949,-1.28228803737513,0,0.239779646443906,0,4,446,3.32311907831713,7.0673816891125,3.32311907831713,0,0,0,0,0,0,0,0,0
7.23161024030934,0,0,0,1,-0.301544968230706,-0.990967625423802,0,0.239779646443906,0,4,446,5.42143261932791,5.42143261932791,2.33941578468982,0,0,0,0,0,0,0,0,0
6.43266147494229,0,0,0,1,-0.333153253408918,1.08625743328525,0,0.371812238609796,1,5,447,6.56166179705484,6.56166179705484,3.28170658568738,0,0,0,0,0,0,0,0,0
5.37042572059791,0,0,0,1,-0.00558287471937221,0.467562132030559,0,0.371812238609796,1,5,447,5.63676638912075,5.63676638912075,3.31815204181179,0,0,0,0,0,0,0,0,0
6.78250982668366,0,0,0,0,1.76340339023597,-0.175991752861876,1,0.371812238609796,1,5,447,6.21257068683004,11.3435437839054,6.21257068683004,0,0,0,0,0,0,0,0,0
4.03788232200527,0,0,0,0,-0.229820196094697,1.66412707036311,1,0.371812238609796,1,5,447,4.06624233739369,11.935561243709,4.06624233739369,0,0,0,0,0,0,0,0,0
-0.675710929475518,0,0,0,0,-0.32726439615812,-2.13209041526117,0,0.371812238609796,1,5,447,0.0751364516425586,6.72094599049112,0.0751364516425586,0,0,0,0,0,0,0,0,0
5.95882796618287,0,0,0,1,0.448178974219381,-0.666613478442268,1,1.7023875694183,1,6,448,5.87599456312744,5.87599456312744,0.331621033486536,0,0,0,0,0,0,0,0,0
2.99136305851568,0,0,0,1,-0.4805208785082,-1.10188322851846,1,1.7023875694183,1,6,448,4.35309822724545,4.35309822724545,-1.96104842204482,0,0,0,0,0,0,0,0,0
-0.0942060678345842,0,0,0,0,0.0759996721850342,-0.508964832787953,0,1.7023875694183,1,6,448,-0.255088924927842,2.10395627608703,-0.255088924927842,0,0,0,0,0,0,0,0,0
1.06341818732933,0,0,0,0,0.54721622434655,0.281119929834082,0,1.7023875694183,1,6,448,1.47742894201723,3.65645735696715,1.47742894201723,0,0,0,0,0,0,0,0,0
7.68461238366293,0,0,0,0,2.09824471167128,2.12627294008654,0,1.7023875694183,1,6,448,6.42463892691914,13.0456755426634,6.42463892691914,0,0,0,0,0,0,0,0,0
3.09072216352336,0,0,0,1,0.521236729986619,0.198783650548169,0,1.7023875694183,1,6,448,3.48264861373671,3.48264861373671,1.34313367401145,0,0,0,0,0,0,0,0,0
10.0524710747489,0,0,0,1,0.78822566113213,-0.654117970916818,1,-0.143398452863261,1,4,449,9.4296405549402,9.4296405549402,3.90177023506387,0,0,0,0,0,0,0,0,0
8.03779563322779,0,0,0,1,0.551252378581348,0.865020733774978,0,-0.143398452863261,1,4,449,7.7952232445147,7.7952232445147,4.9469623746541,0,0,0,0,0,0,0,0,0
0.577353202826865,0,0,0,0,-1.5168892484734,0.028231799998153,1,-0.143398452863261,1,4,449,-0.0261098132322242,5.07468722129891,-0.0261098132322242,0,0,0,0,0,0,0,0,0
5.82249186641235,0,0,0,1,0.506462478187101,-1.40508650637237,0,-0.143398452863261,1,4,449,6.66154342410796,6.66154342410796,2.58727533371826,0,0,0,0,0,0,0,0,0
7.25889489038975,0,0,0,1,0.51441269884799,0.648233505576911,0,0.0400498962302513,1,6,450,7.19566158683737,7.19566158683737,4.67545490908484,0,0,0,0,0,0,0,0,0
4.7260772460694,0,0,0,1,0.449110212371353,0.459249214213399,0,0.0400498962302513,1,6,450,6.66677548552368,6.66677548552368,4.35586564476805,0,0,0,0,0,0,0,0,0
1.5132882501801,0,0,0,0,-1.38709427029959,0.87816222762338,0,0.0400498962302513,1,6,450,1.10236969283614,3.9735385908606,1.10236969283614,0,0,0,0,0,0,0,0,0
6.25818086703732,0,0,0,1,-0.0344163404845661,0.850944856649301,0,0.0400498962302513,1,6,450,6.60461533055001,6.60461533055001,3.78050818149211,0,0,0,0,0,0,0,0,0
9.29240251585141,0,0,0,1,-0.448594944628796,1.25317395122101,1,0.0400498962302513,1,6,450,10.0248250197943,10.0248250197943,3.35438006777537,0,0,0,0,0,0,0,0,0
7.14823774226156,0,0,0,0,0.737665011625564,1.44196776454725,0,0.0400498962302513,1,6,450,5.91569379361032,10.0949648276037,5.91569379361032,0,0,0,0,0,0,0,0,0
5.4902063910455,0,0,0,0,1.28127598402484,1.48753797664647,0,0.0548316771072202,0,6,451,5.55954545523528,9.87231468720076,5.55954545523528,0,0,0,0,0,0,0,0,0
3.04359000102767,0,0,0,0,0.284199495751888,-0.498456995831197,1,0.0548316771072202,0,6,451,3.56539247868938,8.91385185538245,3.56539247868938,0,0,0,0,0,0,0,0,0
5.34865066747445,0,0,0,1,0.390669196916556,-0.473794542781035,0,0.0548316771072202,0,6,451,6.10281314978781,6.10281314978781,3.77833188101872,0,0,0,0,0,0,0,0,0
2.09680507825949,0,0,0,0,0.356545643294521,-2.07388618312056,1,0.0548316771072202,0,6,451,3.71008477377465,13.111088674313,3.71008477377465,0,0,0,0,0,0,0,0,0
1.30166038534041,0,0,0,0,-0.570205444856205,-0.0657013625988435,1,0.0548316771072202,0,6,451,1.8565825974732,6.96089926652054,1.8565825974732,0,0,0,0,0,0,0,0,0
5.9863486754213,0,0,0,1,-0.293918183403116,-1.23911062133158,0,0.0548316771072202,0,6,451,6.04455225227611,6.04455225227611,2.40915712037938,0,0,0,0,0,0,0,0,0
9.50729919616156,0,0,0,1,0.572860394071745,-1.51001423090335,1,-0.708256473010533,1,4,452,9.51422230320946,9.51422230320946,2.13407932567882,0,0,0,0,0,0,0,0,0
3.2534838349994,0,0,0,1,-0.586615715542298,0.0110072651301395,0,-0.708256473010533,1,4,452,3.43626976236987,3.43626976236987,1.33614860248422,0,0,0,0,0,0,0,0,0
12.5833284779848,0,0,0,1,0.283108873963958,1.56366695015404,1,-0.708256473010533,1,4,452,12.1733117975247,12.1733117975247,4.62825746652063,0,0,0,0,0,0,0,0,0
3.01526919632557,0,0,0,0,-0.00916957751846734,-0.5306237354975,0,-0.708256473010533,1,4,452,1.94940987790425,4.33097142657757,1.94940987790425,0,0,0,0,0,0,0,0,0
0.306155993835317,0,0,0,0,0.245341332168494,-0.386368036816516,1,0.595861665194152,1,5,453,2.74926350347252,7.99854376334597,2.74926350347252,0,0,0,0,0,0,0,0,0
-0.757450735044208,0,0,0,0,-0.631441323794546,-1.18676141177194,1,0.595861665194152,1,5,453,0.19530481659102,6.70370746506195,0.19530481659102,0,0,0,0,0,0,0,0,0
8.11652951660179,0,0,0,1,0.615842881240294,0.606928816920618,1,0.595861665194152,1,5,453,9.95192604416192,9.95192604416192,4.48356345535326,0,0,0,0,0,0,0,0,0
-0.872546857706828,0,0,0,0,-1.59865646004387,-0.0249592486213475,0,0.595861665194152,1,5,453,-0.577323292757044,1.5232996713347,-0.577323292757044,0,0,0,0,0,0,0,0,0
5.12108226675889,0,0,0,0,1.42044749160874,-0.270603480053826,0,0.595861665194152,1,5,453,5.2152403791157,7.38846662253294,5.2152403791157,0,0,0,0,0,0,0,0,0
-0.0499387068584958,0,0,0,0,-0.956107536639877,-0.0583342859733093,0,0.801129348499335,1,6,454,0.387642407719967,2.49104529663998,0.387642407719967,0,0,0,0,0,0,0,0,0
4.16209209437528,0,0,0,0,0.662897168183625,-0.457651887399545,0,0.801129348499335,1,6,454,3.22633421594073,5.5357794659811,3.22633421594073,0,0,0,0,0,0,0,0,0
5.26599990891582,0,0,0,1,-0.378177255218383,-0.770073788474945,0,0.801129348499335,1,6,454,3.52477710775748,3.52477710775748,0.83176346806132,0,0,0,0,0,0,0,0,0
4.53814724777155,0,0,0,1,0.643274762431327,-0.492042867832231,0,0.801129348499335,1,6,454,5.49480460778802,5.49480460778802,3.15269842400345,0,0,0,0,0,0,0,0,0
4.04172444205691,0,0,0,0,-0.21891348223874,1.12242615966191,0,0.801129348499335,1,6,454,3.04279096215746,6.40263144605086,3.04279096215746,0,0,0,0,0,0,0,0,0
-1.19805791574086,0,0,0,0,-1.20150487342806,-0.978869478817336,0,0.801129348499335,1,6,454,-1.02368745870043,2.03449799785969,-1.02368745870043,0,0,0,0,0,0,0,0,0
3.79426863342008,0,0,0,0,-0.452645448476569,1.52684306916319,1,-0.184939124683732,0,5,455,2.06050662320808,9.49175638105974,2.06050662320808,0,0,0,0,0,0,0,0,0
4.59691474005197,0,0,0,0,0.0904783700999628,-0.40951682073012,0,-0.184939124683732,0,5,455,3.14675426036114,5.41445828682205,3.14675426036114,0,0,0,0,0,0,0,0,0
2.49841559770801,0,0,0,0,-0.607744598150265,1.914399453157,0,-0.184939124683732,0,5,455,1.75030832386068,7.51523359010849,1.75030832386068,0,0,0,0,0,0,0,0,0
2.92446510764004,0,0,0,0,0.180088658915906,0.0950457938596955,0,-0.184939124683732,0,5,455,3.32597483799303,5.43500854092345,3.32597483799303,0,0,0,0,0,0,0,0,0
8.93872670758866,0,0,0,1,0.243199105487818,-1.00605632653292,1,-0.184939124683732,0,5,455,9.56434506329378,9.56434506329378,3.45219573113685,0,0,0,0,0,0,0,0,0
1.7922693066947,0,0,0,0,-0.172462979104244,0.800354602291403,0,1.17342351811617,0,5,456,1.27815128892338,4.01871877833241,1.27815128892338,0,0,0,0,0,0,0,0,0
4.17866866796439,0,0,0,0,0.755695653367621,0.564734186620615,0,1.17342351811617,0,5,456,3.13446855386711,5.55339325540516,3.13446855386711,0,0,0,0,0,0,0,0,0
1.29058487115998,0,0,0,0,-0.283899831023161,0.122763561186086,0,1.17342351811617,0,5,456,1.05527758508555,3.17034847704064,1.05527758508555,0,0,0,0,0,0,0,0,0
-2.8203152489593,0,0,0,0,-1.60327270867114,-0.176504797052843,0,1.17342351811617,0,5,456,-1.5834681702104,0.547685773172262,-1.5834681702104,0,0,0,0,0,0,0,0,0
2.23915580087367,0,0,0,0,0.13489287859593,0.480396073517933,0,1.17342351811617,0,5,456,1.89286300432373,4.22364339177518,1.89286300432373,0,0,0,0,0,0,0,0,0
6.94791124665111,0,0,0,1,-1.25514610796118,-1.40833361902373,1,-0.0412080002482143,1,6,457,6.16307964824192,6.16307964824192,-0.920323934230549,0,0,0,0,0,0,0,0,0
-0.312952029191731,0,0,0,0,-0.7961750823832,-2.53987259335953,0,-0.0412080002482143,1,6,457,-1.13392085741038,7.41703193308847,-1.13392085741038,0,0,0,0,0,0,0,0,0
1.21244945327783,0,0,0,0,-1.42122419048128,0.347377167554867,0,-0.0412080002482143,1,6,457,0.503230687307859,2.7239015838463,0.503230687307859,0,0,0,0,0,0,0,0,0
4.85536508106311,0,0,0,0,-0.380605018082237,0.708695662287308,0,-0.0412080002482143,1,6,457,2.94578752683838,5.54803706858322,2.94578752683838,0,0,0,0,0,0,0,0,0
12.2135854545392,0,0,0,1,1.28949076504024,0.947215370264776,1,-0.0412080002482143,1,6,457,12.5217157587266,12.5217157587266,6.5244988010608,0,0,0,0,0,0,0,0,0
3.24407283548527,0,0,0,0,-0.560084892869271,-0.70790708919499,0,-0.0412080002482143,1,6,457,1.17022502578201,3.77135747271453,1.17022502578201,0,0,0,0,0,0,0,0,0
6.13980075277921,0,0,0,1,0.333352601388121,-0.597080017510781,0,0.0678998178688906,1,5,458,5.52151934730951,5.52151934730951,3.06501479999883,0,0,0,0,0,0,0,0,0
6.39879609946336,0,0,0,1,0.404953199633255,0.333640481324222,0,0.0678998178688906,1,5,458,6.35025246610236,6.35025246610236,4.1389364953241,0,0,0,0,0,0,0,0,0
9.54133519587913,0,0,0,0,2.06501313028801,1.25703279184118,0,0.0678998178688906,1,5,458,8.38244866715057,12.0625801069146,8.38244866715057,0,0,0,0,0,0,0,0,0
5.59081870488852,0,0,0,1,-0.309767817194798,-0.226586785998611,0,0.0678998178688906,1,5,458,4.30060876593434,4.30060876593434,2.14926719434516,0,0,0,0,0,0,0,0,0
3.81935159534999,0,0,0,0,0.272237843480747,-0.00768339153467595,0,0.0678998178688906,1,5,458,3.53218191016019,5.63224094466567,3.53218191016019,0,0,0,0,0,0,0,0,0
7.31899107928244,0,0,0,1,0.0985118099782899,0.483853633473002,1,-0.828964616126892,1,5,459,8.3278092572642,8.3278092572642,2.99369491863918,0,0,0,0,0,0,0,0,0
2.53287847581493,0,0,0,1,-0.701595877959258,0.462750440655613,0,-0.828964616126892,1,5,459,3.68651432027365,3.68651432027365,1.37237634994669,0,0,0,0,0,0,0,0,0
-0.177134019779036,0,0,0,0,-2.41580120814076,1.21165822486024,1,-0.828964616126892,1,5,459,-1.30712652621168,5.26098912765978,-1.30712652621168,0,0,0,0,0,0,0,0,0
7.10484664441124,0,0,0,1,-0.0260142693680081,0.679069953897297,0,-0.828964616126892,1,5,459,5.50099508265695,5.50099508265695,2.93985908037088,0,0,0,0,0,0,0,0,0
0.871870788207758,0,0,0,0,-2.23706268071403,1.22423739208316,1,-0.828964616126892,1,5,459,-0.937070304135307,5.66168688803926,-0.937070304135307,0,0,0,0,0,0,0,0,0
7.88026493420549,0,0,0,1,-0.353975739594059,0.200168955169473,1,-0.460569494977038,1,4,460,7.42016082689159,7.42016082689159,2.28009321627795,0,0,0,0,0,0,0,0,0
9.41206450765542,0,0,0,1,-1.4218108243096,-1.7516540546668,1,-0.460569494977038,1,4,460,6.36089196424126,6.36089196424126,-1.8073999629894,0,0,0,0,0,0,0,0,0
10.9431414392084,0,0,0,1,0.0134386270263041,-1.47516731087941,1,-0.460569494977038,1,4,460,8.61570427855698,8.61570427855698,1.3395856834698,0,0,0,0,0,0,0,0,0
0.83450159647014,0,0,0,0,-1.47326474954035,-0.239702750324987,0,-0.460569494977038,1,4,460,-0.398356509109083,1.75910089940428,-0.398356509109083,0,0,0,0,0,0,0,0,0
-0.174047000947973,0,0,0,0,-0.37995043169852,-1.6145577912153,0,-0.902232028477983,1,5,461,-0.188481287823838,4.5183155733502,-0.188481287823838,0,0,0,0,0,0,0,0,0
5.62526069033937,0,0,0,1,1.17316855257244,-0.518684070459692,0,-0.902232028477983,1,5,461,6.38266356642232,6.38266356642232,4.01363040147369,0,0,0,0,0,0,0,0,0
5.75213041764779,0,0,0,1,-0.0809610005514904,0.363926060446289,1,-0.902232028477983,1,5,461,7.62042360360377,7.62042360360377,2.38798142613181,0,0,0,0,0,0,0,0,0
6.44547275114375,0,0,0,1,0.623286336453104,-0.544158288769438,1,-0.902232028477983,1,5,461,8.28449999416176,8.28449999416176,2.88839175092527,0,0,0,0,0,0,0,0,0
6.02308176206375,0,0,0,1,0.866602490048689,0.386356596511465,0,-0.902232028477983,1,5,461,6.55481036306527,6.55481036306527,4.30553894339735,0,0,0,0,0,0,0,0,0
1.13823335826859,0,0,0,0,-1.95268642087747,0.99312735706247,0,0.0614238089207031,0,4,462,-0.909145726057272,2.17715622128862,-0.909145726057272,0,0,0,0,0,0,0,0,0
6.94309130971235,0,0,0,1,0.234686642227841,-0.852353904776916,0,0.0614238089207031,0,4,462,6.29210757914181,6.29210757914181,3.46560040015336,0,0,0,0,0,0,0,0,0
1.19798638909061,0,0,0,0,-1.48643872943248,-0.131698571719706,0,0.0614238089207031,0,4,462,0.023349656832714,2.14069417062572,0.023349656832714,0,0,0,0,0,0,0,0,0
3.91095002593543,0,0,0,0,0.771116646455948,-0.202300403344438,0,0.0614238089207031,0,4,462,4.53846040860957,6.67938586180289,4.53846040860957,0,0,0,0,0,0,0,0,0
7.59228616822776,0,0,0,1,0.290238344502642,0.557485125109862,1,-0.601668463513401,1,5,463,9.18674653884733,9.18674653884733,3.77595687412857,0,0,0,0,0,0,0,0,0
-0.0431523306275552,0,0,0,0,-0.881339151125745,0.724916588925826,0,-0.601668463513401,1,5,463,1.60023334668776,4.22573740758761,1.60023334668776,0,0,0,0,0,0,0,0,0
8.85347972086504,0,0,0,0,1.22936644565542,1.19964250250482,0,-0.601668463513401,1,5,463,6.2963704538291,9.83551258764513,6.2963704538291,0,0,0,0,0,0,0,0,0
6.42570173733471,0,0,0,1,1.36614788851083,-0.174062148538242,0,-0.601668463513401,1,5,463,7.32652632005058,7.32652632005058,5.19622868849684,0,0,0,0,0,0,0,0,0
5.07281261378246,0,0,0,1,-0.297044184067731,-0.954369315336469,0,-0.601668463513401,1,5,463,4.10035816659729,4.10035816659729,1.08953737654149,0,0,0,0,0,0,0,0,0
3.46311986908089,0,0,0,0,0.532606313829597,0.872910647118003,1,-0.678877856666481,0,5,464,3.60433748338712,9.46631048123909,3.60433748338712,0,0,0,0,0,0,0,0,0
1.27872306839546,0,0,0,0,-0.398772754565546,-0.879977296482448,1,-0.678877856666481,0,5,464,1.74157934659683,7.61593938892139,1.74157934659683,0,0,0,0,0,0,0,0,0
1.28305297409642,0,0,0,0,0.30229136139636,-0.792038546392231,0,-0.678877856666481,0,5,464,3.14370757852065,5.87103263749176,3.14370757852065,0,0,0,0,0,0,0,0,0
7.21100679874404,0,0,0,1,0.889611513648191,-0.474278276127294,0,-0.678877856666481,0,5,464,6.64328776623059,6.64328776623059,4.31834788302431,0,0,0,0,0,0,0,0,0
8.66309221484535,0,0,0,1,0.487615891852667,-1.59731746617721,0,-0.678877856666481,0,5,464,8.16577972718805,8.16577972718805,3.51435663943326,0,0,0,0,0,0,0,0,0
12.5769284110791,0,0,0,1,1.3304795394737,1.68918402814865,0,-0.0811243349094107,1,6,465,12.2969046303341,12.2969046303341,7.34356194938156,0,0,0,0,0,0,0,0,0
13.1696413031637,0,0,0,1,0.507833887425296,1.33873980198366,1,-0.0811243349094107,1,6,465,12.240050676535,12.240050676535,5.34782641911975,0,0,0,0,0,0,0,0,0
10.4144972000395,0,0,0,1,0.772370004190042,0.799472323622989,1,-0.0811243349094107,1,6,465,11.0767871705277,11.0767871705277,5.33763117428858,0,0,0,0,0,0,0,0,0
3.7936946671315,0,0,0,0,0.85819743940494,0.754452900393891,0,-0.0811243349094107,1,6,465,5.46426662148928,8.13346580040203,5.46426662148928,0,0,0,0,0,0,0,0,0
7.53181720079331,0,0,0,1,0.891123920503658,-1.09307909738595,0,-0.0811243349094107,1,6,465,6.97740949904896,6.97740949904896,3.68258758590687,0,0,0,0,0,0,0,0,0
5.78676627728612,0,0,0,0,0.282578395882254,0.999895752517234,1,-0.0811243349094107,1,6,465,4.55847138656725,10.6582629024693,4.55847138656725,0,0,0,0,0,0,0,0,0
1.37376246753239,0,0,0,1,-1.34444775418417,-1.0691090707962,0,0.32262694352306,1,4,466,2.38090148140714,2.38090148140714,-0.862092723851563,0,0,0,0,0,0,0,0,0
9.72346713578153,0,0,0,1,0.571382311427446,0.292049617837323,1,0.32262694352306,1,4,466,9.51601907528411,9.51601907528411,4.33072609600518,0,0,0,0,0,0,0,0,0
1.92338248370844,0,0,0,0,-0.531212222152566,0.108468923888336,0,0.32262694352306,1,4,466,1.94195633489617,4.05372184234567,1.94195633489617,0,0,0,0,0,0,0,0,0
5.99031570550808,0,0,0,1,0.870421077596165,0.134229004599196,0,0.32262694352306,1,4,466,6.88900044078019,6.88900044078019,4.77098301510449,0,0,0,0,0,0,0,0,0
6.43173704631822,0,0,0,1,0.768645113724768,-0.604948991411081,0,0.161890515794242,1,5,467,6.37209597914361,6.37209597914361,3.90613269693433,0,0,0,0,0,0,0,0,0
1.05425417775891,0,0,0,1,-1.26024296960174,-0.333570402930224,0,0.161890515794242,1,5,467,2.3310043324732,2.3310043324732,0.119735118762169,0,0,0,0,0,0,0,0,0
2.84690535943465,0,0,0,1,-0.70037790016728,-0.0743240554690123,0,0.161890515794242,1,5,467,3.60423567031366,3.60423567031366,1.4987116050923,0,0,0,0,0,0,0,0,0
5.18804942328831,0,0,0,0,0.684595748614991,0.446383153554417,0,0.161890515794242,1,5,467,4.78936611168027,7.08862403145746,4.78936611168027,0,0,0,0,0,0,0,0,0
10.2263959254455,0,0,0,1,0.332908594274823,1.2836496678548,1,0.161890515794242,1,5,467,11.6710147870841,11.6710147870841,4.92325831730032,0,0,0,0,0,0,0,0,0
3.22072248605429,0,0,0,0,0.0974585342295487,1.29396468518311,1,-1.12355896744685,1,6,468,3.22649700031197,10.000841606813,3.22649700031197,0,0,0,0,0,0,0,0,0
3.71138144862399,0,0,0,0,0.336570750254559,0.603737124296656,0,-1.12355896744685,1,6,468,3.01449387147554,5.47899238672953,3.01449387147554,0,0,0,0,0,0,0,0,0
4.56992260416493,0,0,0,1,-0.185923370499642,0.0611165658450341,0,-1.12355896744685,1,6,468,3.5306203061362,3.5306203061362,1.42688507151551,0,0,0,0,0,0,0,0,0
0.0848737847283859,0,0,0,0,-0.446622863763064,0.190760510436208,0,-1.12355896744685,1,6,468,1.03513002957984,3.17151960192172,1.03513002957984,0,0,0,0,0,0,0,0,0
1.26858178715743,0,0,0,0,-1.28471416367132,0.980224839797891,1,-1.12355896744685,1,6,468,0.148411759125016,6.20925249568182,0.148411759125016,0,0,0,0,0,0,0,0,0
-0.936938979406313,0,0,0,0,-1.31081829371242,0.137670477489005,1,-1.12355896744685,1,6,468,-0.746350863266067,4.37260229710598,-0.746350863266067,0,0,0,0,0,0,0,0,0
-0.685002340173624,0,0,0,0,-1.06676082589382,-0.726991111612796,0,0.729325918884412,1,6,469,-0.392429059357026,2.23608701700698,-0.392429059357026,0,0,0,0,0,0,0,0,0
2.97689871543255,0,0,0,0,-0.0382502810124646,-0.269518586801593,0,0.729325918884412,1,6,469,2.12206455521689,4.29470482384841,2.12206455521689,0,0,0,0,0,0,0,0,0
0.176142447457222,0,0,0,0,-0.561705837778974,-0.138178585621048,0,0.729325918884412,1,6,469,1.20649344286441,3.32558676438864,1.20649344286441,0,0,0,0,0,0,0,0,0
2.85487499459567,0,0,0,0,0.25683360150043,0.391161613752571,0,0.729325918884412,1,6,469,3.37291252079684,5.62591992887036,3.37291252079684,0,0,0,0,0,0,0,0,0
9.09356059228155,0,0,0,1,1.48592496070403,-1.84229196564449,0,0.729325918884412,1,6,469,9.09168134648521,9.09168134648521,3.59764165980698,0,0,0,0,0,0,0,0,0
2.69126952332791,0,0,0,0,-1.330501760498,1.37366479449213,0,0.729325918884412,1,6,469,1.18074497753953,5.16769994516664,1.18074497753953,0,0,0,0,0,0,0,0,0
14.2695345496748,0,0,0,1,3.06638059177818,-1.64539210177125,1,0.958189377313308,1,5,470,14.3765573675603,14.3765573675603,6.56924219898905,0,0,0,0,0,0,0,0,0
3.35691548970106,0,0,0,0,0.645126963754785,0.539898820312601,0,0.958189377313308,1,5,470,3.9120258650261,6.30351660120104,3.9120258650261,0,0,0,0,0,0,0,0,0
2.89600922201092,0,0,0,1,-1.56200443944904,-0.583567764261003,0,0.958189377313308,1,5,470,0.814847809529431,0.814847809529431,-1.62570352595515,0,0,0,0,0,0,0,0,0
2.61850923282756,0,0,0,1,-0.933174134578826,-1.59255654334742,0,0.958189377313308,1,5,470,3.25920464845754,3.25920464845754,-1.37703169530114,0,0,0,0,0,0,0,0,0
10.9030465295994,0,0,0,1,0.738735874692696,0.508859440986488,1,0.958189377313308,1,5,470,9.42714223825689,9.42714223825689,4.06820430757581,0,0,0,0,0,0,0,0,0
2.97406310283111,0,0,0,0,0.422227330189082,1.14477342270491,1,-1.65320120186942,0,4,471,1.11138044651566,7.52188663584718,1.11138044651566,0,0,0,0,0,0,0,0,0
2.45799557636326,0,0,0,1,-0.819132141583093,0.801058345888399,0,-1.65320120186942,0,4,471,1.37035597648876,1.37035597648876,-1.37133849702869,0,0,0,0,0,0,0,0,0
9.00105564100221,0,0,0,1,0.404390043653403,-1.43364980477465,1,-1.65320120186942,0,4,471,8.2310576361747,8.2310576361747,1.0757058734443,0,0,0,0,0,0,0,0,0
-0.438229141595429,0,0,0,0,-0.857323887106648,0.731732949954342,1,-1.65320120186942,0,4,471,-1.4477219880758,4.18771112197308,-1.4477219880758,0,0,0,0,0,0,0,0,0
3.83070030466471,0,0,0,1,0.178671256699447,-0.1481632180007,0,-0.674992706212528,1,5,472,4.8755164811264,4.8755164811264,2.75356414195808,0,0,0,0,0,0,0,0,0
7.03140761432546,0,0,0,1,0.680076517921692,0.823615654963018,0,-0.674992706212528,1,5,472,7.50649628446645,7.50649628446645,4.72815353736629,0,0,0,0,0,0,0,0,0
7.17362324925161,0,0,0,1,-0.19089444515283,0.417595871001421,1,-0.674992706212528,1,5,472,7.85457813873308,7.85457813873308,2.58019182725565,0,0,0,0,0,0,0,0,0
4.17218147763117,0,0,0,1,0.26777138203647,-0.737284504579682,0,-0.674992706212528,1,5,472,4.98623154674645,4.98623154674645,2.34264310605315,0,0,0,0,0,0,0,0,0
6.81017625227814,0,0,0,1,0.558866207549386,0.166997005772799,0,-0.674992706212528,1,5,472,5.95700226736854,5.95700226736854,3.82911426743146,0,0,0,0,0,0,0,0,0
2.21130462485657,0,0,0,1,0.255133053825733,-0.0909716988117683,1,2.48187437534514,0,4,473,2.45884154264134,2.45884154264134,-2.64943430734335,0,0,0,0,0,0,0,0,0
-5.05906237563175,0,0,0,0,-1.16472833617338,0.653483435378594,0,2.48187437534514,0,4,473,-5.48915708734159,-2.96211648702738,-5.48915708734159,0,0,0,0,0,0,0,0,0
-2.87616169681765,0,0,0,0,0.356411859790809,-0.721746829069773,0,2.48187437534514,0,4,473,-2.4468766954132,0.17404178985907,-2.4468766954132,0,0,0,0,0,0,0,0,0
-5.47949953826438,0,0,0,0,-0.968500392824283,-0.63227669115993,0,2.48187437534514,0,4,473,-5.09670120064339,-2.59692738645924,-5.09670120064339,0,0,0,0,0,0,0,0,0
3.26960796876387,0,0,0,1,-0.694613029457885,0.0175489883853329,0,-0.19858519154541,1,5,474,3.68919481816178,3.68919481816178,1.58888685116844,0,0,0,0,0,0,0,0,0
5.62533070065502,0,0,0,1,-0.368599829358698,0.657442587234584,0,-0.19858519154541,1,5,474,5.41303760572576,5.41303760572576,2.88080685021606,0,0,0,0,0,0,0,0,0
-0.567812687035671,0,0,0,0,-1.94813758067949,-0.298661641088308,0,-0.19858519154541,1,5,474,-1.23437288074841,0.954825895109156,-1.23437288074841,0,0,0,0,0,0,0,0,0
9.92109507643987,0,0,0,1,-0.245731110867071,0.20495070058992,1,-0.19858519154541,1,5,474,7.81605719022695,7.81605719022695,2.67405240055465,0,0,0,0,0,0,0,0,0
2.3204790539708,0,0,0,0,-1.03061458631842,0.346266914824566,0,-0.19858519154541,1,5,474,1.2456016638866,3.46550244018872,1.2456016638866,0,0,0,0,0,0,0,0,0
8.34492215919203,0,0,0,1,0.400732043067878,-0.63416378547549,0,-0.657445443387566,0,5,475,5.87139328191329,5.87139328191329,3.36922957510468,0,0,0,0,0,0,0,0,0
2.22288768817103,0,0,0,0,-0.231207962742192,0.166492083669077,0,-0.657445443387566,0,5,475,2.10534956348454,4.23306917740901,2.10534956348454,0,0,0,0,0,0,0,0,0
3.73965484607696,0,0,0,0,0.51447197107116,1.08488200796706,0,-0.657445443387566,0,5,475,3.59670943111125,6.87367840232189,3.59670943111125,0,0,0,0,0,0,0,0,0
6.51224536896079,0,0,0,0,0.945170019082197,0.96611282619695,0,-0.657445443387566,0,5,475,4.45810552713332,7.49147952007558,4.45810552713332,0,0,0,0,0,0,0,0,0
4.4053880628522,0,0,0,0,0.365252827305973,-1.27025962388598,0,-0.657445443387566,0,5,475,3.29827114358087,7.01183065565581,3.29827114358087,0,0,0,0,0,0,0,0,0
1.78281264112256,0,0,0,0,-0.607108410668015,-0.565026698337608,0,0.631735289756863,0,6,476,1.38669370233978,3.80594887217408,1.38669370233978,0,0,0,0,0,0,0,0,0
1.63435225213535,0,0,0,0,-0.046880482488735,-0.014955938634928,1,0.631735289756863,0,6,476,2.50714955869834,7.60737323879879,2.50714955869834,0,0,0,0,0,0,0,0,0
7.83753669614963,0,0,0,0,2.12492658172086,-0.108274682818964,0,0.631735289756863,0,6,476,6.85076368711754,8.96248709405708,6.85076368711754,0,0,0,0,0,0,0,0,0
7.4209362676165,0,0,0,1,1.34584666907762,-1.05055143673601,0,0.631735289756863,0,6,476,8.49626218305914,8.49626218305914,5.29260386183104,0,0,0,0,0,0,0,0,0
-2.08942685469873,0,0,0,0,-2.65755641312494,-2.94356807140508,0,0.631735289756863,0,6,476,-2.71420230257407,8.05039068842138,-2.71420230257407,0,0,0,0,0,0,0,0,0
2.81986603996158,0,0,0,0,0.0812371919801514,0.31871592506776,0,0.631735289756863,0,6,476,2.76338490763611,4.96496474852791,2.76338490763611,0,0,0,0,0,0,0,0,0
3.48253279881623,0,0,0,0,1.0349219220215,1.54375412255907,0,0.734032029758911,0,4,477,4.53104082333102,9.01421761424915,4.53104082333102,0,0,0,0,0,0,0,0,0
11.0629433784662,0,0,0,1,-0.521442294402285,-1.75920178535787,1,0.734032029758911,0,4,477,9.61310331208975,9.61310331208975,1.41831239048344,0,0,0,0,0,0,0,0,0
0.0677244325941663,0,0,0,0,-1.22444360657248,-0.571809676711173,0,0.734032029758911,0,4,477,0.012309766143043,2.43927607252358,0.012309766143043,0,0,0,0,0,0,0,0,0
-0.836876731922865,0,0,0,0,-1.96018869856411,1.91842243929934,0,0.734032029758911,0,4,477,-1.45918041784022,4.32116423776702,-1.45918041784022,0,0,0,0,0,0,0,0,0
2.94150986476384,0,0,0,0,-0.235272977373667,0.0580278726725221,0,0.148922023087015,1,6,478,2.56530414896486,4.66867138297176,2.56530414896486,0,0,0,0,0,0,0,0,0
-0.630071914173322,0,0,0,0,-1.55910188952917,0.0122629020423054,0,0.148922023087015,1,6,478,-0.128118645976356,1.97203173279014,-0.128118645976356,0,0,0,0,0,0,0,0,0
4.75202396500523,0,0,0,0,0.0693112966064868,1.23612986379113,0,0.148922023087015,1,6,478,4.35257468804378,7.98059172820006,4.35257468804378,0,0,0,0,0,0,0,0,0
11.0001478153339,0,0,0,1,0.619477355014121,0.506899595765949,1,0.148922023087015,1,6,478,10.0806237370215,10.0806237370215,4.72367653683386,0,0,0,0,0,0,0,0,0
10.0261490591836,0,0,0,1,2.34377962745352,-1.53648580382419,0,0.148922023087015,1,6,478,10.5896843074758,10.5896843074758,6.12889568212253,0,0,0,0,0,0,0,0,0
4.42054278497953,0,0,0,0,-0.806287248953309,0.566354111955154,0,0.148922023087015,1,6,478,1.93160184508821,4.35235882521672,1.93160184508821,0,0,0,0,0,0,0,0,0
1.70521261997515,0,0,0,0,-0.370734974331396,-0.418307658789937,0,-0.0157796525219137,1,6,479,1.83997339511356,4.11495469251588,1.83997339511356,0,0,0,0,0,0,0,0,0
6.45238189974653,0,0,0,1,0.566207804785015,-1.19724980988041,0,-0.0157796525219137,1,6,479,6.46832390951459,6.46832390951459,2.9349168022559,0,0,0,0,0,0,0,0,0
4.37303535470101,0,0,0,1,-0.315331658748448,0.0688665257723464,0,-0.0157796525219137,1,6,479,4.54269680921369,4.54269680921369,2.43795421084174,0,0,0,0,0,0,0,0,0
6.4146578406771,0,0,0,1,0.718082623036319,-0.0498605630902175,0,-0.0157796525219137,1,6,479,6.48854176130038,6.48854176130038,4.38605568554871,0,0,0,0,0,0,0,0,0
6.71755566308557,0,0,0,1,0.572832443869944,-0.671410211819161,0,-0.0157796525219137,1,6,479,6.02479735102206,6.02479735102206,3.47400567848701,0,0,0,0,0,0,0,0,0
5.08400321644084,0,0,0,1,0.526025431650075,-0.206419712980046,0,-0.0157796525219137,1,6,479,5.98799125079316,5.98799125079316,3.84538215288639,0,0,0,0,0,0,0,0,0
2.30312796175073,0,0,0,0,-0.922091507535801,2.08454606596713,1,1.3601870338581,1,5,480,1.39025428381984,10.8355865849589,1.39025428381984,0,0,0,0,0,0,0,0,0
2.20630946918978,0,0,0,1,-1.53193277286803,-0.487689422761325,1,1.3601870338581,1,5,480,2.93617723750019,2.93617723750019,-2.40166373557308,0,0,0,0,0,0,0,0,0
5.70477351548356,0,0,0,1,0.237873329827474,0.572010586692369,0,1.3601870338581,1,5,480,4.62484459055978,4.62484459055978,2.19764847927163,0,0,0,0,0,0,0,0,0
8.09639746813442,0,0,0,1,1.17848903497363,-0.209967692808747,1,1.3601870338581,1,5,480,8.44098804208625,8.44098804208625,3.29690161006282,0,0,0,0,0,0,0,0,0
-0.308198381917152,0,0,0,0,-0.767198232736569,0.207487114841332,0,1.3601870338581,1,5,480,-0.177018117707495,1.96603278511769,-0.177018117707495,0,0,0,0,0,0,0,0,0
3.50713724583676,0,0,0,1,-1.1876555143276,-0.291834363879378,0,-0.246866658882599,1,4,481,2.45707875613844,2.45707875613844,0.271911460197563,0,0,0,0,0,0,0,0,0
8.60930608685227,0,0,0,1,1.5348247128629,0.00201182412170353,0,-0.246866658882599,1,4,481,8.11072215001594,8.11072215001594,6.01071810257964,0,0,0,0,0,0,0,0,0
13.1645121497294,0,0,0,1,1.85202359945161,-0.0250993949855169,1,-0.246866658882599,1,4,481,11.7186346362785,11.7186346362785,6.61800465664984,0,0,0,0,0,0,0,0,0
-0.410238203043576,0,0,0,0,-1.47557750278279,-0.594532355404866,0,-0.246866658882599,1,4,481,-0.606630508238297,1.84683821338496,-0.606630508238297,0,0,0,0,0,0,0,0,0
4.67263695604822,0,0,0,1,0.24672881786562,0.475651572230115,1,-1.29510960896643,1,4,482,7.61804472688915,7.61804472688915,2.29180030872417,0,0,0,0,0,0,0,0,0
-0.0627305794487758,0,0,0,1,-0.690523412936459,0.861941137175315,0,-1.29510960896643,1,4,482,3.64652793602028,3.64652793602028,0.80358541206521,0,0,0,0,0,0,0,0,0
8.70991689913945,0,0,0,1,0.818162374628265,-1.72051534367572,1,-1.29510960896643,1,4,482,9.2986735541672,9.2986735541672,1.23850050634362,0,0,0,0,0,0,0,0,0
3.41852385303002,0,0,0,1,0.373968920566702,-1.04093291830285,0,-1.29510960896643,1,4,482,4.21323736399986,4.21323736399986,1.02969602359336,0,0,0,0,0,0,0,0,0
3.52036614290104,0,0,0,0,0.0469610309546434,1.71837661408425,0,-0.283903420167308,0,6,483,3.01332090992659,8.06613909775823,3.01332090992659,0,0,0,0,0,0,0,0,0
7.94797172822302,0,0,0,1,0.604142885904884,-1.16932851913129,0,-0.283903420167308,0,6,483,7.59501380548086,7.59501380548086,4.12768461982707,0,0,0,0,0,0,0,0,0
3.19894195423215,0,0,0,1,0.259125046854425,0.353222962670717,0,-0.283903420167308,0,6,483,5.66241540308403,5.66241540308403,3.43764894172616,0,0,0,0,0,0,0,0,0
-1.80157327940209,0,0,0,0,-2.7778357741432,-1.21739863749101,1,-0.283903420167308,0,6,483,-2.63627270026909,3.94578674229588,-2.63627270026909,0,0,0,0,0,0,0,0,0
2.48191856316484,0,0,0,0,-0.786176432087448,-0.98720540527215,0,-0.283903420167308,0,6,483,1.34704598384241,4.42162049604096,1.34704598384241,0,0,0,0,0,0,0,0,0
3.06678767634066,0,0,0,0,-0.105670548749152,0.385310742870244,1,-0.283903420167308,0,6,483,2.708057750519,7.95652211909022,2.708057750519,0,0,0,0,0,0,0,0,0
7.52213550877937,0,0,0,1,-0.998448671325549,0.600024466169907,1,0.732118412350595,1,6,484,6.52715911381853,6.52715911381853,1.06712975381605,0,0,0,0,0,0,0,0,0
5.89248343489716,0,0,0,0,1.37436246100064,-0.585339326273584,0,0.732118412350595,1,6,484,4.62738822602493,7.07001035290735,4.62738822602493,0,0,0,0,0,0,0,0,0
4.43507783637409,0,0,0,0,-0.0493708179783936,2.31625198050244,1,0.732118412350595,1,6,484,4.68151297484289,15.1465362120244,4.68151297484289,0,0,0,0,0,0,0,0,0
6.96398694684587,0,0,0,1,0.920227965418031,0.977360358792218,0,0.732118412350595,1,6,484,8.33705219086398,8.33705219086398,5.28181891992552,0,0,0,0,0,0,0,0,0
6.02899885889726,0,0,0,0,0.885348849743918,1.01020902238721,1,0.732118412350595,1,6,484,5.24490935217229,11.3654316210848,5.24490935217229,0,0,0,0,0,0,0,0,0
2.133616573269,0,0,0,1,-0.727262575354252,-0.535175981137757,0,0.732118412350595,1,6,484,2.86071482923774,2.86071482923774,0.474301498450981,0,0,0,0,0,0,0,0,0
8.33865150647415,0,0,0,1,0.1589136813632,0.443285513991705,0,0.752779435900405,0,5,485,5.04765253052676,5.04765253052676,2.75115048361187,0,0,0,0,0,0,0,0,0
9.9439191754373,0,0,0,1,0.081540901229485,0.0415512103375227,1,0.752779435900405,0,5,485,7.69813142642495,7.69813142642495,2.59640492334444,0,0,0,0,0,0,0,0,0
8.19615015440899,0,0,0,1,-0.483498225589495,0.210129040685456,1,0.752779435900405,0,5,485,6.61048088344587,6.61048088344587,1.46632666970648,0,0,0,0,0,0,0,0,0
7.35950446849577,0,0,0,1,0.0745593920855671,-1.33335763221233,0,0.752779435900405,0,5,485,6.46028448043548,6.46028448043548,2.5824419050566,0,0,0,0,0,0,0,0,0
3.87335134240752,0,0,0,0,-0.900858682992911,-0.589650088286199,1,0.752779435900405,0,5,485,0.631605754899645,6.07929298151557,0.631605754899645,0,0,0,0,0,0,0,0,0
7.22491052121106,0,0,0,0,1.651497970478,1.55838086221477,1,-0.132811671821151,0,6,486,6.28535700078407,13.8139079125013,6.28535700078407,0,0,0,0,0,0,0,0,0
1.3415404907995,0,0,0,0,-0.858853924320631,0.165986583112411,0,-0.132811671821151,0,6,486,1.26465321118681,3.39220475696014,1.26465321118681,0,0,0,0,0,0,0,0,0
3.79913988976806,0,0,0,0,-0.274863511605604,1.36958952769686,0,-0.132811671821151,0,6,486,2.43263403661686,6.40840951099376,2.43263403661686,0,0,0,0,0,0,0,0,0
7.97757673151163,0,0,0,1,-0.0451226254981179,0.0186083138143561,1,-0.132811671821151,0,6,486,7.99246207817485,7.99246207817485,2.89211580883184,0,0,0,0,0,0,0,0,0
3.89927003183682,0,0,0,0,-0.227898184297557,-0.203411848138804,1,-0.132811671821151,0,6,486,2.52656469123296,7.6679410711962,2.52656469123296,0,0,0,0,0,0,0,0,0
0.193104432110213,0,0,0,0,-1.57397410071111,-1.49064716542222,1,-0.132811671821151,0,6,486,-0.165587141594147,7.15644183018715,-0.165587141594147,0,0,0,0,0,0,0,0,0
4.2997897741277,0,0,0,0,0.342868933508627,0.416399513425512,0,-0.507817197297068,1,6,487,3.84425907457212,6.11764762935312,3.84425907457212,0,0,0,0,0,0,0,0,0
3.97278637259519,0,0,0,0,0.685905532976299,-0.487156314121135,0,-0.507817197297068,1,6,487,3.62677644596081,5.9640977203489,3.62677644596081,0,0,0,0,0,0,0,0,0
3.76795648439144,0,0,0,1,-0.671132130666102,-1.11930086954552,0,-0.507817197297068,1,6,487,3.63339099981699,3.63339099981699,0.280556563251626,0,0,0,0,0,0,0,0,0
5.42982875217364,0,0,0,1,-0.30525836740028,-0.34837570070265,0,-0.507817197297068,1,6,487,4.0045948874662,4.0045948874662,1.78322925862614,0,0,0,0,0,0,0,0,0
3.12877918554149,0,0,0,1,-0.138899402003611,-0.898284818010156,0,-0.507817197297068,1,6,487,4.47295368637951,4.47295368637951,1.56603807211197,0,0,0,0,0,0,0,0,0
10.2035351875597,0,0,0,1,2.10572571905585,-0.0701953885271776,0,-0.507817197297068,1,6,487,8.98830513628436,8.98830513628436,6.88337774371388,0,0,0,0,0,0,0,0,0
3.40239259352975,0,0,0,0,-0.334625400976621,1.73084356638094,0,-0.953453659966287,0,4,488,1.42167531634365,6.51749476762593,1.42167531634365,0,0,0,0,0,0,0,0,0
1.08541054573281,0,0,0,0,-1.25446926481053,-0.432492146038288,0,-0.953453659966287,0,4,488,-0.418012411324172,1.86903704506063,-0.418012411324172,0,0,0,0,0,0,0,0,0
3.12010987847381,0,0,0,0,0.794239869105624,-0.320356518607119,0,-0.953453659966287,0,4,488,3.67940585650814,5.88203415552221,3.67940585650814,0,0,0,0,0,0,0,0,0
5.22397205190352,0,0,0,0,1.035994103484,1.15714221805056,1,-0.953453659966287,0,4,488,4.16291432526488,10.6018924380599,4.16291432526488,0,0,0,0,0,0,0,0,0
4.23467225934376,0,0,0,0,0.655299056773376,-0.310705225614107,1,-0.134872456639779,1,5,489,3.9817023083726,9.17824004559651,3.9817023083726,0,0,0,0,0,0,0,0,0
2.2467788548659,0,0,0,1,-0.625746500879803,0.312941231963433,0,-0.134872456639779,1,5,489,4.24118986530657,4.24118986530657,2.04325765064378,0,0,0,0,0,0,0,0,0
9.32441907549369,0,0,0,1,0.440039233684279,-2.15098751642669,0,-0.134872456639779,1,5,489,8.43764766720528,8.43764766720528,1.71090037138182,0,0,0,0,0,0,0,0,0
11.9884659071015,0,0,0,1,0.917426161611094,1.18356266459185,1,-0.134872456639779,1,5,489,12.5010449892697,12.5010449892697,6.00022440825399,0,0,0,0,0,0,0,0,0
3.82285776034584,0,0,0,0,-0.104810244443911,0.0809869193446142,1,-0.134872456639779,1,5,489,2.85317585089674,7.95973473200167,2.85317585089674,0,0,0,0,0,0,0,0,0
4.19084097641487,0,0,0,0,1.92825617484732,-0.652650619596934,0,-1.33477051653605,0,5,490,5.07490001788071,7.60085284914097,5.07490001788071,0,0,0,0,0,0,0,0,0
6.35300008963955,0,0,0,1,1.33014419351414,0.31530346197728,0,-1.33477051653605,0,5,490,6.07809232834922,6.07809232834922,3.87867605521436,0,0,0,0,0,0,0,0,0
11.1094650051916,0,0,0,1,1.48269830429588,0.924875819921462,1,-1.33477051653605,0,5,490,10.1391795590532,10.1391795590532,4.18378427677783,0,0,0,0,0,0,0,0,0
5.09537626325064,0,0,0,1,-0.604449583274811,0.59697815926435,1,-1.33477051653605,0,5,490,5.4658714242751,5.4658714242751,0.00948850163645099,0,0,0,0,0,0,0,0,0
6.23710494880954,0,0,0,1,1.11174481588321,0.13037575742571,0,-1.33477051653605,0,5,490,5.55887513807682,5.55887513807682,3.4418772999525,0,0,0,0,0,0,0,0,0
0.60595406443801,0,0,0,0,-0.200943363875083,-1.31120113313409,0,0.406974564689217,1,4,491,1.12128384281177,4.94053225434388,1.12128384281177,0,0,0,0,0,0,0,0,0
2.8189014012079,0,0,0,0,-0.075702140470827,-0.177019679276522,0,0.406974564689217,1,4,491,2.50594774347785,4.63728371032901,2.50594774347785,0,0,0,0,0,0,0,0,0
0.573104637208527,0,0,0,0,-1.99825728141634,1.95444181525064,0,0.406974564689217,1,4,491,0.792298956113989,6.71214176531421,0.792298956113989,0,0,0,0,0,0,0,0,0
2.88441546592966,0,0,0,0,-0.372998499471222,-0.0756217993942823,0,0.406974564689217,1,4,491,2.0127529053593,4.11847156190293,2.0127529053593,0,0,0,0,0,0,0,0,0
3.87856522906885,0,0,0,0,1.09750791409306,-1.1637642216519,0,-0.0354875869835059,1,5,492,4.0299922377043,7.48433940130135,4.0299922377043,0,0,0,0,0,0,0,0,0
7.97120481040099,0,0,0,0,0.750858597139494,2.68830127485119,0,-0.0354875869835059,1,5,492,7.18875910030027,16.5157228446668,7.18875910030027,0,0,0,0,0,0,0,0,0
4.89276974049977,0,0,0,0,0.39261112588666,0.927922763679886,0,-0.0354875869835059,1,5,492,4.71188564662329,7.67292630197861,4.71188564662329,0,0,0,0,0,0,0,0,0
3.28489204029999,0,0,0,0,-0.476873584142127,0.753087982097908,0,-0.0354875869835059,1,5,492,2.79808144498374,5.46522295376404,2.79808144498374,0,0,0,0,0,0,0,0,0
6.11204551033916,0,0,0,1,0.870149457552316,-0.357603072150325,0,-0.0354875869835059,1,5,492,6.60931643133574,6.60931643133574,4.38143647412439,0,0,0,0,0,0,0,0,0
5.22906670822229,0,0,0,0,0.253958493874948,0.933914495047132,0,0.204537056432486,0,6,493,3.46608158029583,6.43827786435497,3.46608158029583,0,0,0,0,0,0,0,0,0
3.58125180983377,0,0,0,0,0.0736715358809884,0.0837285932942807,0,0.204537056432486,0,6,493,3.10550766430791,5.21251814164295,3.10550766430791,0,0,0,0,0,0,0,0,0
8.39070137299298,0,0,0,1,1.0613757878283,0.185722640990299,0,0.204537056432486,0,6,493,7.21540906757894,7.21540906757894,5.08091616820253,0,0,0,0,0,0,0,0,0
7.04157741669751,0,0,0,1,0.622507392155982,-0.33153067850872,0,0.204537056432486,0,6,493,6.41309196765035,6.41309196765035,4.2031793768579,0,0,0,0,0,0,0,0,0
10.7562145603573,0,0,0,1,1.60866130101901,0.291190893549162,0,0.204537056432486,0,6,493,8.36027933106992,8.36027933106992,6.17548719458396,0,0,0,0,0,0,0,0,0
5.16160755941742,0,0,0,0,-0.161926041117215,-1.44966448633453,0,0.204537056432486,0,6,493,2.6343125103115,6.83583963325107,2.6343125103115,0,0,0,0,0,0,0,0,0
6.61681639997267,0,0,0,1,-0.924724806364837,-1.40055481600422,1,-0.316437875083591,1,4,494,6.71141643511131,6.71141643511131,-0.350137357521316,0,0,0,0,0,0,0,0,0
7.51973920874912,0,0,0,1,-0.404013116780936,-0.851505138061198,1,-0.316437875083591,1,4,494,7.06539669973413,7.06539669973413,1.24033569958951,0,0,0,0,0,0,0,0,0
3.23403254131367,0,0,0,0,0.477108050870169,0.065096632249886,0,-0.316437875083591,1,4,494,3.91917980520281,6.02341737673308,3.91917980520281,0,0,0,0,0,0,0,0,0
4.95273385867407,0,0,0,0,-0.322568619399889,1.39997251538862,0,-0.316437875083591,1,4,494,3.65470234780142,7.71462539164497,3.65470234780142,0,0,0,0,0,0,0,0,0
4.31074641181822,0,0,0,1,-0.250267896245573,0.0320480003942509,0,-0.62996387403958,1,4,495,4.23568479963742,4.23568479963742,2.13465772530815,0,0,0,0,0,0,0,0,0
5.88405212838788,0,0,0,1,0.682407584832003,0.419447265510547,0,-0.62996387403958,1,4,495,6.66334396112387,6.66334396112387,4.3874079525796,0,0,0,0,0,0,0,0,0
7.99616436283318,0,0,0,1,-0.611069985296632,-1.04278965278437,1,-0.62996387403958,1,4,495,6.52562615398156,6.52562615398156,0.338215894027409,0,0,0,0,0,0,0,0,0
7.52304732060246,0,0,0,1,0.802046043848852,-1.13306176339131,0,-0.62996387403958,1,4,495,6.45800480137087,6.45800480137087,3.07417584171144,0,0,0,0,0,0,0,0,0
5.01205717398223,0,0,0,0,0.646736161596506,0.730641232255271,1,-0.0426336336004442,1,4,496,5.02229592873431,10.6561325390058,5.02229592873431,0,0,0,0,0,0,0,0,0
4.9053737489375,0,0,0,1,-0.476645029253684,0.0784044885104759,0,-0.0426336336004442,1,4,496,4.22944406710772,4.22944406710772,2.12329680328913,0,0,0,0,0,0,0,0,0
4.48110367385238,0,0,0,1,0.337444048695656,-0.625204780336174,0,-0.0426336336004442,1,4,496,5.53874670769636,5.53874670769636,3.04786569034116,0,0,0,0,0,0,0,0,0
4.82963147046924,0,0,0,1,-1.01711202829922,0.422459681160445,0,-0.0426336336004442,1,4,496,3.66489018005421,3.66489018005421,1.38641799784803,0,0,0,0,0,0,0,0,0
0.0567534479820306,0,0,0,0,-0.180132744940116,1.04490415642828,0,-1.76497835949368,0,5,497,-0.475414099361226,2.71641059675986,-0.475414099361226,0,0,0,0,0,0,0,0,0
-1.5615185589943,0,0,0,0,0.0832217181693116,-0.721851308964287,0,-1.76497835949368,0,5,497,0.0512948268576281,2.67236413911108,0.0512948268576281,0,0,0,0,0,0,0,0,0
0.124282176426288,0,0,0,0,0.238871406190895,-0.708964454518595,0,-1.76497835949368,0,5,497,0.362594202900795,2.96522480067164,0.362594202900795,0,0,0,0,0,0,0,0,0
7.57666949325798,0,0,0,1,0.772322392951293,-0.59346573893642,1,-1.76497835949368,0,5,497,6.88169775971294,6.88169775971294,1.42949617642159,0,0,0,0,0,0,0,0,0
5.43883515971547,0,0,0,1,1.81587107599443,-0.219248084337017,0,-1.76497835949368,0,5,497,5.66466326499331,5.66466326499331,3.51659354250786,0,0,0,0,0,0,0,0,0
-0.375718887479716,0,0,0,0,-0.732610103708425,-0.994321691177116,0,-1.62897135378296,0,6,498,-1.11876787886234,1.96990774668298,-1.11876787886234,0,0,0,0,0,0,0,0,0
1.85122794849792,0,0,0,0,0.905226080622483,0.220356948522072,0,-1.62897135378296,0,6,498,2.15690448979948,4.30546167456144,2.15690448979948,0,0,0,0,0,0,0,0,0
8.45873990134919,0,0,0,1,1.19088204162938,0.196807081744946,1,-1.62897135378296,0,6,498,7.86694943923824,7.86694943923824,2.72821641181328,0,0,0,0,0,0,0,0,0
-2.16847676232092,0,0,0,0,-1.06217790193523,0.216977245151313,1,-1.62897135378296,0,6,498,-1.77790347531594,3.36917564959752,-1.77790347531594,0,0,0,0,0,0,0,0,0
-0.982964508325131,0,0,0,0,-1.07080639697779,1.39691031733735,0,-1.62897135378296,0,6,498,-1.79516046540106,2.25619796928247,-1.79516046540106,0,0,0,0,0,0,0,0,0
4.40176557241033,0,0,0,1,1.14581885765264,-0.24956653983486,0,-1.62897135378296,0,6,498,4.80037350166493,4.80037350166493,2.63809004385979,0,0,0,0,0,0,0,0,0
2.63269768087938,0,0,0,1,-1.57719062076311,-1.29032718795764,0,0.858705978785065,1,5,499,1.58285986449759,1.58285986449759,-2.18208438748507,0,0,0,0,0,0,0,0,0
1.54523305731294,0,0,0,0,-1.01446079283704,0.0476535572518168,0,0.858705978785065,1,5,499,0.281356013576523,2.38362687509527,0.281356013576523,0,0,0,0,0,0,0,0,0
2.12059382450858,0,0,0,0,-1.61166588670995,1.29574706306629,0,0.858705978785065,1,5,499,0.335039331645164,4.11399978309008,0.335039331645164,0,0,0,0,0,0,0,0,0
1.40184300194368,0,0,0,0,-0.703883231987145,-0.13702132967397,0,0.858705978785065,1,5,499,0.717836248350524,2.83661109313615,0.717836248350524,0,0,0,0,0,0,0,0,0
1.65334285791909,0,0,0,1,-2.03883129342984,0.898302260098026,0,0.858705978785065,1,5,499,1.99021066573436,1.99021066573436,-0.916736284762863,0,0,0,0,0,0,0,0,0
6.52750038467811,0,0,0,1,0.871949592011621,-0.487344361409099,0,-0.796025303598281,1,5,500,5.96040306524265,5.96040306524265,3.62289853864541,0,0,0,0,0,0,0,0,0
12.5108290208406,0,0,0,1,0.966500971404559,0.625779286900735,1,-0.796025303598281,1,5,500,10.4167246616551,10.4167246616551,4.92512494574112,0,0,0,0,0,0,0,0,0
9.02809378535777,0,0,0,1,0.560471599482771,1.22546177006173,0,-0.796025303598281,1,5,500,8.31450523494138,8.31450523494138,4.71274868505854,0,0,0,0,0,0,0,0,0
8.59914761762181,0,0,0,1,0.151901782228967,-0.319037830503533,1,-0.796025303598281,1,5,500,7.55289458727807,7.55289458727807,2.35110944998567,0,0,0,0,0,0,0,0,0
10.9252618210484,0,0,0,1,-0.392421052539662,1.24133878165881,1,-0.796025303598281,1,5,500,9.46376236346094,9.46376236346094,2.82284039261075,0,0,0,0,0,0,0,0,0
