"Y1","Y2","Y3","Y4","A","X1","X2","X3","X4","X5","X6M","GP","g1A","g11","g10","g2A","g21","g20","g3A","g31","g30","g4A","g41","g40"
0.0243968666892086,-1.21294126955145,0,1,0,-1.22980773407452,-1.11003781132644,0,0.608496433652575,1,5,1,-0.939921189243374,2.39226275333102,-0.939921189243374,-0.939921189243374,2.39226275333102,-0.939921189243374,0.372736217135987,0.548369414518034,0.372736217135987,0.40370242144096,0.536268893682715,0.40370242144096
9.89359676821844,7.80834173083533,1,1,1,1.36311960459156,0.0969757214777046,0,0.608496433652575,1,5,1,7.56235131144905,7.56235131144905,5.45294702089293,7.56235131144905,7.56235131144905,5.45294702089293,0.643121918125798,0.643121918125798,0.428215342772623,0.608609464369029,0.608609464369029,0.446075626718337
6.53848555929555,5.66109859517041,1,1,0,1.04127254923208,-0.0402443250299791,0,0.608496433652575,1,5,1,4.67203286366627,6.77365246936339,4.67203286366627,4.67203286366627,6.77365246936339,4.67203286366627,0.428575667471572,0.55585006707493,0.428575667471572,0.446348097542494,0.541899178525962,0.446348097542494
7.58249315675747,6.08565170727377,0,1,1,1.00418859982351,0.275632299947265,0,0.608496433652575,1,5,1,7.0897147546006,7.0897147546006,4.91374158982638,7.0897147546006,7.0897147546006,4.91374158982638,0.543505283288222,0.543505283288222,0.425137109468393,0.532612232057057,0.532612232057057,0.443746785716323
-0.509305862315339,-0.398797047425332,1,0,0,-2.26156961230507,-1.07826156651347,0,0.608496433652575,1,5,1,-2.9716687008915,0.290979304928575,-2.9716687008915,-2.9716687008915,0.290979304928575,-2.9716687008915,0.375820805163914,0.873223537539223,0.375820805163914,0.40608507306594,0.812340440082964,0.40608507306594
7.37869332254582,11.0045784317461,1,1,1,0.892873457446466,-0.0453421659814377,0,0.975940262140973,1,6,2,5.89000126565959,5.89000126565959,3.7879453536437,5.89000126565959,5.89000126565959,3.7879453536437,0.478822411238143,0.478822411238143,0.386628833664059,0.484139665520137,0.484139665520137,0.414405135735578
2.40979691250473,6.06326586238981,1,1,0,-0.606944957839642,0.694077357103227,1,0.975940262140973,1,6,2,1.52772804615615,7.10947142379955,1.52772804615615,1.52772804615615,7.10947142379955,1.52772804615615,0.365317432042587,0.523557683171672,0.365317432042587,0.397956087280161,0.517644033683325,0.397956087280161
2.18681698833548,4.52914871621307,0,1,0,0.277314770616009,-0.648250076647932,0,0.975940262140973,1,6,2,1.95392006931629,4.47414823119034,1.95392006931629,1.95392006931629,4.47414823119034,1.95392006931629,0.368024307264789,0.376534998222595,0.368024307264789,0.400055387292297,0.406636211677636,0.400055387292297
6.29379471348696,10.715193308212,1,1,1,-0.158154814693369,-0.255785184873213,1,0.975940262140973,1,6,2,6.64087185127288,6.64087185127288,1.47544579047226,6.64087185127288,6.64087185127288,1.47544579047226,0.502702954720697,0.502702954720697,0.383787660630449,0.502023722743091,0.502023722743091,0.412222129912224
5.78108038462875,9.30368585714524,1,1,1,0.149125026759576,0.477721292991286,0,0.975940262140973,1,6,2,5.15172958501991,5.15172958501991,2.82351195124265,5.15172958501991,5.15172958501991,2.82351195124265,0.378998848023091,0.378998848023091,0.376523963984921,0.408536047818349,0.408536047818349,0.406627698121222
8.02888217820386,11.0227602511926,0,1,1,-0.46080010393618,0.653351774365641,1,0.975940262140973,1,6,2,7.30616071229222,7.30616071229222,1.77929217122549,7.30616071229222,7.30616071229222,1.77929217122549,0.507747461053559,0.507747461053559,0.367731722601699,0.505800785176716,0.505800785176716,0.399828623908049
-2.69259581003998,-2.50477579049767,1,1,0,-2.28548124243689,0.315260593631255,0,-0.993102022641341,0,4,3,-2.55721411224811,-0.357824870351378,-2.55721411224811,-2.55721411224811,-0.357824870351378,-2.55721411224811,0.716082458536386,0.96987522749056,0.716082458536386,0.667017318329622,0.938478325484189,0.667017318329622
7.29743648837709,4.79630824043697,1,1,1,0.623213711034123,-0.234461614275735,0,-0.993102022641341,0,4,3,5.41514804326271,5.41514804326271,3.26017579469392,5.41514804326271,5.41514804326271,3.26017579469392,0.753799113314201,0.753799113314201,0.717800472819169,0.698788405846796,0.698788405846796,0.668436723271922
5.81295106879343,8.06438135242823,1,1,1,0.775021449874025,-0.839177814096133,0,-0.993102022641341,0,4,3,6.36801067604489,6.36801067604489,3.56379127237373,6.36801067604489,6.36801067604489,3.56379127237373,0.749566087132256,0.749566087132256,0.692100140848809,0.695153844696743,0.695153844696743,0.647441106608523
1.99459025688246,2.04054011667432,1,0,0,0.523302026736861,0.382315596641531,0,-0.993102022641341,0,4,3,3.0603524260994,5.30651764153477,3.0603524260994,3.0603524260994,5.30651764153477,3.0603524260994,0.714266675688144,0.740161446531783,0.714266675688144,0.665519749437456,0.687144783393446,0.665519749437456
2.4710475205543,4.05487818488752,0,0,0,-0.354417698674581,0.331233736172454,0,-0.394659006380055,1,5,4,2.4666426075064,4.67635839548516,2.4666426075064,2.4666426075064,4.67635839548516,2.4666426075064,0.541309129049915,0.555999376222922,0.541309129049915,0.53096225060683,0.542011644341597,0.53096225060683
2.94870833414822,4.91838269801257,1,0,0,0.946890937608704,-1.25798418530513,1,-0.394659006380055,1,5,4,3.48004195859538,10.1625661690732,3.48004195859538,3.48004195859538,10.1625661690732,3.48004195859538,0.471897555389605,0.686688203399526,0.471897555389605,0.478948891927842,0.64308027688684,0.478948891927842
2.90119430607505,3.68601631505966,0,0,0,0.194725971925962,0.0750669496798236,0,-0.394659006380055,1,5,4,3.30876316221486,5.41439820914909,3.30876316221486,3.30876316221486,5.41439820914909,3.30876316221486,0.54618680454912,0.550622021817634,0.54618680454912,0.534627701980631,0.537963423282131,0.534627701980631
6.51864555533262,8.02110714561444,0,0,0,-0.116898565658687,2.90162470264905,0,-0.394659006380055,1,5,4,5.51207184001478,16.031497755038,5.51207184001478,5.51207184001478,16.031497755038,5.51207184001478,0.195719105439952,0.196755899580019,0.195719105439952,0.256192835204793,0.257153046895811,0.256192835204793
3.63317316642439,4.87330642058746,0,0,0,-0.51572597811728,1.51906320166471,1,-0.394659006380055,1,5,4,3.33185551411326,10.7394085247651,3.33185551411326,3.33185551411326,10.7394085247651,3.33185551411326,0.437947633259825,0.586225996269528,0.437947633259825,0.453425799711723,0.564868902600236,0.453425799711723
6.10112331094659,5.9312076999512,0,1,1,-0.0947494057889884,0.518212944216947,0,0.151403889513033,1,4,5,5.67433565043329,5.67433565043329,3.3057909948793,5.67433565043329,5.67433565043329,3.3057909948793,0.470545332036536,0.470545332036536,0.46948942154622,0.477934860451019,0.477934860451019,0.477142925957717
8.47669693879403,8.01326806261373,0,1,1,0.00817161176651671,-0.409421855126281,1,0.151403889513033,1,4,5,7.85162448610212,7.85162448610212,2.58399823064708,7.85162448610212,7.85162448610212,2.58399823064708,0.591263128103098,0.591263128103098,0.474239268403994,0.568698522473374,0.568698522473374,0.48070459415642
6.33664605269095,5.18156257076851,0,0,0,-0.974009823528541,3.55917506675335,1,0.151403889513033,1,4,5,4.58823228193659,22.3559594377353,4.58823228193659,4.58823228193659,22.3559594377353,4.58823228193659,0.0755090477764676,0.174192258516946,0.0755090477764676,0.12766285943528,0.235848911582743,0.12766285943528
13.4285875011152,13.8108575569432,0,1,1,0.388886971567689,1.41197711889603,1,0.151403889513033,1,4,5,12.2605073085577,12.2605073085577,5.16682792427173,12.2605073085577,12.2605073085577,5.16682792427173,0.523865398941228,0.523865398941228,0.389763105598026,0.51787467134067,0.51787467134067,0.416810072191116
10.5184850400931,8.43889303182469,1,1,1,0.408199801707329,-1.57518124567324,1,-0.0636234067171351,1,6,6,9.81836637657982,9.81836637657982,2.23717041985913,9.81836637657982,9.81836637657982,2.23717041985913,0.528034373837418,0.528034373837418,0.392018650415312,0.521000058987669,0.521000058987669,0.418538693911141
6.28429277325879,4.32376969109248,0,1,1,0.292145652266845,-0.0596688022703017,0,-0.0636234067171351,1,6,6,5.62413493034547,5.62413493034547,3.5205745643811,5.62413493034547,5.62413493034547,3.5205745643811,0.517407285950435,0.517407285950435,0.507340396658071,0.513035454923031,0.513035454923031,0.505495980548733
8.59286309700735,9.0358674792291,1,1,1,-0.524674624403839,0.978582109172681,1,-0.0636234067171351,1,6,6,8.98280786687556,8.98280786687556,2.92518492248271,8.98280786687556,8.98280786687556,2.92518492248271,0.611022455341524,0.611022455341524,0.462368542674311,0.583792367504061,0.583792367504061,0.471799515929736
7.68135538370867,3.30945305858451,1,1,1,0.727869430507122,-1.35773892743643,0,-0.0636234067171351,1,6,6,7.03740699077174,7.03740699077174,3.09395199569553,7.03740699077174,7.03740699077174,3.09395199569553,0.483015198217507,0.483015198217507,0.421114071232606,0.487281034242627,0.487281034242627,0.440699967505417
6.13483874836066,3.28625277438501,0,1,1,0.337641361603072,0.0622010751751719,0,-0.0636234067171351,1,6,6,5.83730483425197,5.83730483425197,3.73343586049902,5.83730483425197,5.83730483425197,3.73343586049902,0.520769676582586,0.520769676582586,0.507325830612098,0.515554663219803,0.515554663219803,0.505485073745286
7.05178244010551,5.1828958761814,1,1,1,0.804791886104736,-0.000416632026744748,0,-0.0636234067171351,1,6,6,6.70511937588268,6.70511937588268,4.60511920230043,6.70511937588268,6.70511937588268,4.60511920230043,0.583207212140984,0.583207212140984,0.507508434086913,0.562576953164496,0.562576953164496,0.505621804397186
6.21582843777514,7.30320123155774,1,1,1,1.46302581232014,-0.0973342470027411,0,-0.56826075907005,1,5,7,7.61527104297826,7.61527104297826,5.50579708733867,7.61527104297826,7.61527104297826,5.50579708733867,0.783201616907314,0.783201616907314,0.566247182321758,0.724600581489232,0.724600581489232,0.549739985886392
6.70156354332446,10.4375886085183,1,0,1,1.51134295576744,0.810212921047747,0,-0.56826075907005,1,5,7,9.26642351971647,9.26642351971647,6.50997854228375,9.26642351971647,9.26642351971647,6.50997854228375,0.773685893969954,0.773685893969954,0.536017865852351,0.716131719142167,0.716131719142167,0.526989213641469
10.2289972633949,9.65912358817254,1,0,1,0.570428126585371,0.0526487441008475,1,-0.56826075907005,1,5,7,8.97335659722812,8.97335659722812,3.87058470697272,8.97335659722812,8.97335659722812,3.87058470697272,0.710157127100363,0.710157127100363,0.566558262843608,0.662140120655184,0.662140120655184,0.549974889701365
3.3925457520654,3.99441593256069,0,0,0,0.337899722508691,0.73439677208022,1,-0.56826075907005,1,5,7,4.08727592679873,9.72661454564058,4.08727592679873,4.08727592679873,9.72661454564058,4.08727592679873,0.541514625955917,0.666789014951431,0.541514625955917,0.531116616429794,0.627204696468598,0.531116616429794
1.33040478518532,-0.918088841775419,0,0,0,-0.791626383506592,-1.3379901385576,1,-0.56826075907005,1,5,7,-0.244163195869652,6.64605441500773,-0.244163195869652,-0.244163195869652,6.64605441500773,-0.244163195869652,0.482559957667558,0.668068598961293,0.482559957667558,0.486939999052889,0.628218491116208,0.486939999052889
5.61168921949949,5.67865003122051,0,1,1,0.388503818235306,0.281041705688027,0,0.76019172118854,1,4,8,5.65914232953108,5.65914232953108,3.48015788919504,5.65914232953108,5.65914232953108,3.48015788919504,0.42491021340755,0.42491021340755,0.407574850480427,0.443575045151517,0.443575045151517,0.430417037798075
6.84128135048463,8.1716027981292,0,1,1,0.847036080003866,0.677683643515836,0,0.76019172118854,1,4,8,7.35311947124887,7.35311947124887,4.79386435055997,7.35311947124887,7.35311947124887,4.79386435055997,0.473301183799144,0.473301183799144,0.390323951350426,0.480001315115472,0.480001315115472,0.417240056841808
12.9725291081302,13.1961036485124,0,1,1,0.596711504924373,2.14276663188753,0,0.76019172118854,1,4,8,12.4497470275033,12.4497470275033,5.75829818877268,12.4497470275033,12.4497470275033,5.75829818877268,0.256889478944983,0.256889478944983,0.225733013605891,0.31035329468177,0.31035329468177,0.283354435761889
0.633801000498549,-0.165661123388002,1,1,0,-1.32610577754722,-0.104657906927477,1,0.76019172118854,1,4,8,-0.33476091498551,4.77619236249693,-0.33476091498551,-0.33476091498551,4.77619236249693,-0.33476091498551,0.41068538557045,0.720003061633343,0.41068538557045,0.432783685636405,0.670260042714758,0.432783685636405
-3.48589402304344,-4.60287757130359,0,0,0,-1.32980775819641,-1.17211798103777,0,-1.35257515203434,1,4,9,-2.6611930393313,0.81266752214076,-2.6611930393313,-2.6611930393313,0.81266752214076,-2.6611930393313,0.593708529079965,0.77213654264803,0.593708529079965,0.570560192647132,0.714763728639504,0.570560192647132
3.69661359139219,1.07144981190565,0,0,0,0.363559004651229,0.34066510545407,0,-1.35257515203434,1,4,9,2.23832357285581,4.45437628692985,2.23832357285581,2.23832357285581,4.45437628692985,2.23832357285581,0.649657499486172,0.663790468108845,0.649657499486172,0.613716371974799,0.624832570826526,0.613716371974799
5.44656132185547,3.44984247304791,1,1,1,0.756534874944904,-0.579665747477352,0,-1.35257515203434,1,4,9,4.53995683931022,4.53995683931022,2.10394446051174,4.53995683931022,4.53995683931022,2.10394446051174,0.700059627544485,0.700059627544485,0.640106860074796,0.653891185540421,0.653891185540421,0.606260197268271
2.54489655897522,3.60083758274676,1,0,0,0.847849446475513,0.201228098954529,0,-1.35257515203434,1,4,9,3.06746745000484,5.20796019781369,3.06746745000484,3.06746745000484,5.20796019781369,3.06746745000484,0.652912482757498,0.725851313693282,0.652912482757498,0.616267508549903,0.675121174684176,0.616267508549903
1.89634524792166,2.03878674470726,0,0,0,-0.0723210107154176,-1.3999093365326,0,0.731077867835478,1,5,10,0.920973793197693,4.98071994370885,0.920973793197693,0.920973793197693,4.98071994370885,0.920973793197693,0.328138661909142,0.328686399244483,0.328138661909142,0.368771097703219,0.369206365214915,0.368771097703219
8.40859525504902,9.01368824626186,0,1,0,1.76178822723233,1.0458516271595,0,0.731077867835478,1,5,10,7.03495323278528,10.2287588588175,7.03495323278528,7.03495323278528,10.2287588588175,7.03495323278528,0.365321550673379,0.714331005632149,0.365321550673379,0.397959283820317,0.665572760164501,0.397959283820317
2.83454016434354,2.28274853771488,1,0,0,-0.619749117667508,0.322944265356142,0,0.731077867835478,1,5,10,1.54897118118226,3.75326417970867,1.54897118118226,1.54897118118226,3.75326417970867,1.54897118118226,0.409744832160343,0.454246241291906,0.409744832160343,0.432068344581282,0.465697838560542,0.432068344581282
2.90346090270689,3.23954624678198,0,0,0,-1.22206604650208,1.38354841933372,1,0.731077867835478,1,5,10,1.40494147749068,8.41914770613151,1.40494147749068,1.40494147749068,8.41914770613151,1.40494147749068,0.330048223534059,0.615604838987629,0.330048223534059,0.370287805597146,0.587310850911866,0.370287805597146
7.40698408377244,8.39377140677081,0,0,0,1.86005973019066,1.6361810248786,0,0.731077867835478,1,5,10,7.82182563642104,12.5989139825938,7.82182563642104,7.82182563642104,12.5989139825938,7.82182563642104,0.298802784052884,0.686653148439741,0.298802784052884,0.345183272722337,0.643052093585245,0.345183272722337
7.96380823844926,8.38008786741137,0,1,0,1.95057821553195,1.76185822797129,1,0.735716477710184,1,4,11,8.1217359234609,16.325880338931,8.1217359234609,8.1217359234609,16.325880338931,8.1217359234609,0.281595536301565,0.793018066758523,0.281595536301565,0.331063686521772,0.733464530707721,0.331063686521772
3.19836955562428,5.58443246518391,0,1,1,0.0788902598432031,-0.651544720988638,0,0.735716477710184,1,4,11,4.48946758657165,4.48946758657165,1.96495706312349,4.48946758657165,4.48946758657165,1.96495706312349,0.395356701919746,0.395356701919746,0.3946530631515,0.421093858486205,0.421093858486205,0.420555547267923
6.03527242012811,6.50341905598583,0,1,0,0.964018613911161,1.13733079806484,0,0.735716477710184,1,4,11,5.52408929031288,8.91761063453968,5.52408929031288,5.52408929031288,8.91761063453968,5.52408929031288,0.356085630498533,0.461855915944198,0.356085630498533,0.390772381306953,0.471414647106452,0.390772381306953
3.02037275380209,2.25340613835393,0,1,0,-0.475441394076405,1.36214212167422,0,0.735716477710184,1,4,11,2.86998059794713,6.82541175758628,2.86998059794713,2.86998059794713,6.82541175758628,2.86998059794713,0.332032162428525,0.356224818369491,0.332032162428525,0.371861371161943,0.39088097578212,0.371861371161943
3.51818035980985,4.18558078808244,1,1,1,-0.903224115036175,-0.429888817208369,0,0.587541636674865,1,5,12,2.70326217305351,2.70326217305351,0.418457777892703,2.70326217305351,2.70326217305351,0.418457777892703,0.518209110965286,0.518209110965286,0.422531369489718,0.513636151712703,0.513636151712703,0.441773770455541
9.12082082568567,9.94230002374421,1,1,1,-0.730498062241367,1.85335761292568,0,0.587541636674865,1,5,12,8.58209075500594,8.58209075500594,3.04715631361637,8.58209075500594,8.58209075500594,3.04715631361637,0.337316221291403,0.337316221291403,0.283126858890463,0.376041670407316,0.376041670407316,0.332329725694729
5.72609896097721,7.25344669843322,0,0,1,-0.155118505516916,-1.4320709611031,0,0.587541636674865,1,5,12,5.06331409067125,5.06331409067125,0.912486853036484,5.06331409067125,5.06331409067125,0.912486853036484,0.342006748963676,0.342006748963676,0.339442462673893,0.379739715948974,0.379739715948974,0.377719465266428
4.77629461302868,6.86390401435561,0,0,1,0.465935794471318,0.696309704655114,0,0.587541636674865,1,5,12,6.86782332356806,6.86782332356806,4.28297611877117,6.86782332356806,6.86782332356806,4.28297611877117,0.433762902463605,0.433762902463605,0.408751949787302,0.450267622157491,0.450267622157491,0.431312944160193
6.65228175609231,8.39006054830348,1,0,1,1.16394071988578,0.109004653592145,0,0.587541636674865,1,5,12,7.20356293304187,7.20356293304187,5.09168091853712,7.20356293304187,7.20356293304187,5.09168091853712,0.589073211115126,0.589073211115126,0.430526703793322,0.567032745694396,0.567032745694396,0.447822962526833
1.87693849299001,2.20821895953883,1,1,1,-2.23975278532914,0.891470499584646,0,-0.0616749645568651,1,5,13,2.30288077930298,2.30288077930298,-0.591838872326717,2.30288077930298,2.30288077930298,-0.591838872326717,0.907245440633139,0.907245440633139,0.469796243752604,0.850930268179771,0.850930268179771,0.47737305306833
12.0925618087083,12.6186908447704,1,1,1,2.49440228699323,0.168598663785123,1,-0.0616749645568651,1,5,13,13.2820249459486,13.2820249459486,8.15359943651849,13.2820249459486,13.2820249459486,8.15359943651849,0.971230096140583,0.971230096140583,0.505936818000903,0.940784334771426,0.940784334771426,0.504445024373702
1.03628591872538,2.37355573432527,1,1,1,-1.68056867545738,-0.49011414518483,0,-0.0616749645568651,1,5,13,1.48515657795758,1.48515657795758,-0.855055297352679,1.48515657795758,1.48515657795758,-0.855055297352679,0.790047867460867,0.790047867460867,0.495938970618139,0.730768293113774,0.730768293113774,0.496959450008253
7.61335646403462,5.93638061711239,0,0,1,-0.853499150290472,1.20254171902386,0,-0.0616749645568651,1,5,13,6.03784620318268,6.03784620318268,2.49173961718982,6.03784620318268,6.03784620318268,2.49173961718982,0.524964716711822,0.524964716711822,0.439296400857882,0.518698680604389,0.518698680604389,0.4544430113952
2.80451937042931,4.08786372058917,0,0,1,-0.952574450487253,0.0742778514219573,0,-0.0616749645568651,1,5,13,3.27084234840622,3.27084234840622,1.16532514919436,3.27084234840622,3.27084234840622,1.16532514919436,0.612259904409163,0.612259904409163,0.507018120570187,0.584741795171598,0.584741795171598,0.505254666815987
0.110916709741699,-1.04383993206835,0,0,0,-0.822081065553483,-1.3210978907955,0,-0.398444097621087,1,4,14,-0.124017720831545,3.72128191623276,-0.124017720831545,-0.124017720831545,3.72128191623276,-0.124017720831545,0.464687669060593,0.544282317753446,0.464687669060593,0.473540312466473,0.533196166264624,0.473540312466473
2.86765154289383,3.83311872340354,0,0,1,-0.415102886690482,-0.852027146979094,0,-0.398444097621087,1,4,14,3.98495963990019,3.98495963990019,1.15900938071086,3.98495963990019,3.98495963990019,1.15900938071086,0.533044490429746,0.533044490429746,0.512751323245857,0.524757912778005,0.524757912778005,0.509547974919207
3.73823772514937,2.76771495276132,0,0,1,-0.0320671516958148,-0.753247341082212,0,-0.398444097621087,1,4,14,4.6912422134445,4.6912422134445,2.02386065659708,4.6912422134445,4.6912422134445,2.02386065659708,0.520350461494973,0.520350461494973,0.520229289265459,0.515240539464765,0.515240539464765,0.515149745340956
3.39929327280845,4.84519654626868,0,1,0,0.10081614903482,0.295626834252874,1,-0.398444097621087,1,4,14,3.33850143339343,8.52589665852381,3.33850143339343,3.33850143339343,8.52589665852381,3.33850143339343,0.542799473518294,0.656907734024865,0.542799473518294,0.532081888736587,0.619406103949803,0.532081888736587
0.708904861079392,1.38997933966978,1,0,0,-0.4160412962731,-0.748829818580102,0,1.09482833995755,1,5,15,0.220438494899504,2.88118459209421,0.220438494899504,0.220438494899504,2.88118459209421,0.220438494899504,0.348943752333225,0.367803452633975,0.348943752333225,0.38518797812879,0.399884220513263,0.38518797812879
3.62519606206852,3.68709566874072,1,0,0,0.889341480502027,0.47306669507663,0,1.09482833995755,1,5,15,4.05310056210649,6.37689266009722,4.05310056210649,4.05310056210649,6.37689266009722,4.05310056210649,0.3635936959491,0.453694748232224,0.3635936959491,0.396617625681503,0.465283242670634,0.396617625681503
0.260744037794781,0.847760673371016,1,0,0,-1.04432888187577,0.806634805726545,0,1.09482833995755,1,5,15,0.519327948000821,3.26998765781032,0.519327948000821,0.519327948000821,3.26998765781032,0.519327948000821,0.345078894789484,0.468825287412365,0.345078894789484,0.382155567187463,0.476644774175233,0.382155567187463
-4.36560051326807,-1.94055844662382,0,0,0,-1.16092559414482,-1.59420589090902,0,1.09482833995755,1,5,15,-2.11470617317285,2.52678624943618,-2.11470617317285,-2.11470617317285,2.52678624943618,-2.11470617317285,0.268846849206248,0.410787915774207,0.268846849206248,0.320446052407504,0.432861650938819,0.320446052407504
0.052095281162112,1.3562571344421,1,0,0,-0.853133277709482,1.1192472867935,0,1.09482833995755,1,5,15,1.21433163740034,4.56704612639496,1.21433163740034,1.21433163740034,4.56704612639496,1.21433163740034,0.319720211444673,0.398892492116389,0.319720211444673,0.362058788649729,0.423796507180284,0.362058788649729
3.56633348107786,1.41032797733825,0,0,0,0.664767636881867,-1.03869532581557,0,0.882009438154528,1,5,16,2.5128992989545,5.69178727882561,2.5128992989545,2.5128992989545,5.69178727882561,2.5128992989545,0.349543175112608,0.398487550209659,0.349543175112608,0.385657626615227,0.423487179743126,0.385657626615227
-0.640373589069149,-2.30143207807248,0,0,0,-0.394935109597019,-1.52144494184168,0,0.882009438154528,1,5,16,-0.0892558100293894,4.32553890102626,-0.0892558100293894,-0.0892558100293894,4.32553890102626,-0.0892558100293894,0.298203493779803,0.31395622704641,0.298203493779803,0.34469531275821,0.357437697881629,0.34469531275821
5.09672511220281,4.46226002085926,0,0,1,0.145482716823594,-1.0986045525569,0,0.882009438154528,1,5,16,4.72135219499537,4.72135219499537,1.41442023209662,4.72135219499537,4.72135219499537,1.41442023209662,0.34630992976594,0.34630992976594,0.344040917024393,0.383122264630326,0.383122264630326,0.381339873255118
-0.176145799333238,-3.17117796244861,1,0,0,-1.40430640410131,-0.0654919826378092,0,0.882009438154528,1,5,16,-0.652045439834094,1.45224375995574,-0.652045439834094,-0.652045439834094,1.45224375995574,-0.652045439834094,0.397119042410238,0.625821249463258,0.397119042410238,0.422441426695364,0.595182837580495,0.422441426695364
4.69004753587318,1.85303547416209,1,0,1,0.0735516241759872,-0.487390373829347,0,0.882009438154528,1,5,16,4.21932160203047,4.21932160203047,1.88177222552896,4.21932160203047,4.21932160203047,1.88177222552896,0.387206231575198,0.387206231575198,0.386598917014471,0.414848429799158,0.414848429799158,0.414382164222405
1.35860831181453,6.01498928013486,1,0,0,-0.69188705953266,0.0124521276048482,0,-0.254352027429779,1,6,17,1.56398305468189,3.66413811016378,1.56398305468189,1.56398305468189,3.66413811016378,1.56398305468189,0.529977604153708,0.585696855394433,0.529977604153708,0.522457323582095,0.564466995821883,0.522457323582095
8.8280440261512,11.3039728699647,1,0,1,-0.415734316004505,0.636899457898221,1,-0.254352027429779,1,6,17,8.24637679150262,8.24637679150262,2.74073587203157,8.24637679150262,8.24637679150262,2.74073587203157,0.645196436928137,0.645196436928137,0.51086770817208,0.610228309669498,0.610228309669498,0.508137323439602
-0.47053593567296,2.94479149205987,0,1,0,-0.854947541982269,-1.44416118789965,0,-0.254352027429779,1,6,17,-0.218751225721827,3.9668503109139,-0.218751225721827,-0.218751225721827,3.9668503109139,-0.218751225721827,0.431964491559035,0.517819683471145,0.431964491559035,0.448909341899053,0.513344403331516,0.448909341899053
0.363267160225473,2.82631546193515,1,0,0,-1.27809046744627,-0.567820858640981,1,-0.254352027429779,1,6,17,-0.188696747391168,5.23372378011661,-0.188696747391168,-0.188696747391168,5.23372378011661,-0.188696747391168,0.51479396769534,0.787568285755408,0.51479396769534,0.511077872351677,0.728526990106416,0.511077872351677
4.35194220274726,7.26037551889179,1,1,0,-0.0634915898940079,-0.288124112844363,0,-0.254352027429779,1,6,17,2.52019775350998,4.70321325791233,2.52019775350998,2.52019775350998,4.70321325791233,2.52019775350998,0.526077576978499,0.526552091233403,0.526077576978499,0.519532929543437,0.519888674392806,0.519532929543437
4.44524373237655,8.81248310883633,1,0,0,0.1705322691471,1.5323252130732,0,-0.254352027429779,1,6,17,4.80869479750976,9.25671535612957,4.80869479750976,4.80869479750976,9.25671535612957,4.80869479750976,0.419835884538276,0.423187504716953,0.419835884538276,0.439731157250891,0.442270728180733,0.439731157250891
8.33179887273148,9.1699110109678,0,0,1,1.7715964626429,-1.19900940867096,0,0.440176293188257,1,5,18,8.68805190961136,8.68805190961136,5.15042834752988,8.68805190961136,8.68805190961136,5.15042834752988,0.732268075867721,0.732268075867721,0.382320596058044,0.680489333597452,0.680489333597452,0.411093784160278
9.27587953658709,7.79580747572633,1,1,1,1.67533884814185,-0.938413516950506,0,0.440176293188257,1,5,18,8.19912893904366,8.19912893904366,5.21850901024824,8.19912893904366,8.19912893904366,5.21850901024824,0.721954661012324,0.721954661012324,0.407501919589368,0.671878985985908,0.671878985985908,0.430361516467457
4.20033455520928,5.6173781967104,1,0,0,-0.480509570698861,1.0884260170638,0,0.440176293188257,1,5,18,2.93365170658113,6.21832290120251,2.93365170658113,2.93365170658113,6.21832290120251,2.93365170658113,0.393690019283454,0.420031719555879,0.393690019283454,0.4198185225305,0.439879616856546,0.4198185225305
6.58708413047048,6.18133079455262,1,0,1,-0.298438872808761,0.37219918402646,0,0.440176293188257,1,5,18,4.82009850191395,4.82009850191395,2.58156626932398,4.82009850191395,4.82009850191395,2.58156626932398,0.452160946430245,0.452160946430245,0.441762243338118,0.464129959605898,0.464129959605898,0.456301864866728
0.514617684878537,2.82659241471749,1,0,0,-2.10996933188049,1.32298985393652,0,0.440176293188257,1,5,18,-0.0907039789094162,3.75959817470957,-0.0907039789094162,-0.0907039789094162,3.75959817470957,-0.0907039789094162,0.368435818637149,0.828695452040285,0.368435818637149,0.400374262585103,0.766943545823668,0.400374262585103
5.42264976514809,4.98803102902115,1,1,1,-0.443094485644118,1.18621842779814,1,-1.27873154293562,0,4,19,6.98577082826114,6.98577082826114,0.47865666981324,6.98577082826114,6.98577082826114,0.47865666981324,0.799630117116921,0.799630117116921,0.692553081410694,0.739513020927138,0.739513020927138,0.647806970464386
0.52182169600824,-3.46898476604329,0,1,0,-0.592951192094369,0.442841624150035,0,-1.27873154293562,0,4,19,0.178943256912737,2.47505196099258,0.178943256912737,0.178943256912737,2.47505196099258,0.178943256912737,0.739408334334417,0.770485159525707,0.739408334334417,0.68650722421556,0.713308906498209,0.68650722421556
-1.97330422673091,-4.00763479899981,0,1,0,-1.44374875577482,0.500517032926249,0,-1.27873154293562,0,4,19,-1.52265187044816,0.827865429801132,-1.52265187044816,-1.52265187044816,0.827865429801132,-1.52265187044816,0.737401200649397,0.88469765177072,0.737401200649397,0.68481072154566,0.824898958623677,0.68481072154566
4.07026251090237,-2.03406351178757,0,1,0,0.706448411256531,1.36798341051713,0,-1.27873154293562,0,4,19,2.77774246361454,6.74912107506462,2.77774246361454,2.77774246361454,6.74912107506462,2.77774246361454,0.673450989419125,0.723379607352366,0.673450989419125,0.632493132420165,0.673063088219484,0.632493132420165
2.7338364749753,4.78209616862173,1,1,0,-0.353153317396615,0.721687870468778,1,0.378344726115242,0,6,20,2.15054863342755,7.77138201580931,2.15054863342755,2.15054863342755,7.77138201580931,2.15054863342755,0.54863432384633,0.674271216207191,0.54863432384633,0.536468134651291,0.633146032492753,0.536468134651291
4.56377594861049,3.96715650758056,1,1,0,0.17761679355262,0.0739698658937957,0,0.378344726115242,0,6,20,3.21208885532602,5.31756039638637,3.21208885532602,3.21208885532602,5.31756039638637,3.21208885532602,0.572618526394452,0.576263198735627,0.572618526394452,0.554555028641198,0.557313302487781,0.554555028641198
4.26575782564325,3.61140623272991,1,0,0,0.219732747568599,-0.299686597153577,0,0.378344726115242,0,6,20,3.29632076335798,5.48613281987147,3.29632076335798,3.29632076335798,5.48613281987147,3.29632076335798,0.568712703172225,0.574299997771096,0.568712703172225,0.551602281172232,0.555827195814225,0.551602281172232
3.08155303791743,5.42592491147758,1,0,0,-0.0701079359954903,-0.16604213803814,1,0.378344726115242,0,6,20,2.7166393962298,7.84420938783408,2.7166393962298,2.7166393962298,7.84420938783408,2.7166393962298,0.571595957487359,0.682304788510292,0.571595957487359,0.553781671730963,0.639562283513256,0.553781671730963
3.73111367738863,2.46374964923523,1,1,0,-0.0238273531043194,0.889106209886252,0,0.378344726115242,0,6,20,2.80920056201214,5.69971041447044,2.80920056201214,2.80920056201214,5.69971041447044,2.80920056201214,0.535990686222617,0.536057361275235,0.535990686222617,0.526968813257084,0.527018858104987,0.526968813257084
0.490651417326338,-0.283360329207808,1,1,0,-1.29658335419977,0.825972616631514,0,0.378344726115242,0,6,20,0.263688559821249,3.04591932324636,0.263688559821249,0.263688559821249,3.04591932324636,0.263688559821249,0.541073470111733,0.723440842825259,0.541073470111733,0.530785233803612,0.673114012644114,0.530785233803612
5.60860583366226,2.86772389750474,1,0,1,-0.613599284351724,-1.30391788420204,0,0.0801892047333897,1,6,21,4.26265508728067,4.26265508728067,0.462453238538736,4.26265508728067,4.26265508728067,0.462453238538736,0.454824707797153,0.454824707797153,0.411177882652393,0.466132668788554,0.466132668788554,0.433158161143232
5.80810190626158,5.35068223344949,1,1,1,-1.39811062453395,-0.133544327694523,1,0.0801892047333897,1,6,21,5.18163820214119,5.18163820214119,0.0638041146818041,5.18163820214119,5.18163820214119,0.0638041146818041,0.796155524027714,0.796155524027714,0.489695359253496,0.73632647798518,0.73632647798518,0.492284332137957
2.21204214923699,-0.184425625826549,0,1,0,-1.10588239593934,0.074338907467281,1,0.0801892047333897,1,6,21,0.856143807032821,5.96167008019625,0.856143807032821,0.856143807032821,5.96167008019625,0.856143807032821,0.490276175476773,0.73387862996101,0.490276175476773,0.492719276179653,0.68184255524608,0.492719276179653
8.18601267406235,6.60018165327934,1,1,1,0.871238856755952,-0.218586164230572,0,0.0801892047333897,1,6,21,6.66524115191859,6.66524115191859,4.51746124072556,6.66524115191859,6.66524115191859,4.51746124072556,0.577271724535405,0.577271724535405,0.488282303957492,0.55807707541776,0.55807707541776,0.491226123227523
7.28239190094853,6.24370268463969,0,1,1,0.473808287210705,-0.949848488905339,0,0.0801892047333897,1,6,21,5.99354992883605,5.99354992883605,2.9913377769603,5.99354992883605,5.99354992883605,2.9913377769603,0.474459960721892,0.474459960721892,0.448121842686582,0.48087003688682,0.48087003688682,0.461091315602114
3.67623632482815,3.81900102934603,0,1,1,-0.645134627986318,0.306069196453911,0,0.0801892047333897,1,6,21,4.20304798494345,4.20304798494345,2.0093696319255,4.20304798494345,4.20304798494345,2.0093696319255,0.535178711498735,0.535178711498735,0.48611684497993,0.526359399571823,0.526359399571823,0.489604320719084
-1.19013552734738,-1.64618700772175,1,1,1,-0.495687413223328,-0.809833206401734,0,-2.39074945635898,1,5,22,-1.76106117373825,-1.76106117373825,-4.51689099592916,-1.76106117373825,-1.76106117373825,-4.51689099592916,0.755093937742071,0.755093937742071,0.732743909037238,0.699903985818592,0.699903985818592,0.680888889897477
-0.511539736558762,-1.40867864448996,1,1,0,0.878811861700592,-1.30739400359361,0,-2.39074945635898,1,5,22,-2.2654532432732,1.54382583735933,-2.2654532432732,-2.2654532432732,1.54382583735933,-2.2654532432732,0.691656498302776,0.764284997489463,0.691656498302776,0.647082888716347,0.707876033068527,0.647082888716347
-2.1935580894445,-1.95529853759665,0,1,0,1.08555023691491,-1.7231189197936,0,-2.39074945635898,1,5,22,-2.26770140904456,2.80143740270612,-2.26770140904456,-2.26770140904456,2.80143740270612,-2.26770140904456,0.638459408866588,0.755746942853219,0.638459408866588,0.604978270120707,0.700467283321445,0.604978270120707
5.56553841981503,1.88510917582656,1,0,1,0.694242500324458,-0.712799405695436,1,-2.39074945635898,1,5,22,3.56808562463247,3.56808562463247,-2.03999736812729,3.56808562463247,3.56808562463247,-2.03999736812729,0.851880239399341,0.851880239399341,0.73823161207651,0.789987847667743,0.789987847667743,0.685512147167488
-4.51852153454979,-4.84547365663679,1,0,0,-1.43540547185187,0.0986811106114163,1,-2.39074945635898,1,5,22,-5.4878127961731,-0.378074834581597,-5.4878127961731,-5.4878127961731,-0.378074834581597,-5.4878127961731,0.756218205989224,0.931970833523037,0.756218205989224,0.700874094602532,0.882122062111627,0.700874094602532
3.48648546183939,1.86804868076754,1,1,1,-1.18818214929737,-0.413328850146498,0,0.50468120157215,1,6,23,2.22644447440188,2.22644447440188,-0.0443962639615453,2.22644447440188,2.22644447440188,-0.0443962639615453,0.597777825198262,0.597777825198262,0.432761294484917,0.573661894795424,0.573661894795424,0.449511219770019
5.66801151301008,4.47519554775337,0,1,1,0.966449390006268,-0.297933697379039,0,0.50468120157215,1,6,23,6.56902645544713,6.56902645544713,4.38026196741319,6.56902645544713,6.56902645544713,4.38026196741319,0.546354485354925,0.546354485354925,0.436572978132164,0.534753764788541,0.534753764788541,0.452388723100372
10.1787448335288,7.54498240797952,1,1,1,0.564700388373551,-0.843812166408845,1,0.50468120157215,1,6,23,8.84290446729754,8.84290446729754,3.03088549511795,8.84290446729754,8.84290446729754,3.03088549511795,0.562172795933097,0.562172795933097,0.407837107687605,0.546665034540304,0.546665034540304,0.430616678544015
10.5110565462846,8.86006010324357,1,1,1,1.19724728158048,0.148583777117927,1,0.50468120157215,1,6,23,10.4104523638812,10.4104523638812,5.28837522505857,10.4104523638812,10.4104523638812,5.28837522505857,0.712830837316939,0.712830837316939,0.439675274062983,0.664337417196958,0.664337417196958,0.454728690860698
2.30477700841859,-2.98246272294264,0,0,0,-1.23814264891702,-0.373667249900161,0,0.50468120157215,1,6,23,-0.104655662954503,2.13497155069345,-0.104655662954503,-0.104655662954503,2.13497155069345,-0.104655662954503,0.434210005203176,0.612888748345139,0.434210005203176,0.450605205455337,0.585224475529566,0.450605205455337
2.30049690797683,0.195292913184344,0,1,0,0.299167246654476,-1.93131886765828,1,0.50468120157215,1,6,23,1.41231251043037,10.2423050790032,1.41231251043037,1.41231251043037,10.2423050790032,1.41231251043037,0.279738083813026,0.394465851807693,0.279738083813026,0.329525407025913,0.420412296475955,0.329525407025913
4.76631952686104,8.0610874954702,1,1,0,1.98545456157988,-0.769455680343399,0,-0.0193757757007303,1,4,24,6.20107802213235,8.89314006614507,6.20107802213235,6.20107802213235,8.89314006614507,6.20107802213235,0.474357623506253,0.855216766479482,0.474357623506253,0.480793319900983,0.793404048727854,0.480793319900983
3.33552371974759,6.09514937643195,0,1,0,0.585907481858059,0.128855615416282,0,-0.0193757757007303,1,4,24,4.3002951584484,6.4168989280727,4.3002951584484,4.3002951584484,6.4168989280727,4.3002951584484,0.501502926691897,0.541924558613416,0.501502926691897,0.501125247484903,0.531424566182087,0.501125247484903
16.5586414451069,17.9731286365051,0,1,1,1.65335523949603,2.50286453401534,0,-0.0193757757007303,1,4,24,17.1735304679552,17.1735304679552,8.80919959232339,17.1735304679552,17.1735304679552,8.80919959232339,0.529146784249749,0.529146784249749,0.235111068118773,0.521834237474576,0.521834237474576,0.291596765502214
3.42475698619638,5.52303458976553,0,1,0,1.02104728265217,-1.90565598038414,1,-0.0193757757007303,1,4,24,3.13606316423619,11.86758787981,3.13606316423619,3.13606316423619,11.86758787981,3.13606316423619,0.336749362124818,0.571442761545628,0.336749362124818,0.375593955715194,0.553665830575697,0.375593955715194
7.97418597227402,10.7429325895021,1,1,1,1.5866600159989,-0.73354614883668,1,-1.16157332441191,1,6,25,9.72861124764892,9.72861124764892,4.09052129517579,9.72861124764892,9.72861124764892,4.09052129517579,0.894317826532061,0.894317826532061,0.609951183303492,0.835767802269877,0.835767802269877,0.582970860889737
0.33185303157468,1.6431492598759,0,1,0,-1.24756308917235,1.03510310952182,0,-1.16157332441191,1,6,25,0.190724343191802,3.36216279053355,0.190724343191802,0.190724343191802,3.36216279053355,0.190724343191802,0.585696882592745,0.747527543449092,0.585696882592745,0.5644670164784,0.693410203441677,0.5644670164784
0.127523808530501,5.46215880112596,1,1,0,-0.121538442224131,-0.382502859974576,0,-1.16157332441191,1,6,25,1.02516766759183,3.27147610548056,1.02516766759183,1.02516766759183,3.27147610548056,1.02516766759183,0.627449782179493,0.629083627501167,0.627449782179493,0.596441364900524,0.597705065333968,0.596441364900524
-2.64347056473502,0.274492887085165,1,0,0,-1.65189980600201,-0.702838548422842,0,-1.16157332441191,1,6,25,-2.3558907484122,0.238091276736926,-2.3558907484122,-2.3558907484122,0.238091276736926,-2.3558907484122,0.611935664543397,0.853296677446895,0.611935664543397,0.584492972564622,0.791434799904168,0.584492972564622
1.03928514165469,1.52777590715612,1,1,0,-0.225587641808345,-0.0656586485449846,0,-1.16157332441191,1,6,25,1.133913479853,3.23822453798175,1.133913479853,1.133913479853,3.23822453798175,1.133913479853,0.633716662698259,0.639295176431896,0.633716662698259,0.60129445222106,0.605628452723836,0.60129445222106
-0.419242335063228,3.22489596336161,0,1,0,-0.702881662373776,-0.386488532483487,0,-1.16157332441191,1,6,25,-0.14150444521637,2.10786894052487,-0.14150444521637,-0.14150444521637,2.10786894052487,-0.14150444521637,0.627314054511562,0.680274880243643,0.627314054511562,0.596336434431164,0.63793728233223,0.596336434431164
3.28258547058989,3.47653887539805,0,0,1,-0.406491909154975,-1.95016287989478,0,1.53854080338163,1,6,26,3.77288075624458,3.77288075624458,-2.13025450187491,3.77288075624458,3.77288075624458,-2.13025450187491,0.201733509537957,0.201733509537957,0.189235460626222,0.261739723482366,0.261739723482366,0.250148914644115
6.81295431672117,5.98760939875331,1,0,1,0.696143604950585,-0.515921711610732,1,1.53854080338163,1,6,26,6.8754329071316,6.8754329071316,1.50925769462025,6.8754329071316,6.8754329071316,1.50925769462025,0.481078442042408,0.481078442042408,0.314667395584,0.485830075021428,0.485830075021428,0.358009004440201
1.0200007154062,-1.02943165183375,0,1,0,-1.1793067781356,1.25659083379936,0,1.53854080338163,1,6,26,-0.46913052614203,3.20988999744655,-0.46913052614203,-0.46913052614203,3.20988999744655,-0.46913052614203,0.263373785232405,0.408991488627491,0.263373785232405,0.315843292426,0.431495213697009,0.315843292426
-1.16869397741526,-1.9502271863549,0,0,0,-1.51759912755031,0.678687106069477,0,1.53854080338163,1,6,26,-1.72361895270132,0.83699723524364,-1.72361895270132,-1.72361895270132,0.83699723524364,-1.72361895270132,0.306748560296319,0.568085515686098,0.306748560296319,0.351628651110182,0.551128429218265,0.351628651110182
3.88884274197698,5.14461851377643,0,0,1,1.0666436816055,0.0936751379828379,0,1.53854080338163,1,6,26,4.96862972899976,4.96862972899976,2.85985469752365,4.96862972899976,4.96862972899976,2.85985469752365,0.452418502063089,0.452418502063089,0.325310499928395,0.464323641224265,0.464323641224265,0.366520857147951
2.07354486441376,0.504963193629288,1,0,1,-0.852285188194153,-0.362710071568588,0,1.53854080338163,1,6,26,0.797170344390213,0.797170344390213,-1.43438825162708,0.797170344390213,0.797170344390213,-1.43438825162708,0.399267236259113,0.399267236259113,0.320211227910616,0.42408272221688,0.42408272221688,0.362451476469083
12.5969091432781,9.83316164027432,1,0,1,1.16624874595233,-0.920511059582045,1,0.251051522584186,1,5,27,10.2963001761436,10.2963001761436,4.34895956533078,10.2963001761436,10.2963001761436,4.34895956533078,0.698020999528057,0.698020999528057,0.430793954298904,0.652234898884877,0.652234898884877,0.448024926379195
7.94763263654697,9.66986613625038,0,0,1,1.13462301041187,0.708489688951483,0,0.251051522584186,1,5,27,8.51666648213396,8.51666648213396,5.91470884278339,8.51666648213396,8.51666648213396,5.91470884278339,0.597411084963257,0.597411084963257,0.446865202830913,0.573382160059489,0.573382160059489,0.46014544280235
11.6237826296088,13.3833720703445,0,0,1,0.359590468036869,2.14947115800868,0,0.251051522584186,1,5,27,12.5258514862018,12.5258514862018,5.80562522709058,12.5258514862018,12.5258514862018,5.80562522709058,0.28232275428865,0.28232275428865,0.270000340099494,0.331665163447645,0.331665163447645,0.321412607119009
5.6820692055878,6.23584686678722,1,0,1,0.0647059627467802,-0.666341232208493,0,0.251051522584186,1,5,27,4.94405446403436,4.94405446403436,2.40004382629323,4.94405446403436,4.94405446403436,2.40004382629323,0.45006226734941,0.45006226734941,0.449572865385828,0.462551405770213,0.462551405770213,0.462183203363318
9.26322883021623,8.01613743133455,1,0,1,1.19432592158972,-1.71179838129744,0,0.251051522584186,1,5,27,8.64408029310268,8.64408029310268,3.61382659489016,8.64408029310268,8.64408029310268,3.61382659489016,0.500384922727737,0.500384922727737,0.337818655421021,0.50028819032352,0.50028819032352,0.376438355504466
2.33214790528266,1.03038327120812,0,0,0,0.658181185281079,-0.825410254453259,0,0.636475868912687,1,4,28,3.08585058440074,5.86715267255733,3.08585058440074,3.08585058440074,5.86715267255733,3.08585058440074,0.394260251026031,0.444069477589133,0.394260251026031,0.420254961393629,0.458040212777496,0.420254961393629
0.126331168062015,0.181147033351179,0,0,0,-1.2594259514468,-0.503191620290077,0,0.636475868912687,1,4,28,-0.427145054891829,1.92605675183832,-0.427145054891829,-0.427145054891829,1.92605675183832,-0.427145054891829,0.413757326936115,0.598873355355494,0.413757326936115,0.435118422510301,0.57449775908114,0.435118422510301
1.39431652941379,2.93285595968541,0,0,0,-0.434384023740195,0.483708004748541,0,0.636475868912687,1,4,28,2.20983842555999,4.54381185941781,2.20983842555999,2.20983842555999,4.54381185941781,2.20983842555999,0.414639596996577,0.436434832889346,0.414639596996577,0.435788510917047,0.452284483286318,0.435788510917047
5.29415781404734,6.98302580335689,0,0,0,0.583300967200713,0.851805826765067,0,0.636475868912687,1,4,28,4.61330622945833,7.43887939596925,4.61330622945833,4.61330622945833,7.43887939596925,4.61330622945833,0.392261116577735,0.431202161158372,0.392261116577735,0.418724416096585,0.448333384207432,0.418724416096585
1.70900427725982,1.7258099558315,1,1,0,-0.60759390321125,0.366234437514474,0,0.00929213004581382,0,4,29,1.78472584989671,4.01885351311825,1.78472584989671,1.78472584989671,4.01885351311825,1.78472584989671,0.608905920850008,0.649665387099939,0.608905920850008,0.582169673301821,0.613722547702774,0.582169673301821
2.5415487843882,4.10542722857239,1,1,0,0.467579812036067,0.0029370894454975,1,0.00929213004581382,0,4,29,3.93507328039135,9.03508190688576,3.93507328039135,3.93507328039135,9.03508190688576,3.93507328039135,0.614934784984838,0.740239902745796,0.614934784984838,0.586795904035155,0.687211233399517,0.586795904035155
-1.29966638708708,-0.38803021775454,1,0,0,-1.72702844101366,-0.326954936393415,0,0.00929213004581382,0,4,29,-0.454143225708101,1.75275630472392,-0.454143225708101,-0.454143225708101,1.75275630472392,-0.454143225708101,0.610132499500524,0.867156584944814,0.610132499500524,0.583109876135141,0.805861241132965,0.583109876135141
3.63289843810237,5.15139811501917,0,1,0,0.532726498848437,0.864359141765653,0,0.00929213004581382,0,4,29,4.06536665401608,6.91248337996994,4.06536665401608,4.06536665401608,6.91248337996994,4.06536665401608,0.580970410079856,0.613247271556245,0.580970410079856,0.560880172443436,0.585499727929902,0.560880172443436
3.4652302162193,3.61835252992111,1,1,1,-0.158019047589291,-0.897113085358352,0,0.240913730104169,1,4,30,4.63362128203154,4.63362128203154,1.72880939411036,4.63362128203154,4.63362128203154,1.72880939411036,0.436842439214093,0.436842439214093,0.433942307157225,0.452592039257572,0.452592039257572,0.450403085687347
4.84182014526408,1.76368848340137,1,1,1,-0.675536374611415,-1.38256072273803,0,0.240913730104169,1,4,30,4.21980125474433,4.21980125474433,0.208327102686438,4.21980125474433,4.21980125474433,0.208327102686438,0.435531164842481,0.435531164842481,0.383407953619293,0.45160251706323,0.45160251706323,0.411930165127378
8.08218707848487,9.08547244213252,1,1,1,1.64340914709911,0.694843686794885,0,0.240913730104169,1,4,30,9.5064303047191,9.5064303047191,6.92362255564039,9.5064303047191,9.5064303047191,6.92362255564039,0.745479022557798,0.745479022557798,0.448944011203958,0.691662322503026,0.691662322503026,0.461710032093822
13.7905464449574,11.4166466362741,1,1,1,0.684326699346998,1.81950579813402,1,0.240913730104169,1,4,30,14.5407211209186,14.5407211209186,6.13011977147531,14.5407211209186,14.5407211209186,6.13011977147531,0.488571302714744,0.488571302714744,0.322906727711085,0.491442553842399,0.491442553842399,0.364604539906403
9.42481310826919,7.9229407828091,1,1,1,1.69310947154543,-0.414724362161212,0,0.661923048970273,0,6,31,8.22007311690278,8.22007311690278,5.94807682033276,8.22007311690278,8.22007311690278,5.94807682033276,0.816324440168161,0.816324440168161,0.531740153923759,0.755089681234354,0.755089681234354,0.523779374864394
3.0931830958604,-0.265219774938283,0,1,0,0.045947407296923,0.742342390983388,1,0.661923048970273,0,6,31,2.65375269183574,8.30482491728668,2.65375269183574,2.65375269183574,8.30482491728668,2.65375269183574,0.513881691701941,0.629297741194456,0.513881691701941,0.510394576451423,0.597870752032209,0.510394576451423
2.78435164416869,0.072323209618079,0,1,1,-0.742453069584718,-0.503139762560544,0,0.661923048970273,0,6,31,3.43010135874194,3.43010135874194,1.07695173807246,3.43010135874194,3.43010135874194,1.07695173807246,0.591999001191318,0.591999001191318,0.527921998717416,0.569258563689096,0.569258563689096,0.520915796351405
4.82103082088938,5.12208963660024,1,1,0,1.28505114159611,0.531460752194332,0,0.661923048970273,0,6,31,5.13196016043412,7.51441069155709,5.13196016043412,5.13196016043412,7.51441069155709,5.13196016043412,0.526542643127256,0.708577821351348,0.526542643127256,0.519881590950112,0.660844847058176,0.519881590950112
10.716990404658,9.12411862596603,1,1,1,1.21191276014284,0.60075370114355,1,0.661923048970273,0,6,31,10.4465884069653,10.4465884069653,4.98568339752758,10.4465884069653,10.4465884069653,4.98568339752758,0.779722684311439,0.779722684311439,0.522847513073948,0.721490753637836,0.721490753637836,0.517111774799901
2.35480453340401,3.70726642188622,0,0,1,-0.344966706694982,-0.00372389114580671,0,0.661923048970273,0,6,31,3.9719383312172,3.9719383312172,1.87192446385193,3.9719383312172,3.9719383312172,1.87192446385193,0.553746379952113,0.553746379952113,0.539819491627853,0.540314976954789,0.540314976954789,0.529843409803032
4.42799814344107,5.24261519140248,1,1,1,-1.74577502977294,0.521867657523663,1,-0.663126985872936,1,4,32,4.9629260505541,4.9629260505541,-0.409419801415137,4.9629260505541,4.9629260505541,-0.409419801415137,0.900522600624942,0.900522600624942,0.565053547844367,0.842960309984177,0.842960309984177,0.548838820341816
5.0814789282702,5.52166622022128,0,1,1,-0.184476767460367,-1.91486742867805,0,-0.663126985872936,1,4,32,6.04315890642037,6.04315890642037,0.276441637008294,6.04315890642037,6.04315890642037,0.276441637008294,0.410118462934906,0.410118462934906,0.406231139108169,0.432352539296634,0.432352539296634,0.429393848972523
6.13164472955041,5.35568803814072,1,0,1,0.247543024990093,0.378205776385464,0,-0.663126985872936,1,4,32,5.67659403626406,5.67659403626406,3.43355442697273,5.67659403626406,5.67659403626406,3.43355442697273,0.578128761611948,0.578128761611948,0.571050140331639,0.558726306818488,0.558726306818488,0.553368967408727
8.02931576375667,9.83320245151882,1,0,1,0.1273629127689,-1.59409606173911,1,-0.663126985872936,1,4,32,8.86203461845791,8.86203461845791,1.22089236440576,8.86203461845791,8.86203461845791,1.22089236440576,0.577633311747085,0.577633311747085,0.458391046821676,0.558350967950461,0.558350967950461,0.468812517993158
0.84089309745509,0.1441227946942,0,0,0,-0.144235757856295,-0.617303990662206,0,1.06255827597531,1,5,33,0.965194403781587,3.44625862066907,0.965194403781587,0.965194403781587,3.44625862066907,0.965194403781587,0.360241057038856,0.362516126169776,0.360241057038856,0.394010624535911,0.395780250458272,0.394010624535911
3.49043101239376,3.88334216190453,1,1,1,0.530424624669708,-0.408280501339341,0,1.06255827597531,1,5,33,4.79023162593036,4.79023162593036,2.52353865815646,4.79023162593036,4.79023162593036,2.52353865815646,0.401184824100077,0.401184824100077,0.369655839373959,0.425546632553129,0.425546632553129,0.401319229236349
2.26330117891174,3.53829526656854,0,1,1,0.187398447015614,-0.41703327363449,0,1.06255827597531,1,5,33,4.10265028187142,4.10265028187142,1.82873353055312,4.10265028187142,4.10265028187142,1.82873353055312,0.373219447043518,0.373219447043518,0.369336993865652,0.40407593492432,0.40407593492432,0.401072326933156
1.01632051591669,0.168615279356813,0,0,0,0.688185834628527,-2.1063700800619,0,1.06255827597531,1,5,33,1.14097149935154,7.67776641353151,1.14097149935154,1.14097149935154,7.67776641353151,1.14097149935154,0.206202788956768,0.245831170445293,0.206202788956768,0.265826085070655,0.300893239926291,0.265826085070655
-0.0683803443911151,3.59654065320307,0,0,1,-0.443753407171958,0.281968010173334,0,1.06255827597531,1,5,33,3.44493706474691,3.44493706474691,1.2654311059858,3.44493706474691,3.44493706474691,1.2654311059858,0.395566329089017,0.395566329089017,0.373512627240019,0.421254200859362,0.421254200859362,0.40430250378671
1.68088610499775,2.03025258954108,0,1,0,-0.115931044569257,-0.414951582510476,1,0.714704393942312,1,5,34,1.84238395763056,7.11456877345851,1.84238395763056,1.84238395763056,7.11456877345851,1.84238395763056,0.40851224441495,0.527103471840351,0.40851224441495,0.431130532139674,0.52030206789549,0.431130532139674
0.495286799878058,-0.454328526946634,1,1,0,-0.644884616382019,-1.01556958553323,0,0.714704393942312,1,5,34,0.183858810982286,3.31524039404242,0.183858810982286,0.183858810982286,3.31524039404242,0.183858810982286,0.36987421399874,0.4167850360085,0.36987421399874,0.401488306423658,0.437417157420547,0.401488306423658
4.10105466169992,3.57052806591691,0,1,1,-1.10718864852167,-0.292945922527933,1,0.714704393942312,1,5,34,5.16769172323403,5.16769172323403,-0.018125590291713,5.16769172323403,5.16769172323403,-0.018125590291713,0.667856912524755,0.667856912524755,0.412464963949967,0.628050711511081,0.628050711511081,0.434136503109914
0.631558570212403,2.84903579003413,1,1,0,-0.683154074127317,-0.712181404507886,0,0.714704393942312,1,5,34,0.410708076517033,3.01791042944386,0.410708076517033,0.410708076517033,3.01791042944386,0.410708076517033,0.39329024031378,0.446975972413397,0.39329024031378,0.419512480294859,0.460228828825373,0.419512480294859
5.81089303195968,5.02259419901051,1,1,1,0.58799374166563,-0.133779230237768,0,0.714704393942312,1,5,34,5.64930276481605,5.64930276481605,3.53140588237304,5.64930276481605,5.64930276481605,3.53140588237304,0.455719450168202,0.455719450168202,0.415581029596596,0.466805155546947,0.466805155546947,0.436503314428497
3.38151130337705,5.25756565212004,1,0,1,-1.57800051885044,-0.714035893667191,0,0.504789571392964,1,4,35,1.48499781468994,1.48499781468994,-1.12484944275516,1.48499781468994,1.48499781468994,-1.12484944275516,0.699143880219037,0.699143880219037,0.41708984218355,0.653146816115898,0.653146816115898,0.43764844849969
-4.00294045099991,2.99998552111771,1,0,0,-1.9124458040424,-0.20702211823104,0,0.504789571392964,1,4,35,-1.28672623770294,0.856131919733931,-1.28672623770294,-1.28672623770294,0.856131919733931,-1.28672623770294,0.438695441234426,0.816296841011797,0.438695441234426,0.453989820957332,0.755063545582132,0.453989820957332
6.40249471873133,8.65127205307334,1,0,1,0.770879186660512,-0.158356572918288,0,0.504789571392964,1,4,35,6.25366609320207,6.25366609320207,4.12858928901564,6.25366609320207,6.25366609320207,4.12858928901564,0.509373985489865,0.509373985489865,0.439523019519302,0.507018744736577,0.507018744736577,0.454613890351946
2.80641561268422,6.09488561590905,1,0,1,-1.0521257487037,-1.47359336719492,0,0.504789571392964,1,4,35,3.43882003585144,3.43882003585144,-0.832657375989405,3.43882003585144,3.43882003585144,-0.832657375989405,0.468596880017603,0.468596880017603,0.343121068509416,0.476473441881906,0.476473441881906,0.380616549089233
2.3631198674829,0.35133170591695,0,1,0,-0.387570496788264,1.02760199207668,0,-0.385847402440558,1,6,36,3.10358278053003,6.25954863465,3.10358278053003,3.10358278053003,6.25954863465,3.10358278053003,0.495687699976823,0.513412755264613,0.495687699976823,0.49677131599526,0.510043355535898,0.49677131599526
3.56497669264596,2.51507725860374,1,0,0,0.086581395591891,1.20698018174042,1,-0.385847402440558,1,6,36,4.23126475495407,10.7880659140682,4.23126475495407,4.23126475495407,10.7880659140682,4.23126475495407,0.476780521565078,0.594574308139916,0.476780521565078,0.482609441664972,0.57121970800429,0.482609441664972
10.3242773296472,10.4442113642953,1,1,1,1.90631593272482,0.896477494207769,0,-0.385847402440558,1,6,36,10.4639030393083,10.4639030393083,7.56023114168728,10.4639030393083,10.4639030393083,7.56023114168728,0.853639966171344,0.853639966171344,0.507597557617736,0.791786215440707,0.791786215440707,0.505688538976324
8.4121078947444,5.57722841178864,1,1,1,1.42315957565136,0.24309360973459,0,-0.385847402440558,1,6,36,8.09962904616098,8.09962904616098,5.94053454306719,8.09962904616098,8.09962904616098,5.94053454306719,0.756283321243103,0.756283321243103,0.542649876690636,0.700930323515476,0.700930323515476,0.531969490123466
6.62668480990878,3.73542627934946,1,1,1,-0.261141279393131,0.560378231358829,0,-0.385847402440558,1,6,36,5.30324121678329,5.30324121678329,2.88921745460244,5.30324121678329,5.30324121678329,2.88921745460244,0.538688583584919,0.538688583584919,0.53067712842304,0.528994176096134,0.528994176096134,0.522981988826972
5.11158674233757,4.16020965498052,1,0,1,-0.711986733412497,-1.67313977154703,0,-0.385847402440558,1,6,36,4.6534052387903,4.6534052387903,-0.245991456342148,4.6534052387903,4.6534052387903,-0.245991456342148,0.47323497481254,0.47323497481254,0.414198355251982,0.479951675914118,0.479951675914118,0.435453410645777
0.0211589285455456,0.624884605897614,1,1,1,-1.21005156356318,-0.933741145935023,0,-0.993865106819741,1,4,37,1.63026040399685,1.63026040399685,-1.3416121236152,1.63026040399685,1.63026040399685,-1.3416121236152,0.730957621954657,0.730957621954657,0.575582365153731,0.679390018667811,0.679390018667811,0.556797826529058
4.34063304070317,3.58536345854914,1,1,1,-0.263267102223501,-1.06002619327763,0,-0.993865106819741,1,4,37,3.64932728215621,3.64932728215621,0.425671751721553,3.64932728215621,3.64932728215621,0.425671751721553,0.571952928520435,0.571952928520435,0.563916913727559,0.554051619433542,0.554051619433542,0.547980942268266
7.84093396350125,7.97053342360019,1,1,1,0.234234415418578,-0.621704696305794,1,-0.993865106819741,1,4,37,7.34551301338622,7.34551301338622,1.85899628397755,7.34551301338622,7.34551301338622,1.85899628397755,0.710312362028923,0.710312362028923,0.597834579943674,0.662267541722932,0.662267541722932,0.573705188592503
8.09520162600733,8.27354063782144,1,0,1,0.527539702418604,-0.00501856582298775,1,-0.993865106819741,1,4,37,8.16231817446332,8.16231817446332,3.0622929884604,8.16231817446332,8.16231817446332,3.0622929884604,0.745967932976019,0.745967932976019,0.615287822557451,0.692079093023131,0.692079093023131,0.587067198934415
1.89332483267765,4.52868591282346,0,0,0,0.100433103807798,-1.00343442800118,0,-0.266107130584836,1,5,38,2.12661877466632,5.23349942596438,2.12661877466632,2.12661877466632,5.23349942596438,2.12661877466632,0.483878166456521,0.485067540344149,0.483878166456521,0.48792748361641,0.48881838711479,0.48792748361641
2.63597448248858,4.36682740277897,0,0,0,-0.730314126379726,0.979892578562096,0,-0.266107130584836,1,5,38,2.44845132085455,5.50864078637562,2.44845132085455,2.44845132085455,5.50864078637562,2.44845132085455,0.486080507954593,0.548876200731233,0.486080507954593,0.489577104888579,0.536650061369235,0.489577104888579
3.0796601361432,3.44087544191662,1,0,0,0.11504992296703,0.0173547026215618,0,-0.266107130584836,1,5,38,3.17664154360753,5.27694272931061,3.17664154360753,3.17664154360753,5.27694272931061,3.17664154360753,0.531353123806553,0.532909179023422,0.531353123806553,0.52348904788777,0.524656392151432,0.52348904788777
0.609636975032365,4.85162056710893,1,0,1,-1.4313502252191,-0.024959893430564,0,-0.266107130584836,1,5,38,2.14214964746321,2.14214964746321,0.041526651183147,2.14214964746321,2.14214964746321,0.041526651183147,0.749794721447617,0.749794721447617,0.531337988340397,0.695349672718,0.695349672718,0.523477694438218
2.51609161036969,4.18818793301047,0,0,0,0.879378559041913,-1.42181574671278,1,-0.266107130584836,1,5,38,3.26612836642295,10.3876883840234,3.26612836642295,3.26612836642295,10.3876883840234,3.26612836642295,0.436302234017935,0.641483439741664,0.436302234017935,0.452184425226442,0.607332285286927,0.452184425226442
5.20443526748898,5.8721464006569,0,1,1,-0.904968643430849,0.312045610724246,1,0.747319791967899,1,6,39,6.14099391556787,6.14099391556787,0.943621452395605,6.14099391556787,6.14099391556787,0.943621452395605,0.619630870794854,0.619630870794854,0.408204879975128,0.59040833626465,0.59040833626465,0.430896609482314
7.21466190943993,7.09603893889486,1,0,1,0.458395247887812,0.0870800230143268,1,0.747319791967899,1,6,39,8.55296657773118,8.55296657773118,3.44538364732301,8.55296657773118,8.55296657773118,3.44538364732301,0.554061489704458,0.554061489704458,0.412313545656843,0.540552228419825,0.540552228419825,0.434021429055279
3.17272852308065,1.7642963480506,0,1,0,0.186889257975152,-0.0132796251911302,0,0.747319791967899,1,6,39,2.80201201929223,4.90218836773745,2.80201201929223,2.80201201929223,4.90218836773745,2.80201201929223,0.412652990748318,0.416660726372732,0.412652990748318,0.434279390326586,0.437322822954286,0.434279390326586
-1.21856637833912,0.993817379844313,0,0,0,-0.76596440176521,-0.0879569922206332,0,0.747319791967899,1,6,39,0.821627332782003,2.9293637652625,0.821627332782003,0.821627332782003,2.9293637652625,0.821627332782003,0.412306511466494,0.480687397571979,0.412306511466494,0.434016083102977,0.485537092175219,0.434016083102977
4.93735964308518,2.08463489742385,1,1,1,0.591446240556447,-0.287097886394738,0,0.747319791967899,1,6,39,5.51973291962354,5.51973291962354,3.33730772325121,5.51973291962354,5.51973291962354,3.33730772325121,0.449359519183053,0.449359519183053,0.408888017633018,0.46202268098015,0.46202268098015,0.431416482631687
1.28133577160215,1.70322203592632,0,1,1,-0.972220758331668,0.0355612042786157,0,0.747319791967899,1,6,39,2.63389741539808,2.63389741539808,0.532632816148336,2.63389741539808,2.63389741539808,0.532632816148336,0.523280086160904,0.523280086160904,0.412603111033758,0.517435976018429,0.517435976018429,0.434241486134713
3.24348549541786,4.86217248620746,1,1,0,0.690891738812253,-1.60197533523717,0,-0.372319764814731,0,5,40,4.24316147035281,8.90948644506107,4.24316147035281,4.24316147035281,8.90948644506107,4.24316147035281,0.540724803063637,0.595998258939109,0.540724803063637,0.53052334232799,0.572304882310087,0.53052334232799
3.10036158911379,4.69982144283534,1,0,0,0.699588662723144,1.30643440239725,0,-0.372319764814731,0,5,40,4.26055531817459,8.06732616594166,4.26055531817459,4.26055531817459,8.06732616594166,4.26055531817459,0.580711504300949,0.635824023854575,0.580711504300949,0.560683851774284,0.602930093962541,0.560683851774284
4.02703019102178,4.45201788678594,1,1,0,-0.202578546297726,0.624677594724032,0,-0.372319764814731,0,5,40,2.45622090013285,4.94644299748305,2.45622090013285,2.45622090013285,4.94644299748305,2.45622090013285,0.639895122518937,0.644364623695084,0.639895122518937,0.606095370592922,0.60957896599527,0.606095370592922
5.50037338584442,3.64772015568165,0,0,0,0.298233978815293,1.0466927664164,1,-0.372319764814731,0,5,40,3.45784595035889,9.65341169762731,3.45784595035889,3.45784595035889,9.65341169762731,3.45784595035889,0.60857196016937,0.722786545096734,0.60857196016937,0.581913771499382,0.672570054357146,0.581913771499382
1.68200701610781,1.89415655811901,1,1,0,-0.978567652307646,-0.120367215948317,1,-0.372319764814731,0,5,40,0.904242688113012,6.01873095478816,0.904242688113012,0.904242688113012,6.01873095478816,0.904242688113012,0.656145561726607,0.829546607826998,0.656145561726607,0.618806726446581,0.7677696992547,0.618806726446581
3.73496514700176,1.98612895208107,0,1,1,-0.413756197247307,-0.309245436315397,0,0.720944555053778,1,4,41,3.5391138576102,3.5391138576102,1.3434811177283,3.5391138576102,3.5391138576102,1.3434811177283,0.431023886013219,0.431023886013219,0.411300635215534,0.448198676375711,0.448198676375711,0.433251487307425
5.79593900572322,5.57435594399257,0,1,1,-0.874038383400787,-2.2040389190028,0,0.720944555053778,1,4,41,5.48591081921298,5.48591081921298,-1.47187673726607,5.48591081921298,5.48591081921298,-1.47187673726607,0.289100784111681,0.289100784111681,0.22014455691441,0.337250579689319,0.337250579689319,0.278390862745642
3.63800720028389,1.64797067134609,0,1,1,-0.710002414636305,-1.20423556763101,0,0.720944555053778,1,4,41,3.40618185398226,3.40618185398226,-0.144001448365306,3.40618185398226,3.40618185398226,-0.144001448365306,0.406989365424296,0.406989365424296,0.350896983180141,0.429971273830479,0.429971273830479,0.386717689957117
2.05501510364838,1.39363247711166,0,1,1,-0.807714878082589,-0.950169200834464,0,0.720944555053778,1,4,41,2.91746150175307,2.91746150175307,-0.0853600084613326,2.91746150175307,2.91746150175307,-0.0853600084613326,0.449454346260687,0.449454346260687,0.374875185828175,0.462094030012678,0.462094030012678,0.405355039057844
4.50822195130482,2.99881950187684,1,0,1,0.565603480184952,-0.553103623230438,0,-1.14234661448378,1,4,42,4.67907116754754,4.67907116754754,2.2731475495169,4.67907116754754,4.67907116754754,2.2731475495169,0.653289230972071,0.653289230972071,0.6182104133323,0.616563129671355,0.616563129671355,0.589314810699007
1.28264508662709,-0.496027687935094,1,1,1,-0.738642977121602,-0.147045744746006,0,-1.14234661448378,1,4,42,2.19233496443613,2.19233496443613,0.070712513388227,2.19233496443613,2.19233496443613,0.070712513388227,0.688835928967114,0.688835928967114,0.630836500336741,0.644808534663358,0.644808534663358,0.599062035265478
6.1079051897431,4.27103926832936,1,0,1,1.39350788051827,-0.497189752410089,0,-1.14234661448378,1,4,42,6.33206787090549,6.33206787090549,3.98487022100389,6.33206787090549,6.33206787090549,3.98487022100389,0.805204681628532,0.805204681628532,0.620831614279071,0.744664147359201,0.744664147359201,0.591333302034882
2.27408756491669,4.45331841697395,1,0,1,-0.0926040983315517,0.293102495782392,0,-1.14234661448378,1,4,42,3.98884758453059,3.98884758453059,1.80293851149673,3.98884758453059,3.98884758453059,1.80293851149673,0.628944035917019,0.628944035917019,0.627995722748758,0.597597055806979,0.597597055806979,0.596863503805893
5.68240895802894,5.40375396768189,1,1,1,0.396752242634412,-1.06358753079917,0,0.255201743823449,1,5,43,5.8960074600906,5.8960074600906,2.66478902441913,5.8960074600906,5.8960074600906,2.66478902441913,0.435400755035772,0.435400755035772,0.417209299202977,0.45150408867643,0.45150408867643,0.4377390878384
3.65832996768836,3.31017840473075,1,1,0,0.0255247714541093,0.158360684017982,0,0.255201743823449,1,5,43,3.14428229687567,5.26936040311831,3.14428229687567,3.14428229687567,5.26936040311831,3.14428229687567,0.468735503024615,0.468812110582963,0.468735503024615,0.47657742593325,0.476634890138286,0.47657742593325
4.95985093036922,6.80424476599243,0,1,1,-0.497528344675392,-1.00441178287545,1,0.255201743823449,1,5,43,7.04424662730228,7.04424662730228,0.935403597723236,7.04424662730228,7.04424662730228,0.935403597723236,0.569067903966272,0.569067903966272,0.422845587821666,0.551870677376464,0.551870677376464,0.44201177215957
3.23222192932972,3.03237354936669,1,1,0,0.132440491367301,-0.0047137774291264,1,0.255201743823449,1,5,43,3.19503927525495,8.2950614949526,3.19503927525495,3.19503927525495,8.2950614949526,3.19503927525495,0.469914123821643,0.589057908290711,0.469914123821643,0.477461464947195,0.567021110037622,0.477461464947195
7.0460070547475,7.06859090032522,1,1,1,0.961966302964322,0.70150141171971,0,0.255201743823449,1,5,43,8.15241031824257,8.15241031824257,5.56030608759782,8.15241031824257,8.15241031824257,5.56030608759782,0.555643814543142,0.555643814543142,0.446840818240043,0.541743826589752,0.541743826589752,0.460127086117098
8.10979440342788,7.48602489153484,1,1,1,0.361771597355797,-0.317848971814018,1,0.565685668407787,0,6,44,8.60457088815286,8.60457088815286,3.40354291926963,8.60457088815286,8.60457088815286,3.40354291926963,0.672887001569539,0.672887001569539,0.546362177968189,0.632044429003703,0.632044429003703,0.534759548203409
3.23537066880842,6.10401160411068,1,1,0,1.2570738382124,1.3219914896992,0,0.565685668407787,0,6,44,5.19414740098283,9.04180889981993,5.19414740098283,5.19414740098283,9.04180889981993,5.19414740098283,0.46879226280427,0.650663766653777,0.46879226280427,0.476620002143504,0.614504489620975,0.476620002143504
0.822940241666312,0.768598775031887,0,0,0,-1.24818889206044,-2.04786158148498,0,0.565685668407787,0,6,44,0.183621940437151,6.4773589973593,0.183621940437151,0.183621940437151,6.4773589973593,0.183621940437151,0.357167110986,0.537087840420375,0.357167110986,0.391615917609357,0.52779237296676,0.391615917609357
3.45534185849193,6.62484471084923,1,1,0,0.949198985639504,0.774364737392125,0,0.565685668407787,0,6,44,4.57839769583704,7.27803844235342,4.57839769583704,4.57839769583704,7.27803844235342,4.57839769583704,0.522935038677539,0.626606618237437,0.522935038677539,0.517177371746224,0.595789637626771,0.517177371746224
-1.27928533901914,0.906513901172614,1,1,1,-1.94555420237927,-0.0809444494282501,0,0.565685668407787,0,6,44,0.895443323692734,0.895443323692734,-1.21110868020051,0.895443323692734,0.895443323692734,-1.21110868020051,0.882389769683638,0.882389769683638,0.550782168261524,0.822339142985473,0.822339142985473,0.538083921969508
-1.9569014094777,-1.28655798166381,1,1,0,-1.92635249005531,0.145985772362922,0,0.565685668407787,0,6,44,-1.17270525555259,0.948606590179806,-1.17270525555259,-1.17270525555259,0.948606590179806,-1.17270525555259,0.550092125620967,0.878275471350841,0.550092125620967,0.537564741404584,0.81781873374816,0.537564741404584
6.88769077431801,5.60523985908845,1,0,1,-0.361857760469371,1.09357203489088,0,1.16096896445395,1,6,45,5.31790737302225,5.31790737302225,2.02200757752687,5.31790737302225,5.31790737302225,2.02200757752687,0.328828702752669,0.328828702752669,0.315250046516121,0.369319420251202,0.369319420251202,0.358476824337243
2.11441104509707,3.17964876638057,0,0,1,-0.655295371892611,-0.757206340453248,0,1.16096896445395,1,6,45,2.25771542135886,2.25771542135886,-0.415646020663736,2.25771542135886,2.25771542135886,-0.415646020663736,0.388410413273623,0.388410413273623,0.341312865112408,0.415772561587137,0.415772561587137,0.379193387244072
5.84619922201555,5.97980076219213,1,1,1,-0.00165778787088457,0.327089857947244,1,1.16096896445395,1,6,45,7.18291312095216,7.18291312095216,1.97592534578021,7.18291312095216,7.18291312095216,1.97592534578021,0.475969281535201,0.475969281535201,0.361467299064719,0.482001409636135,0.482001409636135,0.394964721990063
3.43203115690675,6.29077749044076,1,1,1,-1.26267540934879,-0.342409425230834,1,1.16096896445395,1,6,45,4.00163503413322,4.00163503413322,-1.21560918035369,4.00163503413322,4.00163503413322,-1.21560918035369,0.658278425882582,0.658278425882582,0.361018720265534,0.620484782747148,0.620484782747148,0.394615775588919
4.94303221306123,5.67914616437762,0,0,1,-1.06197679492711,0.790569965479428,0,1.16096896445395,1,6,45,3.04376830951809,3.04376830951809,0.318767439199944,3.04376830951809,3.04376830951809,0.318767439199944,0.466626421185092,0.466626421185092,0.339113084406025,0.474995166609558,0.474995166609558,0.377459715049685
3.38160479675548,6.00015225732255,1,0,0,0.780070839922767,1.03710783522706,0,1.16096896445395,1,6,45,4.24940057864733,7.4249932405367,4.24940057864733,4.24940057864733,7.4249932405367,4.24940057864733,0.3202069065059,0.385963169900571,0.3202069065059,0.362448021101513,0.413893931354122,0.362448021101513
1.82672650885731,5.65631560977181,0,1,1,0.275320058569931,0.244344032340885,0,-1.45761442044838,0,5,46,3.5857043245814,3.5857043245814,1.4260003184408,3.5857043245814,3.5857043245814,1.4260003184408,0.766878835320554,0.766878835320554,0.760329033311285,0.710143320554389,0.710143320554389,0.704433105245738
-1.19060171918091,2.03294283200544,1,0,0,0.286380588200492,-0.256523483056708,0,-1.45761442044838,0,5,46,1.44812137770192,3.61392567506146,1.44812137770192,1.44812137770192,3.61392567506146,1.44812137770192,0.760116188053917,0.767201661979695,0.760116188053917,0.704248368332351,0.710426059626889,0.704248368332351
5.22958693422203,6.51218358410467,1,0,1,-0.0749307188408958,-1.47394470996328,0,-1.45761442044838,0,5,46,4.99801177164786,4.99801177164786,0.725498763619141,4.99801177164786,4.99801177164786,0.725498763619141,0.680105101905589,0.680105101905589,0.67952449432084,0.637801486576841,0.637801486576841,0.637337227832039
-0.997279794051794,2.51334460447119,1,0,0,-0.899406907730901,0.425245966252396,0,-1.45761442044838,0,5,46,-0.92345361416087,1.35738051765306,-0.92345361416087,-0.92345361416087,1.35738051765306,-0.92345361416087,0.756079430056691,0.820501297869316,0.756079430056691,0.700754273028256,0.759060582678662,0.700754273028256
0.39494587808908,1.29008898397986,1,1,0,-0.0520754616241675,-1.17073951294632,1,-1.45761442044838,0,5,46,0.771209278052598,7.24184028522639,0.771209278052598,0.771209278052598,7.24184028522639,0.771209278052598,0.711803354456066,0.799618968382906,0.711803354456066,0.663492349691749,0.739502767258431,0.663492349691749
2.7463668288361,1.43970834612015,0,0,0,-1.19309639933669,-0.0943467995762603,1,-0.952696512617152,0,6,47,-0.293823443826254,4.81507787476403,-0.293823443826254,-0.293823443826254,4.81507787476403,-0.293823443826254,0.715674441104362,0.890038725312838,0.715674441104362,0.666680572962306,0.830892579684399,0.666680572962306
1.32003951155068,3.42511452480567,1,1,0,0.0527253869933764,-0.575571994419235,0,-0.952696512617152,0,6,47,2.19782012883387,4.62910324959361,2.19782012883387,2.19782012883387,4.62910324959361,2.19782012883387,0.703015728254987,0.703291894703291,0.703015728254987,0.656298224474769,0.656523423884801,0.656298224474769
4.93816344856543,5.70322673593581,1,1,0,1.54095710506856,0.300095761068798,0,-0.952696512617152,0,6,47,5.17428356498424,7.36434103079571,5.17428356498424,5.17428356498424,7.36434103079571,5.17428356498424,0.712517214725453,0.886095862329053,0.712517214725453,0.664079385270175,0.826458485148769,0.664079385270175
4.28203656129117,4.5911174173213,0,1,1,0.244931441207864,-0.334335648365612,0,-0.952696512617152,0,6,47,4.7940125630309,4.7940125630309,2.58223223726284,4.7940125630309,4.7940125630309,2.58223223726284,0.717497539286178,0.717497539286178,0.711668735681657,0.66818626699527,0.66818626699527,0.663381692456709
1.70398875117048,2.04194218033099,1,0,0,-0.0283145776599296,1.23051950632201,0,-0.952696512617152,0,6,47,2.03574019952726,5.64991845496623,2.03574019952726,2.03574019952726,5.64991845496623,2.03574019952726,0.654055904693521,0.654141934058484,0.654055904693521,0.617164931970815,0.617232479415909,0.617164931970815
2.89355508980667,2.8392600030744,1,1,0,0.399152058946447,1.38267306996396,0,-0.952696512617152,0,6,47,2.89067347274001,6.90245829114359,2.89067347274001,2.89067347274001,6.90245829114359,2.89067347274001,0.636804999375464,0.654085923847807,0.636804999375464,0.603692136863716,0.617188501604544,0.603692136863716
-0.199163465580405,0.0379908865902974,0,1,0,-0.274672699902774,-0.0041448866086517,1,1.50842056545478,1,6,48,0.171177111298894,5.27119429138389,0.171177111298894,0.171177111298894,5.27119429138389,0.171177111298894,0.328824553822642,0.449067230846103,0.328824553822642,0.369316124241284,0.461802751358079,0.369316124241284
7.01576165654198,5.41749482906504,1,1,1,0.794915111054721,-0.506193676692423,1,1.50842056545478,1,6,48,7.16453598145351,7.16453598145351,1.80830394313011,7.16453598145351,7.16453598145351,1.80830394313011,0.502475696255791,0.502475696255791,0.31817218809372,0.501853570919243,0.501853570919243,0.360819780052127
-0.344819098410627,-0.967314814939102,1,1,1,-1.63313884603168,0.315401698660315,0,1.50842056545478,1,6,48,-0.0267303641721379,-0.0267303641721379,-2.22620859568995,-0.0267303641721379,-0.0267303641721379,-2.22620859568995,0.629206187741414,0.629206187741414,0.324668614393781,0.597799903325132,0.597799903325132,0.366009477737877
-0.618032613589192,-1.76807111246405,0,0,0,-1.65591021485919,0.512167520531296,1,1.50842056545478,1,6,48,-2.07498551147398,3.28733005761319,-2.07498551147398,-2.07498551147398,3.28733005761319,-2.07498551147398,0.317921404313492,0.732769542745883,0.317921404313492,0.36061891584226,0.680910420386133,0.36061891584226
-1.20093294292081,1.11355213924369,0,1,0,-0.0813512264384212,-0.415936116085963,0,1.50842056545478,1,6,48,0.146028828750288,2.41903168141496,0.146028828750288,0.146028828750288,2.41903168141496,0.146028828750288,0.32161326723064,0.322299543560322,0.32161326723064,0.363571928941777,0.364119932499141,0.363571928941777
5.30378668480399,5.87417807015871,0,1,1,1.52404206564915,-0.27622213801739,0,1.50842056545478,1,6,48,5.67282806052489,5.67282806052489,3.496529390994,5.67282806052489,5.67282806052489,3.496529390994,0.591509000498375,0.591509000498375,0.325634834128809,0.568885628728474,0.568885628728474,0.366779155269333
-2.88753555058864,-3.98478617285659,0,1,0,-2.11829030409561,0.268558802718762,0,1.22379850678523,1,4,49,-2.46570459068222,-0.293580760164485,-2.46570459068222,-2.46570459068222,-0.293580760164485,-2.46570459068222,0.356137470431505,0.823345037306234,0.356137470431505,0.39081282790892,0.761782109781522,0.39081282790892
5.35684212983412,3.8868500191569,1,1,1,0.267805630822855,-0.543436177804185,0,1.22379850678523,1,4,49,3.88981517797819,3.88981517797819,1.49449229863177,3.88981517797819,3.88981517797819,1.49449229863177,0.354231127677554,0.354231127677554,0.346491325209131,0.389324635125928,0.389324635125928,0.38326464469729
8.75360719342284,5.76278814725279,1,1,1,0.235250819498034,-0.0525907915373084,1,1.22379850678523,1,4,49,7.02299385360352,7.02299385360352,1.920228062249,7.02299385360352,7.02299385360352,1.920228062249,0.479998104529307,0.479998104529307,0.359158236069612,0.485020631262666,0.485020631262666,0.393167558981481
2.91966730593416,3.37165782870434,1,0,0,-0.354593989635692,0.972657551329113,1,1.22379850678523,1,4,49,1.76578678684797,7.81184949900552,1.76578678684797,1.76578678684797,7.81184949900552,1.76578678684797,0.319068567391089,0.443988727084339,0.319068567391089,0.36153740791467,0.457979387552748,0.36153740791467
2.29824304238722,1.91690522343532,1,1,0,-0.355073078668787,-1.63308828339097,0,-0.750663493824227,0,6,50,1.72635816170203,6.49333550305091,1.72635816170203,1.72635816170203,6.49333550305091,1.72635816170203,0.580050873337149,0.594497491994829,0.580050873337149,0.56018298755654,0.57116118396341,0.56018298755654
8.91888319893836,8.31187084999332,1,1,1,1.11239766230184,-1.27911285552292,0,-0.750663493824227,0,6,50,8.39742934080728,8.39742934080728,4.66129964364329,8.39742934080728,8.39742934080728,4.66129964364329,0.751496472303577,0.751496472303577,0.626692468675294,0.696808962222073,0.696808962222073,0.595855983143217
0.11818997053565,-1.07252813390042,1,1,0,-0.390286520877429,0.111249399102126,0,-0.750663493824227,0,6,50,1.65593127728475,3.76830770608533,1.65593127728475,1.65593127728475,3.76830770608533,1.65593127728475,0.695565224086582,0.710695591712305,0.695565224086582,0.650243625954805,0.662582187655987,0.650243625954805
0.1247868673277,-1.08229096495783,0,1,0,-0.904743288024891,2.23572460311779,0,-0.750663493824227,0,6,50,0.627017742989823,7.72548224397605,0.627017742989823,0.627017742989823,7.72548224397605,0.627017742989823,0.470677316808352,0.566869906118648,0.470677316808352,0.47803384248998,0.550210237486216,0.47803384248998
2.87859290463686,-0.824090545999751,0,1,0,-0.687999606096076,-0.091685910110679,0,-0.750663493824227,0,6,50,1.06050510684745,3.16891141296028,1.06050510684745,1.06050510684745,3.16891141296028,1.06050510684745,0.695725150315069,0.741277041303875,0.695725150315069,0.65037317342967,0.688090221685784,0.65037317342967
1.11126446282297,0.508773343419824,1,1,0,0.178939194433228,-0.929555993081112,1,-0.750663493824227,0,6,50,2.79438270790606,8.75845705217907,2.79438270790606,2.79438270790606,8.75845705217907,2.79438270790606,0.660255474077722,0.760618443862829,0.660255474077722,0.622042373255655,0.704684378235345,0.622042373255655
2.42606366566749,2.6933993359914,1,1,0,-0.255878738344785,-2.08498665428292,1,0.161917795604227,0,5,51,2.4620251507771,11.909194499315,2.4620251507771,2.4620251507771,11.909194499315,2.4620251507771,0.395188374331639,0.519427576944214,0.395188374331639,0.420965095720494,0.514549045136792,0.420965095720494
13.908571617928,13.5799281005965,0,1,1,-0.104516187406093,2.38786241300866,1,0.161917795604227,0,5,51,13.566637156114,13.566637156114,2.76475025265448,13.566637156114,13.566637156114,2.76475025265448,0.449211367428315,0.449211367428315,0.335749681051588,0.461911207161018,0.461911207161018,0.374803964270255
5.24906977246581,3.73197527421696,0,1,0,0.0605189171095119,-0.745443719339306,1,0.161917795604227,0,5,51,3.09482046168569,8.75050680038811,3.09482046168569,3.09482046168569,8.75050680038811,3.09482046168569,0.572195313642548,0.682709222052089,0.572195313642548,0.554234930725026,0.639886354388975,0.554234930725026
-0.285569543968559,0.730369404831357,0,1,0,-1.74141820857861,-1.72460335056158,0,0.161917795604227,0,5,51,-0.509053789690558,4.56520292707766,-0.509053789690558,-0.509053789690558,4.56520292707766,-0.509053789690558,0.458591473834511,0.781240395392977,0.458591473834511,0.468963077734319,0.722845471325976,0.468963077734319
9.83070840896596,11.6662243581007,0,1,1,0.381574190504095,0.775343633828277,1,0.161917795604227,0,5,51,9.4380887589929,9.4380887589929,3.73693100847486,9.4380887589929,9.4380887589929,3.73693100847486,0.695313875502204,0.695313875502204,0.570090071031186,0.650040058365839,0.650040058365839,0.552643189423712
-1.95679266020196,-2.54898681621277,1,0,1,-1.75502791811539,0.498533265080746,0,2.10447085196273,1,6,52,-2.0917847215187,-2.0917847215187,-4.44032013791077,-2.0917847215187,-2.0917847215187,-4.44032013791077,0.602032703689155,0.602032703689155,0.260260859927945,0.576910299692033,0.576910299692033,0.313212791722958
4.48982384468929,0.169148644763531,1,0,1,1.20441500477481,-0.0585403032072404,0,2.10447085196273,1,6,52,3.02491910668123,3.02491910668123,0.921492139581633,3.02491910668123,3.02491910668123,0.921492139581633,0.423250820506325,0.423250820506325,0.269370826153592,0.442318678438688,0.442318678438688,0.320885262368161
-5.45817247345943,-5.76579402363351,1,0,1,-2.21728855740779,-0.131581656564806,0,2.10447085196273,1,6,52,-3.87764260579679,-3.87764260579679,-5.99495633814113,-3.87764260579679,-3.87764260579679,-5.99495633814113,0.791245821274781,0.791245821274781,0.268849565628637,0.731854233494481,0.731854233494481,0.320448330020502
2.15468653038582,-0.389498457667677,0,0,1,0.583684851491358,-0.748284183428889,0,2.10447085196273,1,6,52,1.65021717196292,1.65021717196292,-1.00971204720692,1.65021717196292,1.65021717196292,-1.00971204720692,0.280595838909098,0.280595838909098,0.248967861485285,0.330236128432697,0.330236128432697,0.303589513405462
1.26266878327148,2.17149658505789,0,0,1,0.36676556892404,-1.22453792850498,0,2.10447085196273,1,6,52,1.67968878092963,1.67968878092963,-1.91980435741765,1.67968878092963,1.67968878092963,-1.91980435741765,0.228004149960945,0.228004149960945,0.216851147749752,0.285360345092349,0.285360345092349,0.275446702195415
-1.90199023877243,-3.21539480169777,1,0,0,-0.109008992698179,-0.487100443148341,0,2.10447085196273,1,6,52,-2.13391599530544,0.203350846409869,-2.13391599530544,-2.13391599530544,0.203350846409869,-2.13391599530544,0.26067544588518,0.261770387049402,0.26067544588518,0.313563664492931,0.314489539385231,0.313563664492931
6.41668035799865,5.95867584523878,0,1,0,1.47945819862633,-0.11342270914715,0,0.979677225437456,1,5,53,4.88572622206468,6.99859093301496,4.88572622206468,4.88572622206468,6.99859093301496,4.88572622206468,0.385724554756681,0.638555603794542,0.385724554756681,0.413710646104638,0.605053088865669,0.413710646104638
0.679152588770481,-0.316149513082015,1,1,0,-0.15714534772488,-1.78712901818477,0,0.979677225437456,1,5,53,-0.0611871796753676,5.23264294796271,-0.0611871796753676,-0.0611871796753676,5.23264294796271,-0.0611871796753676,0.25538744117037,0.257637159292182,0.25538744117037,0.309075696827164,0.310988417275659,0.309075696827164
1.32862413535862,2.91668572011272,1,1,0,0.283732805368933,-1.03570490825931,0,0.979677225437456,1,5,53,1.57199323643772,4.74467789343015,1.57199323643772,1.57199323643772,4.74467789343015,1.57199323643772,0.339349002979027,0.347961893463693,0.339349002979027,0.377645768118676,0.384418307517857,0.377645768118676
-2.90553695985272,-1.09587280157376,1,1,0,-2.08735909999748,-0.154516818234318,1,0.979677225437456,1,5,53,-2.28900248427011,2.83487296284715,-2.28900248427011,-2.28900248427011,2.83487296284715,-2.28900248427011,0.385230768773167,0.88981070609146,0.385230768773167,0.413331294978363,0.830634661922775,0.413331294978363
6.19404650548895,7.19690312264642,0,1,1,0.912857201783178,0.603499551229557,0,0.979677225437456,1,5,53,6.93365819708935,6.93365819708935,4.46944648875508,6.93365819708935,6.93365819708935,4.46944648875508,0.46558308336342,0.46558308336342,0.370083439917926,0.474212284547985,0.474212284547985,0.401650281833678
8.67256522329481,8.85803716770708,0,1,1,1.31294936026145,0.515245651495178,0,0.626779983750231,1,5,54,8.11376930537283,8.11376930537283,5.74829122398814,8.11376930537283,8.11376930537283,5.74829122398814,0.614952759713491,0.614952759713491,0.414306192833193,0.58680971580631,0.58680971580631,0.435535312313212
7.53882908717099,8.6661905178571,0,0,1,0.30000377681808,0.875995207936181,0,0.626779983750231,1,5,54,6.95051721786955,6.95051721786955,4.0831496135424,6.95051721786955,6.95051721786955,4.0831496135424,0.401657645839018,0.401657645839018,0.391469352588917,0.425907420308264,0.425907420308264,0.418117875380387
11.2819702418146,13.853914178065,0,0,1,0.265990256721698,1.84994553979666,0,0.626779983750231,1,5,54,10.5113714054237,10.5113714054237,4.98907290521012,10.5113714054237,10.5113714054237,4.98907290521012,0.286676074898584,0.286676074898584,0.279832096323231,0.335256735492548,0.335256735492548,0.329603334276634
10.0711496652696,9.11738009433416,0,0,1,0.847905059680319,-1.40947757996512,0,0.626779983750231,1,5,54,6.98010643978991,6.98010643978991,2.89347939136558,6.98010643978991,6.98010643978991,2.89347939136558,0.417807243124491,0.417807243124491,0.338001486279929,0.438192731541261,0.438192731541261,0.376582671476282
6.69823657814043,10.3613343918473,0,0,1,-0.31618180174035,-0.985159114942189,1,0.626779983750231,1,5,54,7.06016261530085,7.06016261530085,0.98962413354717,7.06016261530085,7.06016261530085,0.98962413354717,0.510027727207516,0.510027727207516,0.382346344804938,0.507508293205944,0.507508293205944,0.411113594723319
8.2066825620291,8.47584512210796,0,1,1,1.27119288079207,-0.813611235157958,0,0.0865739517276567,1,5,55,7.4832427192837,7.4832427192837,4.72127947730845,7.4832427192837,7.4832427192837,4.72127947730845,0.645157524273279,0.645157524273279,0.458622104002263,0.610197925817988,0.610197925817988,0.468986086532838
3.65483422292949,4.43679234093692,1,0,0,-0.466146660595974,0.0859147058830312,1,0.0865739517276567,1,5,55,2.14612633557334,7.25350767226031,2.14612633557334,2.14612633557334,7.25350767226031,2.14612633557334,0.489435387842741,0.630181998405206,0.489435387842741,0.492089649423025,0.598555211338339,0.492089649423025
6.71043825349877,8.23969793343275,0,0,1,-1.21070028687633,-0.663850693698909,1,0.0865739517276567,1,5,55,5.4479514269552,5.4479514269552,-0.0927463165693186,5.4479514269552,5.4479514269552,-0.0927463165693186,0.73965245257096,0.73965245257096,0.469015352116209,0.686713826235336,0.686713826235336,0.476787341374122
4.56849041100488,4.64677293749131,1,1,0,-0.0320450095991504,0.0305149803627458,0,0.0865739517276567,1,5,55,2.9589299120467,5.05986107607324,2.9589299120467,2.9589299120467,5.05986107607324,2.9589299120467,0.489739767567694,0.489860914512877,0.489739767567694,0.492317587635836,0.49240830913547,0.492317587635836
11.8459432152951,11.5817717707048,1,0,1,1.25166494420092,-1.25676985400261,1,0.0865739517276567,1,5,55,10.9185354512112,10.9185354512112,4.2390649852815,10.9185354512112,10.9185354512112,4.2390649852815,0.705802614049909,0.705802614049909,0.415983052988199,0.658573390860643,0.658573390860643,0.43680849128656
9.09645319001264,10.2835019417111,1,1,1,2.26992516691986,0.0590219419207238,0,0.955291541241812,1,4,56,8.78977393662037,8.78977393662037,6.68629034699228,8.78977393662037,8.78977393662037,6.68629034699228,0.881324680533734,0.881324680533734,0.388884511896469,0.821163700534043,0.821163700534043,0.416136264756706
5.82246259675476,7.72205590696835,0,0,0,0.961347108564255,1.07064193004193,1,0.955291541241812,1,4,56,5.08075421840228,11.3270283607662,5.08075421840228,5.08075421840228,11.3270283607662,5.08075421840228,0.338812011031244,0.559960999873878,0.338812011031244,0.37722223558523,0.544997068002918,0.37722223558523
2.78717713971675,3.13302185593614,1,0,1,-0.244573221751764,-0.204046168476837,0,0.955291541241812,1,4,56,3.53586029812155,3.53586029812155,1.39422545925148,3.53586029812155,3.53586029812155,1.39422545925148,0.393906346162904,0.393906346162904,0.387169610440425,0.419984105268214,0.419984105268214,0.414820317573829
9.4198722787485,10.5959896876265,0,1,1,-0.863379193806782,1.643337934246,1,0.955291541241812,1,4,56,9.80455718399618,9.80455718399618,2.00399761786428,9.80455718399618,9.80455718399618,2.00399761786428,0.46581359376922,0.46581359376922,0.276022995490738,0.474385260236323,0.474385260236323,0.326439965863169
9.13326645590879,7.98212667685008,1,0,1,0.985535522190675,-0.903679657461921,1,0.780756080455566,1,4,57,9.37444825306159,9.37444825306159,3.45781132975109,9.37444825306159,9.37444825306159,3.45781132975109,0.60063011729358,0.60063011729358,0.372067588829278,0.575838880951927,0.575838880951927,0.403185449841592
6.2707972219864,1.38283851755652,1,1,0,1.12841220357187,0.0373294463647411,1,0.780756080455566,1,4,57,4.68457379634013,9.78596728390603,4.68457379634013,4.68457379634013,9.78596728390603,4.68457379634013,0.408771038752834,0.669451934558962,0.408771038752834,0.431327469884311,0.629315529126314,0.431327469884311
8.99094132832116,4.88423461592056,0,0,1,0.521343895189929,0.449011017947791,0,0.780756080455566,1,4,57,6.18372964539782,6.18372964539782,3.88211875115931,6.18372964539782,6.18372964539782,3.88211875115931,0.430838770912107,0.430838770912107,0.399650061523178,0.448058793307614,0.448058793307614,0.424375064921387
3.87293630516589,-2.0762642277795,1,1,0,-0.597282470801897,1.06171470588569,0,0.780756080455566,1,4,57,2.25756970711356,5.4848078238075,2.25756970711356,2.25756970711356,5.4848078238075,2.25756970711356,0.358422664137248,0.398118390114833,0.358422664137248,0.392594553685743,0.423205141251989,0.392594553685743
2.60693126365702,-0.355900592216778,0,1,0,0.0596626925065291,1.23332732944481,0,-0.247853107177599,0,5,58,3.05789422227547,6.67899052383093,3.05789422227547,3.05789422227547,6.67899052383093,3.05789422227547,0.574923985546784,0.57533506310407,0.574923985546784,0.556299449864169,0.556610613803548,0.556299449864169
0.144897719938258,-1.87701808589446,0,1,0,-1.2763784765039,0.915531385344315,0,-0.247853107177599,0,5,58,0.385811884254612,3.32400960180509,0.385811884254612,0.385811884254612,3.32400960180509,0.385811884254612,0.606143881638801,0.769623069285922,0.606143881638801,0.580054332184354,0.712550750692089,0.580054332184354
3.17559785876827,-1.16044240651017,0,1,0,0.217999539466067,-0.400292378257226,1,-0.247853107177599,0,5,58,3.37456791619454,8.63480190428537,3.37456791619454,3.37456791619454,8.63480190428537,3.37456791619454,0.636342096883408,0.742250345745929,0.636342096883408,0.603332492187342,0.688916068051689,0.603332492187342
3.86389869534527,1.12452774233982,1,1,0,0.150690650501842,1.01774916125174,0,-0.247853107177599,0,5,58,3.23995013826609,6.37576349349471,3.23995013826609,3.23995013826609,6.37576349349471,3.23995013826609,0.597182763393288,0.599763641638828,0.597182763393288,0.573208025570783,0.575177291823608,0.573208025570783
2.98157470289234,-0.403469135457363,1,1,0,0.187049280769487,-0.188260867185441,0,-0.247853107177599,0,5,58,3.31266739880138,5.4481095529148,3.31266739880138,3.31266739880138,5.4481095529148,3.31266739880138,0.64179799281028,0.645601417470469,0.64179799281028,0.607577381440138,0.610544569529298,0.607577381440138
-1.44913173531213,1.98627514916711,0,1,0,-0.070973278652998,2.09943069540468,0,-2.00311066994235,1,5,59,0.945031782061786,7.45264102686915,0.945031782061786,0.945031782061786,7.45264102686915,0.945031782061786,0.528304400919105,0.528897050965042,0.528304400919105,0.521202538544408,0.521646957613862,0.521202538544408
1.52961548357296,2.14928985314278,0,0,1,1.00060364150092,-1.04482080221626,0,-2.00311066994235,1,5,59,3.13558463349251,3.13558463349251,-0.0560658752513252,3.13558463349251,3.13558463349251,-0.0560658752513252,0.771819283075945,0.771819283075945,0.677227873775749,0.714483972304093,0.714483972304093,0.635502866346439
1.15271633711182,2.28774296162657,1,0,0,0.594433176955566,1.18205020160063,0,-2.00311066994235,1,5,59,1.35846419947487,4.85570687857896,1.35846419947487,1.35846419947487,4.85570687857896,1.35846419947487,0.664413410078584,0.700763460685357,0.664413410078584,0.625324966457663,0.654463711427685,0.625324966457663
0.876092042373606,1.909007201404,1,0,0,1.29146274570093,-0.805780761673146,1,-2.00311066994235,1,5,59,0.764692373691809,6.51397500957436,0.764692373691809,0.764692373691809,6.51397500957436,0.764692373691809,0.695331977514444,0.891870168979278,0.695331977514444,0.650054717738092,0.832970952948002,0.650054717738092
-3.24790836143263,-1.42039320361198,0,0,0,-1.89182991611618,1.81697981580615,0,-2.00311066994235,1,5,59,-2.9791323724631,2.42228327858386,-2.9791323724631,-2.9791323724631,2.42228327858386,-2.9791323724631,0.579897944303732,0.88462955298616,0.579897944303732,0.560067057681957,0.824823171817487,0.560067057681957
7.0199262328326,5.44888045346771,0,0,0,0.738369118312023,1.73630893764926,0,-0.315823263776866,1,5,60,6.11330284033063,11.2280715672913,6.11330284033063,6.11330284033063,11.2280715672913,6.11330284033063,0.396399043682313,0.459380112034853,0.396399043682313,0.421891000526258,0.469555452039637,0.421891000526258
2.4614370072289,4.96282722698922,0,0,1,-0.209405889629191,-0.416140257523863,0,-0.315823263776866,1,5,60,4.33847634320711,4.33847634320711,2.06530362927508,4.33847634320711,4.33847634320711,2.06530362927508,0.534223223342856,0.534223223342856,0.529067635688967,0.525642360236984,0.525642360236984,0.521774881858822
6.66290818170607,7.08901762948306,0,1,1,0.733359459621669,-0.238082531772056,0,-0.315823263776866,1,5,60,6.2855753454636,6.2855753454636,4.12889205352861,6.2855753454636,6.2855753454636,4.12889205352861,0.596891281667681,0.596891281667681,0.534545728639063,0.572985742871419,0.572985742871419,0.525884371819173
3.79224164335444,3.75039482930208,1,0,0,-0.0278649455589095,0.238776415649946,0,-0.315823263776866,1,5,60,3.08330219058945,5.24031636726009,3.08330219058945,3.08330219058945,5.24031636726009,3.08330219058945,0.534530178910681,0.534621400604841,0.534530178910681,0.525872702891163,0.525941158411822,0.525872702891163
1.64522210912269,-0.0899082079476192,1,1,0,-0.849767435848845,-0.778839065118299,0,-0.315823263776866,1,5,60,0.421881729241339,3.12847201859568,0.421881729241339,0.421881729241339,3.12847201859568,0.421881729241339,0.508636895604504,0.59282544570305,0.508636895604504,0.506466795546027,0.569887713764921,0.506466795546027
2.84388577917275,4.35408019720815,1,1,1,0.308185716887069,-1.17247786140402,0,-1.61368601160369,1,5,61,3.31461536380723,3.31461536380723,-0.160088971675322,3.31461536380723,3.31461536380723,-0.160088971675322,0.633599415093316,0.633599415093316,0.623095493874891,0.601203505392449,0.601203505392449,0.593078711538864
6.74053313996602,6.30048640533614,1,1,1,1.8036428527924,-0.215516514433433,0,-1.61368601160369,1,5,61,5.93423401509947,5.93423401509947,3.78778664710593,5.93423401509947,5.93423401509947,3.78778664710593,0.910804218447902,0.910804218447902,0.680196388743302,0.855229106798016,0.855229106798016,0.637874499346604
1.91321857179312,3.37959666073583,1,1,0,-0.0834201858312484,0.714963613050115,0,-1.61368601160369,1,5,61,0.944140697342181,3.55531366532786,0.944140697342181,0.944140697342181,3.55531366532786,0.944140697342181,0.660700540272445,0.661440348510167,0.660700540272445,0.622393297924591,0.622976854057612,0.622393297924591
1.83632846757583,2.30463744937934,1,1,1,-0.102361610806483,0.378171742261863,0,-1.61368601160369,1,5,61,2.81247984324883,2.81247984324883,0.56946597660346,2.81247984324883,2.81247984324883,0.56946597660346,0.677280606552239,0.677280606552239,0.676191860745421,0.635544948988506,0.635544948988506,0.634676432909122
8.27277210897591,9.88845177831373,1,1,1,0.97175927116559,-2.34120258988442,0,-1.61368601160369,1,5,61,7.57956297528283,7.57956297528283,-0.00166659159867644,7.57956297528283,7.57956297528283,-0.00166659159867644,0.543036704692815,0.543036704692815,0.43209003258404,0.532260136560111,0.532260136560111,0.449004179738459
-1.42656964505744,-4.65235664108991,1,0,0,-0.95749684765914,-0.710180187416517,0,-0.306217472403866,1,5,62,0.281056976859792,2.88541287545875,0.281056976859792,0.281056976859792,2.88541287545875,0.281056976859792,0.512328009235672,0.618355442859418,0.512328009235672,0.509230941664636,0.589426426190112,0.509230941664636
3.71379693395697,-1.26154256819805,1,0,0,0.121880901285067,-0.353684240129432,0,-0.306217472403866,1,5,62,2.79630842203529,5.02140096375122,2.79630842203529,2.79630842203529,5.02140096375122,2.79630842203529,0.530199949981776,0.531946715444923,0.530199949981776,0.522624085315528,0.523934330649697,0.522624085315528
4.56587290697094,1.89018217673409,0,0,0,-0.261299369822391,0.919668610126485,0,-0.306217472403866,1,5,62,3.30330073007629,6.24909108252827,3.30330073007629,3.30330073007629,6.24909108252827,3.30330073007629,0.496211717748887,0.504269794962068,0.496211717748887,0.497163663292221,0.50319685228464,0.497163663292221
6.00007022619742,3.75662844760232,1,1,0,2.31648052796863,-0.390538620316066,0,-0.306217472403866,1,5,62,7.14865329521579,9.40117370917416,7.14865329521579,7.14865329521579,9.40117370917416,7.14865329521579,0.528909418988815,0.936912188878083,0.528909418988815,0.52165623251317,0.888779266738992,0.52165623251317
1.63721191499295,3.78035929701143,0,1,0,0.786243065582571,-0.536153183051101,0,-0.306217472403866,1,5,62,3.94256380770863,6.33002404340446,3.94256380770863,3.94256380770863,6.33002404340446,3.94256380770863,0.52255520762565,0.594436167072446,0.52255520762565,0.51689270718131,0.571114463453577,0.51689270718131
0.598247980971003,0.353745193310093,0,1,0,-0.316961658666458,-0.30223192690828,0,-0.864809608051139,0,5,63,1.61818102448952,3.80952516213221,1.61818102448952,1.61818102448952,3.80952516213221,1.61818102448952,0.703818876549681,0.713692785874101,0.703818876549681,0.656953307074795,0.665046985707268,0.656953307074795
3.123857845509,1.91527719443021,1,1,1,-0.0726272728572131,-0.106432308909961,0,-0.864809608051139,0,5,63,4.21817763248791,4.21817763248791,2.10684979610801,4.21817763248791,4.21817763248791,2.10684979610801,0.707504990897508,0.707504990897508,0.706985030397822,0.659966058288905,0.659966058288905,0.659540459355453
0.18484648709682,-0.524566137875082,1,1,0,-0.786702988270659,0.129069687473095,0,-0.864809608051139,0,5,63,0.678698365281117,2.79535734950552,0.678698365281117,0.678698365281117,2.79535734950552,0.678698365281117,0.70677467412205,0.764086531871703,0.70677467412205,0.659368336704365,0.707702877076263,0.659368336704365
-1.51935628088612,-1.12846485291462,1,1,0,-1.03429847833275,-1.07268205811594,1,-0.864809608051139,0,5,63,0.183507385156943,6.4341541829608,0.183507385156943,0.183507385156943,6.4341541829608,0.183507385156943,0.66020408099137,0.83956311745102,0.66020408099137,0.622001857753164,0.777601408540254,0.622001857753164
9.47293505047684,10.1155880362736,1,1,1,1.05028551910932,0.773239061475819,1,-0.864809608051139,0,5,63,10.0505740262331,10.0505740262331,4.35267538004108,10.0505740262331,10.0505740262331,4.35267538004108,0.855466769451459,0.855466769451459,0.683345016095755,0.793661120264627,0.793661120264627,0.640396023301544
0.215973843644321,1.1182822773398,0,0,0,-0.965072204815436,-0.761308211168985,0,0.422527933416843,1,5,64,0.130017524682635,2.80960771707595,0.130017524682635,0.130017524682635,2.80960771707595,0.130017524682635,0.423350288725389,0.532647913870333,0.423350288725389,0.442394005778644,0.524460376632831,0.442394005778644
0.245978424981233,2.00630772638628,0,0,0,-0.278378146620569,-1.87351848793935,0,0.422527933416843,1,5,64,0.391195364302007,6.00126688895254,0.391195364302007,0.391195364302007,6.00126688895254,0.391195364302007,0.29635135402516,0.304097544651324,0.29635135402516,0.343185577476847,0.349483177690978,0.343185577476847
3.28393462752418,2.50379550552747,0,1,0,-0.388753008026955,0.0646880249807176,0,0.422527933416843,1,5,64,2.1086521544093,4.2128366949852,2.1086521544093,2.1086521544093,4.2128366949852,2.1086521544093,0.450093499547613,0.467813772399044,0.450093499547613,0.462574902180896,0.47588598328424,0.462574902180896
9.03605393714855,9.88705699950763,0,1,1,1.33374629605763,0.803517014621527,0,0.422527933416843,1,5,64,9.03811934500558,9.03811934500558,6.29247975221929,9.03811934500558,9.03811934500558,6.29247975221929,0.626901149677241,0.626901149677241,0.420304815405459,0.596017264773948,0.596017264773948,0.440086631509217
3.01808553092376,2.46261258200676,1,1,0,0.648269954055815,-0.983673449668726,0,0.422527933416843,1,5,64,3.13433660392539,6.20195005950857,3.13433660392539,3.13433660392539,6.20195005950857,3.13433660392539,0.40554539802254,0.454174438280388,0.40554539802254,0.428871485044497,0.465643861519363,0.428871485044497
0.8195000105232,1.17401004912485,1,0,0,-0.604854719850128,1.47656388786102,1,0.921873690394309,0,5,65,0.940439459258521,8.22068037419376,0.940439459258521,0.940439459258521,8.22068037419376,0.940439459258521,0.407325445813338,0.56710667761973,0.407325445813338,0.430227163163318,0.550389056145779,0.430227163163318
7.45788477718685,4.2748945055328,0,0,0,1.57031656672393,0.683060789155947,0,0.921873690394309,0,5,65,5.29078203240663,7.85735407408897,5.29078203240663,5.29078203240663,7.85735407408897,5.29078203240663,0.487196963760328,0.753611204745655,0.487196963760328,0.490413288307996,0.698626659836364,0.490413288307996
1.38031505662683,3.55984641141313,1,0,0,-0.715453232651128,0.33314321922987,0,0.921873690394309,0,5,65,0.719242433656522,2.93022683817536,0.719242433656522,0.719242433656522,2.93022683817536,0.719242433656522,0.503981114323339,0.564056677092375,0.503981114323339,0.502980708473191,0.548086415913593,0.502980708473191
2.31057834260012,2.01469328735184,1,1,0,0.187518150927694,-0.611280643364686,0,0.921873690394309,0,5,65,2.52518520081417,4.99884922576651,2.52518520081417,2.52518520081417,4.99884922576651,2.52518520081417,0.491581140179209,0.495730503130839,0.491581140179209,0.49369646499802,0.49680336407968,0.49369646499802
-1.26799730933112,-0.876429691857312,0,0,0,-1.71825603898486,0.0398478339747345,0,0.921873690394309,0,5,65,-1.28636317901094,0.815224670861537,-1.28636317901094,-1.28636317901094,0.815224670861537,-1.28636317901094,0.509144712802963,0.808546288239753,0.509144712802963,0.506847058766884,0.747775560026943,0.506847058766884
2.05306594622186,0.304689129707724,0,1,0,0.439499475079762,0.50403953859454,0,1.92870965900975,1,5,66,0.663117539996553,3.01717339646315,0.663117539996553,0.663117539996553,3.01717339646315,0.663117539996553,0.2765171299808,0.295298789789018,0.2765171299808,0.326851032144842,0.342326467448305,0.326851032144842
-3.28457573646814,-5.49289665026992,1,0,0,-2.30232112179889,0.370191402116254,0,1.92870965900975,1,5,66,-4.95437179023904,-2.71733011603825,-4.95437179023904,-4.95437179023904,-2.71733011603825,-4.95437179023904,0.281002795168309,0.829070820121145,0.281002795168309,0.330573110595303,0.76730771355045,0.330573110595303
-0.691152795745393,-0.96825551317587,0,0,0,-0.381324787307517,1.17815998590785,0,1.92870965900975,1,5,66,-0.304410537464692,3.1836504149297,-0.304410537464692,-0.304410537464692,3.1836504149297,-0.304410537464692,0.235319707615111,0.248067613697881,0.235319707615111,0.291778943314088,0.3028167382623,0.291778943314088
0.486463460789708,1.57345219787621,0,0,0,0.962502761281838,-1.88956290875767,0,1.92870965900975,1,5,66,-0.684478334951503,4.98596965120124,-0.684478334951503,-0.684478334951503,4.98596965120124,-0.684478334951503,0.168227863096761,0.239954969473833,0.168227863096761,0.230063415956868,0.295813377875739,0.230063415956868
-3.78921646461046,-5.29795151919137,0,0,0,-0.980998766645975,-1.73375626546822,0,1.92870965900975,1,5,66,-4.41567474751768,0.690236040532622,-4.41567474751768,-4.41567474751768,0.690236040532622,-4.41567474751768,0.184024334922818,0.263506577117147,0.184024334922818,0.245240498340468,0.315955299414201,0.245240498340468
6.0034982442882,2.34729547134063,0,0,1,0.470597225138468,-0.647570843044758,0,-0.334374414271579,1,6,67,5.70116535507441,5.70116535507441,3.18181735831272,5.70116535507441,5.70116535507441,3.18181735831272,0.545682448831113,0.545682448831113,0.519657010988383,0.534248548930736,0.534248548930736,0.514720949788775
8.72969993280918,8.10701661476654,1,0,1,-1.12317412238574,1.78923105871421,0,-0.334374414271579,1,6,67,7.73242434649085,7.73242434649085,2.43107656502327,7.73242434649085,7.73242434649085,2.43107656502327,0.537153631971882,0.537153631971882,0.390068261989723,0.527841762322841,0.527841762322841,0.417044040178923
3.51296229580388,3.33121080202092,1,0,1,-1.38333855266535,0.661606578263594,0,-0.334374414271579,1,6,67,3.3208464884151,3.3208464884151,0.783123224013441,3.3208464884151,3.3208464884151,0.783123224013441,0.727526351404284,0.727526351404284,0.518790756172384,0.676518940572377,0.676518940572377,0.514071919195206
0.858730818477327,-0.830834983213903,1,1,0,-0.877874786854936,-0.167223228370505,0,-0.334374414271579,1,6,67,0.965220949000161,3.09318455710682,0.965220949000161,0.965220949000161,3.09318455710682,0.965220949000161,0.538073183725466,0.626431137825402,0.538073183725466,0.528532113923309,0.595654034865174,0.528532113923309
8.68036720710497,6.12409205959926,1,0,1,0.276876411225763,-0.937621234784554,1,-0.334374414271579,1,6,67,8.48345891866642,8.48345891866642,2.50432533874751,8.48345891866642,8.48345891866642,2.50432533874751,0.622603586842887,0.622603586842887,0.497960707459519,0.592699294150843,0.592699294150843,0.498473163263532
7.52290771099399,5.11889901401706,1,0,1,1.15392545591145,-0.321616902843006,0,-0.334374414271579,1,6,67,7.07786519225475,7.07786519225475,4.87442776006043,7.07786519225475,7.07786519225475,4.87442776006043,0.683231201396539,0.683231201396539,0.534528046333507,0.640304767606623,0.640304767606623,0.525871102550655
1.43123141745508,3.26976430415756,1,0,0,-0.413899764355752,-0.741746885084653,0,-0.0149194952858712,1,6,68,1.43023099486426,4.08041943639704,1.43023099486426,1.43023099486426,4.08041943639704,1.43023099486426,0.475805057514631,0.496005875539064,0.475805057514631,0.481878316685209,0.497009543642265,0.481878316685209
5.43937215014616,4.8515446142472,0,0,0,-0.0668831883555282,0.195587667398691,0,-0.0149194952858712,1,6,68,3.06159869934805,5.19985323498651,3.06159869934805,3.06159869934805,5.19985323498651,3.06159869934805,0.499954882429443,0.500482838226728,0.499954882429443,0.499966216819514,0.500361500209127,0.499966216819514
3.98100444117215,5.23746084275576,0,0,0,0.699558517364163,0.0268006426762662,1,-0.0149194952858712,1,6,68,4.42569508606501,9.52641336051287,4.42569508606501,4.42569508606501,9.52641336051287,4.42569508606501,0.50172692090099,0.670712850437245,0.50172692090099,0.501292953991556,0.630316437088098,0.501292953991556
4.34011971451733,6.50946913711449,1,0,0,0.112097161014644,0.609468143839994,1,-0.0149194952858712,1,6,68,3.8334398745297,9.30489129288546,3.8334398745297,3.8334398745297,9.30489129288546,3.8334398745297,0.484230010523828,0.602334900295425,0.484230010523828,0.488191039922691,0.577141223664515,0.488191039922691
4.45270827969228,7.06560567853083,0,1,0,1.15034446015017,-1.97724573805452,0,-0.0149194952858712,1,6,68,3.32322059090624,9.33272129956101,3.32322059090624,3.32322059090624,9.33272129956101,3.32322059090624,0.324598960052948,0.47339949374053,0.324598960052948,0.365953970471773,0.480075020906264,0.365953970471773
4.52109555241145,5.31366620114717,0,0,0,0.339021648302802,-0.371715611391189,1,-0.0149194952858712,1,6,68,3.30610509387483,8.54427758962676,3.30610509387483,3.30610509387483,8.54427758962676,3.30610509387483,0.49523800409658,0.624293663072103,0.49523800409658,0.496434612952754,0.594003272754698,0.496434612952754
3.44867750635221,4.18625922586448,1,1,1,-0.303791063664554,0.300015613749656,0,0.0991829726966711,1,6,69,4.87260559284118,4.87260559284118,2.6825962243476,4.87260559284118,4.87260559284118,2.6825962243476,0.49493728675178,0.49493728675178,0.484050122651614,0.496209453823542,0.496209453823542,0.488056291784007
15.862169987527,13.4741321678714,0,1,1,-0.204605221286987,2.84520859849928,0,0.0991829726966711,1,6,69,15.6213728628266,15.6213728628266,5.42616089385236,15.6213728628266,15.6213728628266,5.42616089385236,0.172422100144939,0.172422100144939,0.169557704192319,0.234139040308707,0.234139040308707,0.231359388865052
7.34883499646502,6.80867649815043,1,1,1,-0.321501339391748,0.952030175144736,0,0.0991829726966711,1,6,69,6.30555168867441,6.30555168867441,3.29919023428829,6.30555168867441,6.30555168867441,3.29919023428829,0.45780083514005,0.45780083514005,0.445710445965237,0.468369125739469,0.468369125739469,0.459276041442617
6.4016442126256,5.96843538029989,0,1,1,0.642469469692175,-0.064418679181435,0,0.0991829726966711,1,6,69,6.31483276435745,6.31483276435745,4.21068299812997,6.31483276435745,6.31483276435745,4.21068299812997,0.536750772046027,0.536750772046027,0.488100444561558,0.52753934486942,0.52753934486942,0.491089927634998
9.09456937663541,8.64695015969932,1,1,1,1.53485380571503,-1.3693326086468,0,0.0991829726966711,1,6,69,8.66560953381376,8.66560953381376,4.69053774071031,8.66560953381376,8.66560953381376,4.69053774071031,0.670980210681253,0.670980210681253,0.401034106362072,0.63052878389633,0.63052878389633,0.425431612962867
5.96656982914782,4.31205868160563,0,1,0,-0.319103707654208,1.91122728108012,0,0.0991829726966711,1,6,69,4.26318260369876,10.0159723236437,4.26318260369876,4.26318260369876,10.0159723236437,4.26318260369876,0.323411165907828,0.334079450700334,0.323411165907828,0.365006973112196,0.373482849474836,0.365006973112196
7.88794604190106,7.53004348100398,1,1,1,-0.353259532947699,-0.914352748677988,1,0.88877249748171,1,5,70,6.52525258216173,6.52525258216173,0.589211633146739,6.52525258216173,6.52525258216173,0.589211633146739,0.488389010322737,0.488389010322737,0.359345426897845,0.491306035744113,0.491306035744113,0.393313340228007
4.96169738434955,4.76699764329881,0,1,0,-0.111987122498882,1.90107936446922,1,0.88877249748171,1,5,70,3.88718856719159,12.6012913172023,3.88718856719159,3.88718856719159,12.6012913172023,3.88718856719159,0.2484344849215,0.348648020888361,0.2484344849215,0.303131764877685,0.384956207002634,0.303131764877685
4.69272637365588,4.93519916277953,1,1,1,0.302627198074481,-0.639511260996905,0,0.88877249748171,1,5,70,4.68480123581403,4.68480123581403,2.17582658287218,4.68480123581403,4.68480123581403,2.17582658287218,0.388424170493083,0.388424170493083,0.378177603220549,0.415783116477433,0.415783116477433,0.40790305565654
-4.08081132434742,-3.42963758762381,0,1,0,-1.58098186351357,-2.17614741947926,0,0.88877249748171,1,5,70,-3.12802769878627,3.70758989251998,-3.12802769878627,-3.12802769878627,3.70758989251998,-3.12802769878627,0.210500767977122,0.466586313447177,0.210500767977122,0.269728360886541,0.474965073212553,0.269728360886541
4.8109984471952,4.71472273286106,0,1,0,0.882724701445156,-0.439264560475006,0,0.88877249748171,1,5,70,3.53626829013543,5.82922164422473,3.53626829013543,3.53626829013543,5.82922164422473,3.53626829013543,0.38784260626462,0.477972827528624,0.38784260626462,0.415336868740465,0.48350300662688,0.415336868740465
1.66892348150666,2.12747862945361,1,0,0,0.337340258205299,1.10519676171126,0,1.26109509844854,1,6,71,3.18951643079094,6.51097631288799,3.18951643079094,3.18951643079094,6.51097631288799,3.18951643079094,0.304035450723769,0.315603915678179,0.304035450723769,0.349432866265736,0.358760844827651,0.349432866265736
11.751561544078,10.9805432537893,1,1,1,3.06775996324863,0.881189647799167,0,1.26109509844854,1,6,71,11.3028439223539,11.3028439223539,8.4263487269655,11.3028439223539,11.3028439223539,8.4263487269655,0.97813741357231,0.97813741357231,0.322228010257584,0.95300303705221,0.95300303705221,0.364062825359015
6.87328302316385,7.27411445969787,0,1,1,0.802077928442715,0.731246242321488,0,1.26109509844854,1,6,71,6.3797623187853,6.3797623187853,3.745041251876,6.3797623187853,6.3797623187853,3.745041251876,0.403030383570422,0.403030383570422,0.332338115866682,0.426954514876372,0.426954514876372,0.372103839860614
3.89198313270617,3.5934616872539,0,0,1,0.428101979364054,-0.546053980724449,0,1.26109509844854,1,6,71,4.11796408053775,4.11796408053775,1.71978913067274,4.11796408053775,4.11796408053775,1.71978913067274,0.362197127151769,0.362197127151769,0.342374688495423,0.395532260095969,0.395532260095969,0.380029310710714
5.5631026892835,6.13654087524439,1,1,0,2.62700839751647,0.289642554213516,1,1.26109509844854,1,6,71,6.95329850191553,12.1371913111269,6.95329850191553,6.95329850191553,12.1371913111269,6.95329850191553,0.35158472293415,0.960429350684005,0.35158472293415,0.387255865267957,0.923092127630551,0.387255865267957
3.67730721791444,-1.39438853975308,0,0,0,-0.214197914365514,-0.133091021970363,1,1.26109509844854,1,6,71,0.848152301967689,5.9658655220968,0.848152301967689,0.848152301967689,5.9658655220968,0.848152301967689,0.354451005879441,0.473786610945996,0.354451005879441,0.389496370628302,0.48036524661978,0.389496370628302
2.01258201955889,-0.220477228326013,0,0,0,-0.154842122647347,0.0754340519174706,0,1.04767931421944,1,5,72,1.66811786117947,3.77380815736815,1.66811786117947,1.66811786117947,3.77380815736815,1.66811786117947,0.378445615160371,0.381119204363156,0.378445615160371,0.408109659709983,0.410169187745875,0.408109659709983
5.61163405232971,4.52177572875725,0,0,1,0.975884395146705,-0.461019893288067,0,1.04767931421944,1,5,72,5.70565629356938,5.70565629356938,3.39311695156203,5.70565629356938,5.70565629356938,3.39311695156203,0.478727556651026,0.478727556651026,0.369274101413374,0.484068585847766,0.484068585847766,0.401023620369031
3.56472125234691,3.83763425864581,1,0,1,0.699015191063323,-0.716574266361439,0,1.04767931421944,1,5,72,5.19730284953333,5.19730284953333,2.5838241703219,5.19730284953333,5.19730284953333,2.5838241703219,0.410699630579345,0.410699630579345,0.356091524240931,0.432794517895258,0.432794517895258,0.390776979791067
1.82786371833059,0.927766784196786,0,1,0,0.165006046933524,0.807921560381566,0,1.04767931421944,1,5,72,3.04030170880531,5.79303895653469,3.04030170880531,3.04030170880531,5.79303895653469,3.04030170880531,0.350059794124687,0.35300242727946,0.350059794124687,0.386062256856245,0.388364540101398,0.386062256856245
-0.799896595835989,-3.75017454899449,1,1,0,-0.494776746095851,-0.903783703621879,0,1.04767931421944,1,5,72,0.0090308587431106,2.92585584167559,0.0090308587431106,0.0090308587431106,2.92585584167559,0.0090308587431106,0.343011085623818,0.369615025706722,0.343011085623818,0.38053003467192,0.401287626961339,0.38053003467192
6.42016187159221,9.98378165950153,0,1,1,-0.171878601713977,0.765210279952509,0,-0.313859568716316,1,6,73,6.00849202019476,6.00849202019476,3.32294524764976,6.00849202019476,6.00849202019476,3.32294524764976,0.512883321568581,0.512883321568581,0.509398340917123,0.509646833974337,0.509646833974337,0.507036982862395
11.9597744798461,15.4445455913951,0,1,1,-0.00967312907961009,1.17474565276372,1,-0.313859568716316,1,6,73,10.536918914417,10.536918914417,4.05689156572971,10.536918914417,10.536918914417,4.05689156572971,0.589013539560444,0.589013539560444,0.471921007356744,0.566987374180227,0.566987374180227,0.478966477213544
6.49967367392867,8.79027962502204,1,1,1,-2.07002299069923,0.249940093451225,1,-0.313859568716316,1,6,73,4.17385633349239,4.17385633349239,-0.988613716822021,4.17385633349239,4.17385633349239,-0.988613716822021,0.935814792371171,0.935814792371171,0.534043044554602,0.887286684684377,0.887286684684377,0.525507156550929
6.22066318392936,10.629132699581,1,0,1,-0.282370329994352,-0.16042582523052,0,-0.313859568716316,1,6,73,4.30206213130688,4.30206213130688,2.17632568590599,4.30206213130688,4.30206213130688,2.17632568590599,0.545120511184861,0.545120511184861,0.535769147574104,0.533826148042181,0.533826148042181,0.526802534477216
3.10527650006209,4.84051194896619,0,0,0,0.194221454332102,-0.460525112353332,0,-0.313859568716316,1,6,73,2.82940996743608,5.14149334654413,2.82940996743608,2.82940996743608,5.14149334654413,2.82940996743608,0.527005142719205,0.531442664281231,0.527005142719205,0.520228344640052,0.523556214613092,0.520228344640052
2.48555370874153,4.87026878494476,1,1,0,-1.39569820880407,-0.192975099109407,1,-0.313859568716316,1,6,73,-0.0828793455923389,5.05436004328395,-0.0828793455923389,-0.0828793455923389,5.05436004328395,-0.0828793455923389,0.535228712977293,0.824215482259201,0.535228712977293,0.526396925366401,0.762618128452696,0.526396925366401
0.114079234469802,-0.474191178040664,1,0,1,0.527432128140156,-0.117178740145315,0,2.0881900725002,1,5,74,1.69087859438867,1.69087859438867,-0.422852262753378,1.69087859438867,1.69087859438867,-0.422852262753378,0.297450062050406,0.297450062050406,0.270513997434492,0.344081472838787,0.344081472838787,0.321842633783656
3.84648670347547,2.97813869359285,0,0,1,0.613106973003179,1.29484685909625,0,2.0881900725002,1,5,74,4.93715141472568,4.93715141472568,1.16052302621424,4.93715141472568,4.93715141472568,1.16052302621424,0.244127001706049,0.244127001706049,0.212436346085286,0.299423921978741,0.299423921978741,0.271477185634011
3.31486947243547,3.17661291737256,1,0,1,-0.0611495281128048,1.42524874914704,0,2.0881900725002,1,5,74,4.07374591097826,4.07374591097826,-0.0575880859669431,4.07374591097826,4.07374591097826,-0.0575880859669431,0.201545846439775,0.201545846439775,0.201256744041808,0.261567486864469,0.261567486864469,0.261302045373395
12.0332358285749,10.9650223926834,0,0,1,0.935383366010652,2.10513396204416,1,2.0881900725002,1,5,74,12.1469519133288,12.1469519133288,2.61536291517709,12.1469519133288,12.1469519133288,2.61536291517709,0.280775867086186,0.280775867086186,0.136792511032795,0.330385218680698,0.330385218680698,0.198300666812064
-0.027997100758515,-1.1779396924437,1,0,1,0.142362467234762,-0.496448894000566,0,2.0881900725002,1,5,74,0.774199765934969,0.774199765934969,-1.57226173841942,0.774199765934969,0.774199765934969,-1.57226173841942,0.263711159107883,0.263711159107883,0.26183681783863,0.316127827119158,0.316127827119158,0.314545675768395
8.50448751068093,9.10512597405015,1,0,1,0.150894741756651,-2.28430437283607,0,-0.915179779878602,1,5,75,7.49797754893659,7.49797754893659,0.179931081178581,7.49797754893659,7.49797754893659,0.179931081178581,0.367447405485802,0.367447405485802,0.364943906372517,0.399608233831287,0.399608233831287,0.39766615737894
-0.889113134674098,1.75651048316526,0,0,0,-1.3937158348117,1.51767913076675,0,-0.915179779878602,1,5,75,0.892693431644716,5.29604337560965,0.892693431644716,0.892693431644716,5.29604337560965,0.892693431644716,0.499272964896088,0.714426847021603,0.499272964896088,0.499455661322581,0.665651743889457,0.499455661322581
8.86504968486509,9.70069105479281,0,0,1,-0.495417204981364,0.622325524067873,1,-0.915179779878602,1,5,75,7.28122614251285,7.28122614251285,1.7939370846065,7.28122614251285,7.28122614251285,1.7939370846065,0.721127763045584,0.721127763045584,0.588821463959006,0.671192642713364,0.671192642713364,0.566841335155985
7.22854583548386,7.51564762534199,0,0,0,1.22682707659158,1.74985069723153,0,-0.915179779878602,1,5,75,6.36595082091605,11.5279282835177,6.36595082091605,6.36595082091605,11.5279282835177,6.36595082091605,0.463520820851654,0.637627689792335,0.463520820851654,0.472664516910784,0.604331543810687,0.472664516910784
-1.30730287417357,-1.14232502691309,0,0,0,-1.92478119994825,-0.0116894589830371,0,-0.915179779878602,1,5,75,-1.69880588837819,0.401330755073127,-1.69880588837819,-1.69880588837819,0.401330755073127,-1.69880588837819,0.606431990971925,0.901307105497274,0.606431990971925,0.580274867311186,0.843880582231268,0.580274867311186
7.96011516192601,7.07695286835219,0,1,0,1.32784112832179,-0.842734811622945,1,-0.472306403429898,0,5,76,5.43260891792269,11.2428108806439,5.43260891792269,5.43260891792269,11.2428108806439,5.43260891792269,0.636831631536304,0.868316589911998,0.636831631536304,0.603712831132891,0.807091937918628,0.603712831132891
1.74312338977767,4.35401268539788,0,0,0,0.0349518743710967,0.449671615023899,0,-0.472306403429898,0,5,76,2.84683041002131,5.14903497137951,2.84683041002131,2.84683041002131,5.14903497137951,2.84683041002131,0.65880562818676,0.658935890699621,0.65880562818676,0.620899930630467,0.621002528917645,0.620899930630467
7.69262369743625,8.22441381454743,0,0,1,0.21720807784565,-1.54363658111485,0,-0.472306403429898,0,5,76,7.69415671152635,7.69415671152635,3.21134281697042,7.69415671152635,7.69415671152635,3.21134281697042,0.566466387351675,0.566466387351675,0.560984399073768,0.549905510505829,0.549905510505829,0.545768728082575
5.55031219930863,5.7623640779177,0,1,1,-0.962235126747071,0.184832323923691,1,-0.472306403429898,0,5,76,5.986619395752,5.986619395752,0.852456407784972,5.986619395752,5.986619395752,0.852456407784972,0.833632360162098,0.833632360162098,0.665938452991812,0.771755357628198,0.771755357628198,0.626531317410422
5.89586952058757,7.73989821080536,1,1,1,-0.277300308418952,1.22500063851882,0,-0.472306403429898,0,5,76,5.82295260881271,5.82295260881271,2.22232604444121,5.82295260881271,5.82295260881271,2.22232604444121,0.610245411718496,0.610245411718496,0.601558622857467,0.583196451623544,0.583196451623544,0.576548087231129
3.38878348583488,4.05587147658337,0,0,0,0.128228770065327,1.39344292852951,0,1.43470474163263,1,4,77,2.59152277299702,6.63320596806592,2.59152277299702,2.59152277299702,6.63320596806592,2.59152277299702,0.25957257505662,0.261084432360118,0.25957257505662,0.31262991395443,0.313909635668094,0.31262991395443
8.03659293460344,8.05115005622281,1,1,1,1.38612607447147,-0.0148319612934441,1,1.43470474163263,1,4,77,8.79926247906216,8.79926247906216,3.69904249198635,8.79926247906216,8.79926247906216,3.69904249198635,0.668879375012313,0.668879375012313,0.336584182369632,0.62886133540719,0.62886133540719,0.375463461140177
-4.2458224599996,-1.89928807449749,0,1,0,-1.66906897456741,-0.62931766443592,0,1.43470474163263,1,4,77,-3.02583330923389,-0.529792586462807,-3.02583330923389,-3.02583330923389,-0.529792586462807,-3.02583330923389,0.320008900193601,0.637318539465511,0.320008900193601,0.362289684091957,0.604091232938568,0.362289684091957
1.31277436119944,3.01877890326463,0,0,1,-0.656412180818918,0.0163057170005056,0,1.43470474163263,1,4,77,1.74536953610642,1.74536953610642,-0.35489634030048,1.74536953610642,1.74536953610642,-0.35489634030048,0.38358356516314,0.38358356516314,0.33658223729669,0.412065203031355,0.412065203031355,0.375461924413721
3.27580397559379,5.28716980684461,0,1,1,0.21739542433015,-0.557350788435183,0,-1.74732997041432,1,4,78,2.23491793608632,2.23491793608632,-0.175721965283002,2.23491793608632,2.23491793608632,-0.175721965283002,0.687922599668272,0.687922599668272,0.683080061627096,0.644073214087006,0.644073214087006,0.640183597724064
4.91418529290394,9.17613167144817,0,0,1,0.300900940018976,1.21504161335662,0,-1.74732997041432,1,4,78,5.3400075900747,5.3400075900747,1.76368146788645,5.3400075900747,5.3400075900747,1.76368146788645,0.643285512385455,0.643285512385455,0.633381285260554,0.608737052240654,0.608737052240654,0.601034321552778
1.62228233986508,2.12929341733001,0,1,0,1.1350569309048,-1.35751230622794,0,-1.74732997041432,1,4,78,0.859439530073547,4.80227919163385,0.859439530073547,0.859439530073547,4.80227919163385,0.859439530073547,0.617116810685195,0.748350740507138,0.617116810685195,0.588473416000492,0.694113797340546,0.588473416000492
1.40915193243717,4.2040338683147,0,1,1,0.199781026093647,-0.875928406927668,0,-1.74732997041432,1,4,78,2.33772219381435,2.33772219381435,-0.529528380248494,2.33772219381435,2.33772219381435,-0.529528380248494,0.668226074824153,0.668226074824153,0.66401289985649,0.628343320651863,0.628343320651863,0.625008364425248
-1.24474899663562,-3.83653297794418,1,1,0,-1.15754355832463,-0.9252202992959,0,0.773248070503784,0,6,79,0.0870003048129072,3.0430329070421,0.0870003048129072,0.0870003048129072,3.0430329070421,0.0870003048129072,0.486352652385075,0.640769899802608,0.486352652385075,0.489780935285736,0.606776469548851,0.489780935285736
8.63789333816251,5.77867193893675,0,1,1,0.9774468668156,1.16440959145935,0,0.773248070503784,0,6,79,7.81283085177591,7.81283085177591,4.35698115509337,7.81283085177591,7.81283085177591,4.35698115509337,0.574970165401472,0.574970165401472,0.462819076867107,0.556334403693136,0.556334403693136,0.472137743370688
5.9891615305285,6.64385968248225,0,0,1,0.888162482857349,0.150556310308977,0,0.773248070503784,0,6,79,6.30107958975073,6.30107958975073,4.17841238717687,6.30107958975073,6.30107958975073,4.17841238717687,0.616705543101572,0.616705543101572,0.525670169801653,0.58815710799559,0.58815710799559,0.519227508621048
6.66277687664153,6.80890385630578,1,1,1,0.625898706087517,1.00602403762165,0,0.773248070503784,0,6,79,6.76596919790977,6.76596919790977,3.65388483363721,6.76596919790977,6.76596919790977,3.65388483363721,0.525197163182426,0.525197163182426,0.478994172496898,0.518872925183265,0.518872925183265,0.484268374124607
6.09816607249871,5.55039321772601,1,1,1,0.93404112994607,0.64933744320543,0,0.773248070503784,0,6,79,6.79180879650288,6.79180879650288,4.27016968135431,6.79180879650288,6.79180879650288,4.27016968135431,0.608170138603632,0.608170138603632,0.506856247204072,0.581605919587943,0.581605919587943,0.505133460152752
8.91398728771922,7.67708405841946,1,1,1,0.694357662699113,0.286697366815764,1,0.773248070503784,0,6,79,8.97299812699949,8.97299812699949,3.7908027468604,8.97299812699949,8.97299812699949,3.7908027468604,0.688501126559623,0.688501126559623,0.522866221267171,0.644538921399042,0.644538921399042,0.517125795801497
1.25677028607767,2.53093893434275,1,1,0,-0.468880876542328,-1.24126089212865,0,-0.247197068157156,0,6,80,2.00113185640985,5.64186045873786,2.00113185640985,2.00113185640985,5.64186045873786,2.00113185640985,0.573940946208205,0.599141219948564,0.573940946208205,0.555555492922596,0.574702188172228,0.555555492922596
2.46007228290668,2.66223142488029,1,0,0,0.356409492686744,-0.519508859644842,1,-0.247197068157156,0,6,80,3.65171259486799,9.02160205011748,3.65171259486799,3.65171259486799,9.02160205011748,3.65171259486799,0.631447799962542,0.745434800238851,0.631447799962542,0.599535564655208,0.691624637216679,0.599535564655208
5.62832498043346,5.60864655489455,1,1,1,-0.0277158090005171,-1.05636626723692,0,-0.247197068157156,0,6,80,6.09937168204953,6.09937168204953,2.88346199149347,6.09937168204953,6.09937168204953,2.88346199149347,0.593545448569388,0.593545448569388,0.593457810624837,0.570435988304034,0.570435988304034,0.570369245148706
5.31804546770713,4.3334618138217,1,0,0,0.835400929170516,1.15829395377784,0,-0.247197068157156,0,6,80,4.60969546783554,8.05134035119385,4.60969546783554,4.60969546783554,8.05134035119385,4.60969546783554,0.583118248306823,0.660617252289326,0.583118248306823,0.562509443985174,0.622327619200242,0.562509443985174
1.34612606896614,3.40543348986382,1,1,0,-0.0494156956035394,0.322902040568779,1,-0.247197068157156,0,6,80,2.84006221828743,8.04432794609091,2.84006221828743,2.84006221828743,8.04432794609091,2.84006221828743,0.638721531884561,0.740111091402114,0.638721531884561,0.605182154484384,0.687102137294981,0.605182154484384
0.778848438478415,2.10149114866881,0,0,0,-0.405796569327497,-1.58577068731501,0,-0.247197068157156,0,6,80,2.12730047083951,6.74196914358703,2.12730047083951,2.12730047083951,6.74196914358703,2.12730047083951,0.528452961884169,0.547777877955582,0.528452961884169,0.521313939384946,0.53582402869195,0.521313939384946
8.26266365137194,7.40924568735389,1,1,1,-1.27684960791266,1.85779995429954,1,1.02162362264091,0,5,81,7.95400662803212,7.95400662803212,-0.597414042163262,7.95400662803212,7.95400662803212,-0.597414042163262,0.641195999215134,0.641195999215134,0.340047050183213,0.607108354220007,0.607108354220007,0.378196097261141
0.282917413728977,0.251154999713617,1,1,0,-0.407857225706238,-0.943303857727895,0,1.02162362264091,0,5,81,1.14057072224958,4.13039289025391,1.14057072224958,1.14057072224958,4.13039289025391,1.14057072224958,0.455552414265045,0.475092769273809,0.455552414265045,0.466679619548659,0.481344404122279,0.466679619548659
2.66987092047926,4.2628486418702,1,1,1,-0.439016143943254,-1.0890711609841,0,1.02162362264091,0,5,81,4.3643288794628,4.3643288794628,1.07825288577555,4.3643288794628,4.3643288794628,1.07825288577555,0.464259770677844,0.464259770677844,0.441708092227992,0.473219163281838,0.473219163281838,0.456261054837996
-0.79701706237643,0.823211368754252,1,1,0,-0.821603454045302,-0.0479073244926292,0,1.02162362264091,0,5,81,0.313078265571451,2.41537337731149,0.313078265571451,0.313078265571451,2.41537337731149,0.313078265571451,0.497339611051566,0.576433550356772,0.497339611051566,0.498008140091959,0.557442296285664,0.498008140091959
3.42284218707524,1.078131701363,1,1,0,0.5506242405221,-0.731924210324903,0,1.02162362264091,0,5,81,3.05753365470625,5.69324670436599,3.05753365470625,3.05753365470625,5.69324670436599,3.05753365470625,0.472184888211436,0.507939692423683,0.472184888211436,0.479164343272615,0.505944726847357,0.479164343272615
2.84502343866915,3.63032978401291,0,0,0,0.0372920264689857,-1.24338237758914,0,-0.518078497885361,0,5,82,2.80617872296682,6.45217845986603,2.80617872296682,2.80617872296682,6.45217845986603,2.80617872296682,0.604686460997736,0.604843721131516,0.604686460997736,0.578939151297207,0.57905944986705,0.578939151297207
12.5362627794696,12.5286316067171,1,0,1,0.779970264214837,-2.01232273819678,1,-0.518078497885361,0,5,82,13.4409780011223,13.4409780011223,4.29153519845852,13.4409780011223,13.4409780011223,4.29153519845852,0.67098969399188,0.67098969399188,0.487999502687318,0.630536316631191,0.630536316631191,0.491014331172036
1.89457787536712,2.21695575588074,0,0,0,-0.38029408439149,-0.450195243250845,1,-0.518078497885361,0,5,82,1.97100650124587,7.27368225829156,1.97100650124587,1.97100650124587,7.27368225829156,1.97100650124587,0.663650545073065,0.772996370055805,0.663650545073065,0.624721999877949,0.715522540501404,0.624721999877949
1.77639110425804,2.83946296774635,1,0,1,-0.917472362823391,-0.175334226050972,0,-0.518078497885361,0,5,82,3.02739203520696,3.02739203520696,0.896649944382066,3.02739203520696,3.02739203520696,0.896649944382066,0.752735222991942,0.752735222991942,0.670898148745243,0.697873140388701,0.697873140388701,0.630463603053056
4.90024801712412,3.44893109179565,1,0,0,0.479171844416558,0.619424020138391,1,-0.518078497885361,0,5,82,3.68993835886197,9.17362447558637,3.68993835886197,3.68993835886197,9.17362447558637,3.68993835886197,0.655940013971594,0.77405234656445,0.655940013971594,0.618645133489075,0.71645571275206,0.618645133489075
2.63915831893731,1.34999038171575,1,0,0,0.341221867016003,-1.07471701635792,0,-0.735860218044512,1,5,83,2.06623645717357,5.32125312242284,2.06623645717357,2.06623645717357,5.32125312242284,2.06623645717357,0.532278012489582,0.545938728311719,0.532278012489582,0.524182867241098,0.53444120463149,0.524182867241098
4.3859518466348,1.25550535953226,1,1,0,-0.128116150142316,1.56802786876934,1,-0.735860218044512,1,5,83,3.77030530798419,11.3290167052215,3.77030530798419,3.77030530798419,11.3290167052215,3.77030530798419,0.470806478668726,0.589797030706161,0.470806478668726,0.478130706056139,0.567583180943178,0.478130706056139
3.44146897335991,5.11592340902444,1,1,1,-0.232031986537782,-0.052681830930388,0,-0.735860218044512,1,5,83,4.04453931080371,4.04453931080371,1.94176393549353,4.04453931080371,4.04453931080371,1.94176393549353,0.592060131979197,0.592060131979197,0.585897868129976,0.569305094419568,0.569305094419568,0.564619665737289
4.26347696236938,5.44801774085802,0,1,0,0.203753263624791,1.0901462402798,1,-0.735860218044512,1,5,83,3.95616250702887,10.2445813322251,3.95616250702887,3.95616250702887,10.2445813322251,3.95616250702887,0.530707091462303,0.64920994834842,0.530707091462303,0.523004463012709,0.613366004537531,0.523004463012709
1.04602273230125,2.73855690973234,0,1,1,-1.210366492088,0.147115969695862,0,-0.735860218044512,1,5,83,2.30653583355891,2.30653583355891,0.184892725019352,2.30653583355891,2.30653583355891,0.184892725019352,0.738662607989358,0.738662607989358,0.585031949519119,0.685876457669055,0.685876457669055,0.563962071025113
5.79869766100888,3.7862808702843,1,0,1,1.07591351476168,0.69160315629754,0,1.81545601730692,1,5,84,5.12586456084572,5.12586456084572,2.547549635045,5.12586456084572,5.12586456084572,2.547549635045,0.401036332448638,0.401036332448638,0.278768758769815,0.425433311840779,0.425433311840779,0.328721497000057
3.52919376773191,2.41593738076975,0,0,1,0.487878387665847,-1.2125522381252,0,1.81545601730692,1,5,84,3.03760691661303,3.03760691661303,-0.532676013569401,3.03760691661303,3.03760691661303,-0.532676013569401,0.263800492865182,0.263800492865182,0.24231079604818,0.316203151496157,0.316203151496157,0.297854517563662
2.06462576497536,0.422590366359017,0,0,1,-0.863168979340891,-1.70830187375168,0,1.81545601730692,1,5,84,1.28777490865414,1.28777490865414,-3.73052038320936,1.28777490865414,1.28777490865414,-3.73052038320936,0.257162507195013,0.257162507195013,0.194988397618194,0.310585284723933,0.310585284723933,0.255515078979405
2.93728435458949,1.93211458956625,1,1,1,-1.63208470490539,0.269110033393706,1,1.81545601730692,1,5,84,1.88148028288018,1.88148028288018,-3.29093992719298,1.88148028288018,1.88148028288018,-3.29093992719298,0.702925606379471,0.702925606379471,0.294580948645075,0.656224746966381,0.656224746966381,0.341740085466991
4.83408330980687,1.92235063184075,0,1,1,-1.33978334365634,-1.48421026366163,1,1.81545601730692,1,5,84,2.84322260500832,2.84322260500832,-4.4596575017502,2.84322260500832,2.84322260500832,-4.4596575017502,0.511612740907008,0.511612740907008,0.217475910185229,0.508695268921943,0.508695268921943,0.276006318424023
-2.75120127895903,-1.44949651503693,1,0,0,-1.77908516180121,-0.458158841609854,0,-0.425546972727684,1,6,85,-1.19741939120997,1.11249013293531,-1.19741939120997,-1.19741939120997,1.11249013293531,-1.19741939120997,0.540231427999355,0.84166232093629,0.540231427999355,0.530152782003743,0.779688451421697,0.530152782003743
1.20255994739508,1.61162905509466,1,1,1,-1.45263809572364,0.0459798004644055,0,-0.425546972727684,1,6,85,2.06172752507017,2.06172752507017,-0.040386616980573,2.06172752507017,2.06172752507017,-0.040386616980573,0.769040166394444,0.769040166394444,0.549964909391861,0.712038632828546,0.712038632828546,0.537469032920205
4.56139950853001,4.12439432435297,0,0,1,-0.476777140504792,-1.68573224661437,0,-0.425546972727684,1,6,85,5.12131645365388,5.12131645365388,0.17962324637835,5.12131645365388,5.12131645365388,0.17962324637835,0.443134452966701,0.443134452966701,0.416813825906473,0.457335840813414,0.457335840813414,0.437439004573069
3.62955380226171,3.11117199105329,1,1,0,0.668495697621553,0.2296204913312,0,-0.425546972727684,1,6,85,4.38552166057661,6.53824723061579,4.38552166057661,4.38552166057661,6.53824723061579,4.38552166057661,0.547597264243842,0.599208051969097,0.547597264243842,0.535688207903763,0.5747531964418,0.535688207903763
4.00758695515542,0.195926573109225,1,0,1,-1.300126573525,0.353183130107407,0,-0.425546972727684,1,6,85,2.79657808045217,2.79657808045217,0.571839757059701,2.79657808045217,2.79657808045217,0.571839757059701,0.726870676238578,0.726870676238578,0.544224932608227,0.675971506168293,0.675971506168293,0.533153039218462
1.25786280692562,1.79991092088771,1,0,1,-1.5663110418772,0.476102833233496,0,-0.425546972727684,1,6,85,2.48906443129436,2.48906443129436,0.162390523481398,2.48906443129436,2.48906443129436,0.162390523481398,0.789912943239109,0.789912943239109,0.539444784667321,0.730646112386844,0.730646112386844,0.529562014641256
3.80180818455086,0.185837311808943,0,0,1,-0.736504356393897,-0.00335908464497805,0,-0.565914792382142,1,5,86,3.30338393377996,3.30338393377996,1.20337265033031,3.30338393377996,3.30338393377996,1.20337265033031,0.628036211334037,0.628036211334037,0.566414180571282,0.596894815661495,0.596894815661495,0.549866087622834
6.08201748065525,4.89695187818028,0,0,1,0.328077273933146,0.968365936358054,0,-0.565914792382142,1,5,86,7.34199351868603,7.34199351868603,4.30426093198742,7.34199351868603,7.34199351868603,4.30426093198742,0.535169116059193,0.535169116059193,0.522506721193044,0.526352198284047,0.526352198284047,0.516856369679885
7.84354022340106,1.14582055271259,0,0,1,-0.301935977308155,0.638653163279739,0,-0.565914792382142,1,5,86,5.22239951939372,5.22239951939372,2.7145216564265,5.22239951939372,5.22239951939372,2.7145216564265,0.5580443484587,0.5580443484587,0.54739915850511,0.543552373662015,0.543552373662015,0.535539238379069
9.3313719389715,5.76266805507213,0,0,1,1.69617029469061,-0.201148585041248,0,-0.565914792382142,1,5,86,8.01139320536715,8.01139320536715,5.87093245210306,8.01139320536715,8.01139320536715,5.87093245210306,0.836439868128613,0.836439868128613,0.564535804593381,0.774513640993387,0.774513640993387,0.548448021647078
8.89652184326484,3.48904526016108,1,0,1,0.811394838416543,-0.665741811532478,0,-0.565914792382142,1,5,86,6.18000047268623,6.18000047268623,3.63678831306368,6.18000047268623,6.18000047268623,3.63678831306368,0.621224263202612,0.621224263202612,0.545744849765971,0.591635887715787,0.591635887715787,0.53429545744376
10.272686424046,10.564516072046,1,0,1,1.45410570079579,0.811411543951277,1,-1.36753989097613,1,4,87,10.6078462857892,10.6078462857892,4.84945759213185,10.6078462857892,10.6078462857892,4.84945759213185,0.882477311277073,0.882477311277073,0.627575361196862,0.822435919458888,0.822435919458888,0.596538456064076
-3.17874603041041,-3.08791713427492,0,0,0,-1.10820997605275,-1.34033717587285,1,-1.36753989097613,1,4,87,-2.42692248138935,4.46958126363745,-2.42692248138935,-2.42692248138935,4.46958126363745,-2.42692248138935,0.576023600558257,0.796909245942066,0.576023600558257,0.557131884865096,0.737016176011466,0.557131884865096
1.20200379809836,1.82224626336147,0,0,1,-0.365610072457648,-0.42334375305183,0,-1.36753989097613,1,4,87,2.25449068186988,2.25449068186988,-0.024729251378131,2.25449068186988,2.25449068186988,-0.024729251378131,0.662857154907793,0.662857154907793,0.64854493998258,0.624095243528755,0.624095243528755,0.612845579118961
6.95739640644055,5.49039731592195,0,0,1,-0.00883245095664728,-0.100545667353406,1,-1.36753989097613,1,4,87,6.12173350854584,6.12173350854584,1.0116240773223,6.12173350854584,6.12173350854584,1.0116240773223,0.754159756808386,0.754159756808386,0.655821402740451,0.69909894318509,0.69909894318509,0.618551896219886
7.23290007471227,5.72386427144596,0,1,1,-0.092610964173353,0.591332301538733,1,1.19364511253419,1,6,88,7.43099560935836,7.43099560935836,1.98132171851526,7.43099560935836,7.43099560935836,1.98132171851526,0.461721561316733,0.461721561316733,0.347395314611317,0.471313771830782,0.471313771830782,0.383973953591369
4.22672184972569,3.43067880474691,0,1,1,0.355917222849603,-0.187002175118427,0,1.19364511253419,1,6,88,4.23501342940304,4.23501342940304,2.10004361590402,4.23501342940304,4.23501342940304,2.10004361590402,0.374999165119865,0.374999165119865,0.361044257410447,0.405450773049746,0.405450773049746,0.39463564315784
1.3170242618991,1.56597497682533,0,1,1,0.297713882843292,-0.363115931938321,0,1.19364511253419,1,6,88,4.03937635909894,4.03937635909894,1.8075231790715,4.03937635909894,4.03937635909894,1.8075231790715,0.366513858520318,0.366513858520318,0.356818313342611,0.398884350377704,0.398884350377704,0.391343920373412
1.19938621699328,-2.53845829353638,1,1,1,-0.80557375986069,-0.228005153618832,0,1.19364511253419,1,6,88,1.88804502205977,1.88804502205977,-0.263941328016975,1.88804502205977,1.88804502205977,-0.263941328016975,0.433634531507735,0.433634531507735,0.360300505665094,0.45017068894162,0.45017068894162,0.39405689496286
5.349533005827,2.52906926458406,0,1,1,-1.22698502036565,-1.21500916619808,1,1.19364511253419,1,6,88,4.48247941233921,4.48247941233921,-2.09376786160615,4.48247941233921,4.48247941233921,-2.09376786160615,0.584359856572103,0.584359856572103,0.300577293629984,0.56345180265539,0.56345180265539,0.346626599863781
4.48228555049947,2.8008950416989,0,1,1,0.440242373147368,-1.11175654364585,0,1.19364511253419,1,6,88,4.67994216031149,4.67994216031149,1.34393954797212,4.67994216031149,4.67994216031149,1.34393954797212,0.330313609582594,0.330313609582594,0.310272623055953,0.370498427343037,0.370498427343037,0.354473223981727
7.04060380352347,7.67492545189064,1,1,1,-2.22831701151886,0.981717718116157,1,0.100650418712722,1,6,89,5.57872286635458,5.57872286635458,-0.485046811708618,5.57872286635458,5.57872286635458,-0.485046811708618,0.932961505087088,0.932961505087088,0.442861184630118,0.883443844732642,0.883443844732642,0.457129955174898
4.38649111103086,7.0844434254456,1,1,1,0.311003161015054,0.254324394699645,0,0.100650418712722,1,6,89,6.03088110768205,6.03088110768205,3.86620020994271,6.03088110768205,6.03088110768205,3.86620020994271,0.496483020134775,0.496483020134775,0.485071731739184,0.497366794051553,0.497366794051553,0.488821526579347
9.19519364215891,10.6259959833217,1,0,1,0.657477964419372,1.25344477381747,0,0.100650418712722,1,6,89,9.22939399687951,9.22939399687951,5.55827019586917,9.22939399687951,9.22939399687951,5.55827019586917,0.46502281312097,0.46502281312097,0.414750363345281,0.473791833964431,0.473791833964431,0.435872624410075
2.70047970688263,5.01933808318767,1,1,1,-0.656301320414596,0.483820996022122,0,0.100650418712722,1,6,89,4.49517060459772,4.49517060459772,2.16108784840588,4.49517060459772,4.49517060459772,2.16108784840588,0.52787855400714,0.52787855400714,0.47708552548632,0.520883220322861,0.520883220322861,0.482838033485342
7.91271842219115,9.90123782489022,1,1,1,1.3399889952133,0.802011694860117,0,0.100650418712722,1,6,89,9.21508193719206,9.21508193719206,6.47185917849967,9.21508193719206,9.21508193719206,6.47185917849967,0.663716514635723,0.663716514635723,0.457850645480864,0.62477412946842,0.62477412946842,0.468406547038239
8.2575835756369,7.77466205547999,1,0,1,1.15845669115153,-0.695139678479152,0,0.100650418712722,1,6,89,7.19486236963295,7.19486236963295,4.61164319703686,7.19486236963295,7.19486236963295,4.61164319703686,0.621345940067327,0.621345940067327,0.465361686307703,0.591729666945166,0.591729666945166,0.474046142560992
7.19551187482969,9.34877239954333,1,1,1,2.00333634463707,-1.27069220514305,0,-1.09101543611595,0,4,90,9.53101668764219,9.53101668764219,5.81635800743087,9.53101668764219,9.53101668764219,5.81635800743087,0.932321156870939,0.932321156870939,0.664512698386115,0.882588753663069,0.882588753663069,0.625403467170095
5.35362683753586,5.61158399034395,1,1,1,-0.362097335319289,0.677550818426764,1,-1.09101543611595,0,4,90,6.64456575906893,6.64456575906893,1.08549064751815,6.64456575906893,6.64456575906893,1.08549064751815,0.809186637796094,0.809186637796094,0.711610192746015,0.74837387277743,0.74837387277743,0.663333574358265
2.46474251425018,1.47712931381749,0,1,1,-0.743825893154452,0.0247377516838962,0,-1.09101543611595,0,4,90,2.4226454882062,2.4226454882062,0.322033531847823,2.4226454882062,2.4226454882062,0.322033531847823,0.778203463395464,0.778203463395464,0.729211817162832,0.720137700886837,0.720137700886837,0.677927916316931
1.01963731432608,1.61250971698671,1,1,1,-0.339860356432828,-0.126121587994553,0,-1.09101543611595,0,4,90,3.24587126024934,3.24587126024934,1.12996460529107,3.24587126024934,3.24587126024934,1.12996460529107,0.739396352720857,0.739396352720857,0.728635175415085,0.686497085425896,0.686497085425896,0.677445583955774
0.992015333959224,0.894336069432147,1,0,0,-0.891635218778968,-0.573582046979836,0,0.237494879065785,0,4,91,1.16032574485959,3.58932210947717,1.16032574485959,1.16032574485959,3.58932210947717,1.16032574485959,0.57394105574569,0.66247499286158,0.57394105574569,0.555555575807914,0.62379346812162,0.555555575807914
0.237202764990117,-0.717991765319305,1,1,0,-1.41029241042576,-1.20504919608615,1,0.237494879065785,0,4,91,0.123011361566011,6.6751549265539,0.123011361566011,0.123011361566011,6.6751549265539,0.123011361566011,0.521425968072997,0.818816710419177,0.521425968072997,0.516046452868917,0.757455321238427,0.516046452868917
4.52837026168261,4.43482280178672,0,0,1,-0.411522109730558,-0.540101886738353,0,0.237494879065785,0,4,91,4.51226201101474,4.51226201101474,2.12055196295641,4.51226201101474,4.51226201101474,2.12055196295641,0.595092693549421,0.595092693549421,0.575663757741663,0.571614695249013,0.571614695249013,0.556859445384269
2.63496795920388,3.16859792681672,1,1,0,-0.16592737093594,0.44760419976794,0,0.237494879065785,0,4,91,2.61174144054565,4.91209096019555,2.61174144054565,2.61174144054565,4.91209096019555,2.61174144054565,0.579877321196791,0.583044482401104,0.579877321196791,0.560051424489084,0.562453469067797,0.560051424489084
9.16187692251781,6.20804392518878,0,0,1,0.136160763836237,0.474825997747443,1,0.461581071107657,1,5,92,8.85955016835188,8.85955016835188,3.53409044021503,8.85955016835188,8.85955016835188,3.53409044021503,0.554878487283663,0.554878487283663,0.435227916542239,0.541167433002024,0.541167433002024,0.45137363174198
8.80149300924847,4.6235793788863,0,0,1,-0.307247394944075,1.52460275226781,0,0.461581071107657,1,5,92,8.12146442939737,8.12146442939737,3.69705087717477,8.12146442939737,8.12146442939737,3.69705087717477,0.351336887939834,0.351336887939834,0.34120270268549,0.38706195389883,0.38706195389883,0.379106627768998
6.65712287415614,8.1541623547322,1,0,1,0.796008717716159,-1.26207184107772,0,0.461581071107657,1,5,92,6.80971384119101,6.80971384119101,3.1168885091497,6.80971384119101,6.80971384119101,3.1168885091497,0.445319103372937,0.445319103372937,0.373030653716656,0.458981356957004,0.458981356957004,0.403930017847343
5.34151164493684,4.77895020384547,1,0,1,-1.56442462683441,0.452071201527216,1,0.461581071107657,1,5,92,5.41453323390377,5.41453323390377,0.11016486265351,5.41453323390377,5.41453323390377,0.11016486265351,0.799003734407827,0.799003734407827,0.43620793697462,0.738937220230559,0.738937220230559,0.452113267420565
8.06992480263713,9.3014018026193,0,1,1,-0.10697804009715,0.533952593616424,1,0.461581071107657,1,5,92,8.49204480044694,8.49204480044694,3.10693942821723,8.49204480044694,8.49204480044694,3.10693942821723,0.551264479411371,0.551264479411371,0.432459083746876,0.538446849434919,0.538446849434919,0.449282954934234
-4.72598552157565,-4.05792431229033,0,0,0,-3.32566269172237,2.39343857037415,1,-0.253845101667988,0,4,93,-3.71576271908558,7.11278547106907,-3.71576271908558,-3.71576271908558,7.11278547106907,-3.71576271908558,0.379825388550484,0.99544752380733,0.379825388550484,0.409172865122742,0.988541044612873,0.409172865122742
0.444710094575677,0.594843755016802,0,0,0,-1.18548191787741,-1.483327573348,0,-0.253845101667988,0,4,93,0.564598828604344,4.86485951845881,0.564598828604344,0.564598828604344,4.86485951845881,0.564598828604344,0.544001085385898,0.698918765374179,0.544001085385898,0.532984813843021,0.652963922851851,0.532984813843021
1.79147647171894,-0.617791940899021,0,0,0,-0.976338325894416,-1.53556785927628,0,-0.253845101667988,0,4,93,0.982886012570337,5.44085466301269,0.982886012570337,0.982886012570337,5.44085466301269,0.982886012570337,0.536602062900629,0.645083953789449,0.536602062900629,0.527427716795121,0.610140482315791,0.527427716795121
4.89954316398561,2.81877719451468,1,1,0,0.225571687074765,0.574326935533821,0,-0.253845101667988,0,4,93,3.3867060385087,5.81655746738837,3.3867060385087,3.3867060385087,5.81655746738837,3.3867060385087,0.629534740543337,0.635138257365986,0.629534740543337,0.598054170023166,0.602397623014498,0.598054170023166
3.21920994194187,3.80638790265484,1,0,1,-0.995366158225376,-0.166207970990172,0,-0.355798224593375,1,4,94,2.84409242555595,2.84409242555595,0.716467335935278,2.84409242555595,2.84409242555595,0.716467335935278,0.6528183237892,0.6528183237892,0.540602647030939,0.61619363641171,0.61619363641171,0.530431591654631
0.661017521972452,3.5027989056205,0,0,0,0.476967058652383,-1.45728922160838,0,-0.355798224593375,1,4,94,2.37005251907259,6.59374439448855,2.37005251907259,2.37005251907259,6.59374439448855,2.37005251907259,0.441984840768225,0.46862404019311,0.441984840768225,0.456469616243667,0.476493815441573,0.456469616243667
9.02580359651393,8.30038501839266,1,1,1,0.0837359017156726,-1.38741643264835,1,-0.355798224593375,1,4,94,8.67838735174186,8.67838735174186,1.6534629941592,8.67838735174186,8.67838735174186,1.6534629941592,0.569536528944847,0.569536528944847,0.451266319257322,0.552224818328453,0.552224818328453,0.463457128609202
4.66929139380506,6.50237119518653,1,0,1,0.429427809962878,0.132450493727647,0,-0.355798224593375,1,4,94,5.9822568703183,5.9822568703183,3.8647137370296,5.9822568703183,5.9822568703183,3.8647137370296,0.562613636511786,0.562613636511786,0.541075581183318,0.546997588303209,0.546997588303209,0.530786819519846
9.12657616109056,11.1498708276519,0,0,1,-0.528881886888302,-2.31039680452594,0,-0.929101218474092,0,4,95,8.51694054641703,8.51694054641703,1.07900715205335,8.51694054641703,8.51694054641703,1.07900715205335,0.508690788370932,0.508690788370932,0.475697160889777,0.506507151168629,0.506507151168629,0.481797442510495
6.33714573491438,7.21719043818827,1,1,0,1.44340937256289,1.57836511026685,0,-0.929101218474092,0,4,95,5.02358967095575,9.61482609226343,5.02358967095575,5.02358967095575,9.61482609226343,5.02358967095575,0.608404363269628,0.807511709657945,0.608404363269628,0.581785362149589,0.746810317103166,0.581785362149589
-1.58464878748544,1.29535771706126,0,1,0,-1.88156549267472,-1.45226939188636,1,-0.929101218474092,0,4,95,-1.62636005951948,5.58272632709049,-1.62636005951948,-1.62636005951948,5.58272632709049,-1.62636005951948,0.62550131850385,0.937331678003172,0.62550131850385,0.594935718947391,0.889352015682448,0.594935718947391
7.70877589635543,7.94481334848783,1,1,0,1.7846015516976,0.500902934490361,0,-0.929101218474092,0,4,95,5.70597402922515,8.05687777900621,5.70597402922515,5.70597402922515,8.05687777900621,5.70597402922515,0.703865285413529,0.917167004929829,0.703865285413529,0.656991174788668,0.863063528081379,0.656991174788668
5.82517414440683,5.61609174078923,0,1,1,-0.591314260216043,-0.796761523289812,1,0.315157349489756,1,4,96,6.6561147263358,6.6561147263358,0.921285801340694,6.6561147263358,6.6561147263358,0.921285801340694,0.591143278585974,0.591143278585974,0.433217019397871,0.568607324296329,0.568607324296329,0.449855402242715
5.35543454275819,6.41357637911535,1,1,1,-0.596656321891606,-0.516005231439197,1,0.315157349489756,1,4,96,6.5576193687128,6.5576193687128,1.19135796984018,6.5576193687128,6.5576193687128,1.19135796984018,0.60859939342751,0.60859939342751,0.45039042981124,0.581934791196119,0.581934791196119,0.462798279812408
7.35289775683205,5.72317994619146,1,0,0,1.21564939006032,1.3769638830475,1,0.315157349489756,1,4,96,6.70893850823074,13.704968043448,6.70893850823074,6.70893850823074,13.704968043448,6.70893850823074,0.375819302605498,0.660170380913451,0.375819302605498,0.406083913341976,0.621975291214108,0.406083913341976
1.02213903896467,3.29041209278072,0,1,0,-1.02090305162174,1.86813944644508,1,0.315157349489756,1,4,96,2.72700918826419,11.3169541796283,2.72700918826419,2.72700918826419,11.3169541796283,2.72700918826419,0.307928126402974,0.539002481847267,0.307928126402974,0.352581718832453,0.529229877410001,0.352581718832453
3.31371202112239,-0.00710504877173751,0,1,1,-1.01422884087577,0.243628465353405,0,-0.939701064379702,0,5,97,2.24785905698257,2.24785905698257,0.0885042278521123,2.24785905698257,2.24785905698257,0.0885042278521123,0.802114658562128,0.802114658562128,0.712447509380603,0.741802854875902,0.741802854875902,0.664022046034433
9.69511602798947,4.23617300680179,1,0,1,0.702334092108599,-1.29552956166727,0,-0.939701064379702,0,5,97,7.30002693897465,7.30002693897465,3.52163009382085,7.30002693897465,7.30002693897465,3.52163009382085,0.697164664810128,0.697164664810128,0.645566562819177,0.651540053634671,0.651540053634671,0.610517347591856
2.52416432282139,0.730481067707455,1,0,1,-0.232776969195856,0.393885465016897,0,-0.939701064379702,0,5,97,3.90655373076352,3.90655373076352,1.65140797121194,3.90655373076352,3.90655373076352,1.65140797121194,0.713993587011247,0.713993587011247,0.70869477184084,0.665294749247334,0.665294749247334,0.660940698302464
7.27015762059655,4.74845086404239,0,0,1,0.206990102944719,-1.1164009793257,0,-0.939701064379702,0,5,97,5.87729326213248,5.87729326213248,2.53094211549309,5.87729326213248,5.87729326213248,2.53094211549309,0.668611500213388,0.668611500213388,0.664090277355706,0.628648902804174,0.628648902804174,0.62506952422926
3.47090835407495,1.43763231238061,1,1,1,-0.62597552446011,-0.618765043660303,0,-0.939701064379702,0,5,97,3.34788103993937,3.34788103993937,0.865010860683436,3.34788103993937,3.34788103993937,0.865010860683436,0.737389527279812,0.737389527279812,0.699663617449629,0.684800866061482,0.684800866061482,0.653569212748328
10.4065621142297,7.02870162046596,1,0,1,1.09112605594335,-0.688093693902873,1,0.412714401857482,1,6,98,9.89729817207214,9.89729817207214,4.32382524048324,9.89729817207214,9.89729817207214,4.32382524048324,0.679508280068445,0.679508280068445,0.429390654024469,0.637324265777236,0.637324265777236,0.446964274297942
6.50192867705063,5.5811573482265,1,1,1,-1.12532160530055,0.223056323849218,1,0.412714401857482,1,6,98,5.95183405935667,5.95183405935667,0.802079935747545,5.95183405935667,5.95183405935667,0.802079935747545,0.704360403643583,0.704360403643583,0.449110034801589,0.657395270617872,0.657395270617872,0.46183495958493
7.10401266600926,4.50367058598279,1,1,1,0.667850175886071,-0.828537678120861,0,0.412714401857482,1,6,98,6.12330418021661,6.12330418021661,3.3368294961507,6.12330418021661,6.12330418021661,3.3368294961507,0.471552833792198,0.471552833792198,0.419554059861757,0.478690399792936,0.478690399792936,0.439517494096906
6.16759373236631,5.58765572845649,0,0,1,0.031417249453115,0.882500998485896,0,0.412714401857482,1,6,98,6.65381033222015,6.65381033222015,3.77500231989155,6.65381033222015,6.65381033222015,3.77500231989155,0.415421741160999,0.415421741160999,0.415308429531018,0.43638238695263,0.43638238695263,0.436296359921475
4.75222834937245,3.29272063829167,0,0,1,0.238175342260207,-0.189259318582862,0,0.412714401857482,1,6,98,5.25257727810742,5.25257727810742,3.11675818843697,5.25257727810742,5.25257727810742,3.11675818843697,0.456400345883662,0.456400345883662,0.449761484377112,0.467316846386786,0.467316846386786,0.462325115336612
7.9938352096243,7.84738786551334,0,0,1,0.816524019199221,-1.57631267066289,0,0.412714401857482,1,6,98,7.47116382592736,7.47116382592736,2.88640219023497,7.47116382592736,7.47116382592736,2.88640219023497,0.4135106822086,0.4135106822086,0.339575826468484,0.434931058790231,0.434931058790231,0.377824620522222
3.18141473847248,0.91053153299938,0,1,0,-0.254756679008463,-0.575740811342086,0,-0.687196024566277,0,4,99,2.01824826580338,4.44972574764822,2.01824826580338,2.01824826580338,4.44972574764822,2.01824826580338,0.675996793686263,0.682712905924578,0.675996793686263,0.634520899391568,0.639889306736594,0.634520899391568
3.40913893607573,4.74671321073967,1,1,0,1.06862705565584,-1.44498834292182,1,-0.687196024566277,0,4,99,4.66501573513199,11.8530070463119,4.66501573513199,4.66501573513199,11.8530070463119,4.66501573513199,0.599282595037726,0.805855241535089,0.599282595037726,0.574810091607948,0.745268480112344,0.574810091607948
-0.0521458308049026,-2.32192710301144,0,1,0,-1.15064825266018,-0.542627905136791,0,-0.687196024566277,0,4,99,0.226465118499948,2.62091016193309,0.226465118499948,0.226465118499948,2.62091016193309,0.226465118499948,0.677535919280529,0.798177474628144,0.677535919280529,0.635748721609928,0.738178593626332,0.635748721609928
3.5132546068401,1.9794807758053,0,1,0,-0.318811577548684,-1.57036635957636,0,-0.687196024566277,0,4,99,1.89013846872294,6.45618897201205,1.89013846872294,1.89013846872294,6.45618897201205,1.89013846872294,0.58199590458457,0.593638456226295,0.58199590458457,0.561657934302634,0.570506823285169,0.561657934302634
0.507628560273357,4.42308986324135,0,0,0,-0.577640746124117,1.03799787686391,0,0.641680167393884,1,5,100,2.47096294738904,5.64840253976303,2.47096294738904,2.47096294738904,5.64840253976303,2.47096294738904,0.375920735581544,0.413616216498271,0.375920735581544,0.406162200678042,0.435011229861501,0.406162200678042
4.84239364544916,4.71901645224337,1,1,1,-0.368333436821421,-1.20589774444885,0,0.641680167393884,1,5,100,4.19987131474848,4.19987131474848,0.645681944681669,4.19987131474848,4.19987131474848,0.645681944681669,0.374252499065011,0.374252499065011,0.359327203058976,0.404874123229068,0.404874123229068,0.393299148486239
4.36075679261472,5.98293054040659,1,0,0,0.645381722239466,0.18851558573955,0,0.641680167393884,1,5,100,4.06752559299184,6.20306371905856,4.06752559299184,4.06752559299184,6.20306371905856,4.06752559299184,0.423173605644734,0.471776692408176,0.423173605644734,0.442260202025236,0.478858262998121,0.442260202025236
3.3452450362747,5.10792124145078,1,1,1,-1.01286537303246,0.00353688962510916,0,0.641680167393884,1,5,100,2.66606521592177,2.66606521592177,0.566052706333551,2.66606521592177,2.66606521592177,0.566052706333551,0.545227439394273,0.545227439394273,0.424813798196801,0.533906521315525,0.533906521315525,0.44350206376324
3.57607846675789,8.50223390546951,1,1,1,-1.28053629500231,-0.633468180609078,1,0.641680167393884,1,5,100,4.89498772800384,4.89498772800384,-0.606294207840333,4.89498772800384,4.89498772800384,-0.606294207840333,0.704741630913709,0.704741630913709,0.406387072265286,0.657706537842606,0.657706537842606,0.429512612608393
1.04689740510432,4.76323669810559,1,1,0,-0.363979555381001,0.323890395388235,0,0.949331774414402,0,4,101,1.3708100713252,3.57571505954995,1.3708100713252,1.3708100713252,3.57571505954995,1.3708100713252,0.501027531727409,0.516657376728494,0.501027531727409,0.500769315619143,0.512473680679969,0.500769315619143
3.21280031068053,7.51962396082436,0,0,1,-0.00317147177427233,-0.0646332094328756,0,0.949331774414402,0,4,101,4.19660369030025,4.19660369030025,2.09242623853866,4.19660369030025,4.19660369030025,2.09242623853866,0.505783709205535,0.505783709205535,0.505782522261802,0.504330383433995,0.504330383433995,0.50432949470576
4.33859815466306,6.91658494477681,1,1,1,-0.598422575600129,-0.114857943155588,0,0.949331774414402,0,4,101,3.01511637799288,3.01511637799288,0.901924030886944,3.01511637799288,3.01511637799288,0.901924030886944,0.547485420639066,0.547485420639066,0.505356989411236,0.535604104228194,0.535604104228194,0.504010876981898
8.69977596015877,11.7396658447361,1,1,1,0.226789730468266,0.723642111499953,1,0.949331774414402,0,4,101,8.17600654855985,8.17600654855985,2.55234864302373,8.17600654855985,8.17600654855985,2.55234864302373,0.603890064584906,0.603890064584906,0.481267026563878,0.578330056600244,0.578330056600244,0.485971365499539
16.1213648523067,12.1377582828514,0,0,1,-0.590752761220064,2.35112536112637,1,-0.634934000579623,1,4,102,14.3942691173258,14.3942691173258,3.76647865359419,14.3942691173258,14.3942691173258,3.76647865359419,0.473210588216702,0.473210588216702,0.321762480339003,0.479933392341861,0.479933392341861,0.363691102725745
9.95467229294925,9.41609831656454,1,1,1,3.02869178054228,-0.0527050278333424,0,-0.634934000579623,1,4,102,10.7043151681181,10.7043151681181,8.60153734815917,10.7043151681181,10.7043151681181,8.60153734815917,0.991680119615712,0.991680119615712,0.574278038433672,0.979971061277062,0.979971061277062,0.555810577845955
2.03817373422848,-1.68524469570673,0,1,0,-1.05631966429314,0.178194757628524,0,-0.634934000579623,1,4,102,0.662414243950205,2.79416761559649,0.662414243950205,0.662414243950205,2.79416761559649,0.662414243950205,0.572938384833724,0.694792268875384,0.572938384833724,0.554796979811842,0.649617748965092,0.554796979811842
8.85718575896366,2.29284445146609,1,0,1,1.04564681363228,-0.212194675796288,0,-0.634934000579623,1,4,102,6.62098434681253,6.62098434681253,4.47595776637623,6.62098434681253,6.62098434681253,4.47595776637623,0.691987283160115,0.691987283160115,0.572324370451446,0.647349967297632,0.647349967297632,0.554332539068327
7.4735051238248,5.0981687061921,1,1,1,-1.11847335106152,1.34739173283273,1,-0.927491476851825,0,5,103,6.81827733995017,6.81827733995017,-0.09718714175581,6.81827733995017,6.81827733995017,-0.09718714175581,0.838123100788292,0.838123100788292,0.638263791851583,0.77617519458202,0.77617519458202,0.604826135225655
4.98572223722255,4.72532375872781,0,1,1,-0.705869527561839,-0.761622998684125,1,-0.927491476851825,0,5,103,6.40809009736814,6.40809009736814,0.728020505243543,6.40809009736814,6.40809009736814,0.728020505243543,0.820465925800157,0.820465925800157,0.69048158324604,0.759026823694433,0.759026823694433,0.64613485124669
5.90197290576785,4.74687271704486,0,1,1,0.16203096438226,-1.20905044268831,0,-0.927491476851825,0,5,103,6.02562446209653,6.02562446209653,2.46382148913174,6.02562446209653,6.02562446209653,2.46382148913174,0.656413046955017,0.656413046955017,0.653599162226172,0.619017044553349,0.619017044553349,0.616806375280335
2.28835413899115,0.12843506307507,1,1,0,1.2434263691533,1.07633264210263,0,-0.927491476851825,0,5,103,4.62661229867382,7.88510425512945,4.62661229867382,4.62661229867382,7.88510425512945,4.62661229867382,0.666514042717949,0.80707497269893,0.666514042717949,0.626986960259954,0.746403372693802,0.626986960259954
6.47117620775985,4.6459903659179,0,1,1,0.92491630792552,1.03277179776882,0,-0.927491476851825,0,5,103,7.15620976248491,7.15620976248491,3.98959217621826,7.15620976248491,7.15620976248491,3.98959217621826,0.75351556610304,0.75351556610304,0.670380379461496,0.69854435153862,0.69854435153862,0.630052434678961
6.82867244389799,4.90170337743657,1,0,1,-0.819751049461983,0.338578473476439,1,-0.79952402158585,1,5,104,6.2744730961613,6.2744730961613,1.05983771345966,6.2744730961613,6.2744730961613,1.05983771345966,0.759624530884624,0.759624530884624,0.588066405097751,0.703821834309696,0.703821834309696,0.566267343491332
1.77599932249735,-1.79792179552455,1,0,1,-1.37665200408149,-1.07909515664247,0,-0.79952402158585,1,5,104,1.79280853119097,1.79280853119097,-1.47163782589827,1.79280853119097,1.79280853119097,-1.47163782589827,0.742033989625154,0.742033989625154,0.539311980749429,0.688732409869849,0.688732409869849,0.529462286223532
4.77310968635787,1.84875125226259,1,0,1,-0.605893737089758,-1.06198682466777,0,-0.79952402158585,1,5,104,3.31480305582783,3.31480305582783,0.0869870400599073,3.31480305582783,3.31480305582783,0.0869870400599073,0.583688771046266,0.583688771046266,0.541030627116653,0.562942412765061,0.562942412765061,0.53075305271082
6.19234524573371,3.51444095113593,0,0,1,0.642055720306666,-0.848583890140561,0,-0.79952402158585,1,5,104,5.61638350798605,5.61638350798605,2.79628888937996,5.61638350798605,5.61638350798605,2.79628888937996,0.607402329296743,0.607402329296743,0.560088938304891,0.581017818172195,0.581017818172195,0.545093525577349
5.89015652095427,3.27118796158644,1,0,0,0.655637590822277,0.656635511256466,0,-0.79952402158585,1,5,104,4.32867203180821,6.85984222645125,4.32867203180821,4.32867203180821,6.85984222645125,4.32867203180821,0.573496009131636,0.622329327076829,0.573496009131636,0.555218837567271,0.592487792537385,0.555218837567271
2.67624197799011,3.20853444530656,1,1,1,0.486618807407283,-0.687689575728536,1,-2.73936533237309,0,5,105,2.04203214317275,2.04203214317275,-3.53088480939294,2.04203214317275,2.04203214317275,-3.53088480939294,0.90833944296219,0.90833944296219,0.844444520801075,0.852245681357249,0.852245681357249,0.782469367191579
-0.921264834420712,0.125906224934237,1,1,1,-1.29453597495858,-0.973559540390785,1,-2.73936533237309,0,5,105,-1.04537619543876,-1.04537619543876,-7.09319437412467,-1.04537619543876,-1.04537619543876,-7.09319437412467,0.948210757959073,0.948210757959073,0.831998329061788,0.904663683039477,0.904663683039477,0.770157362246917
-0.587196763934111,-0.365255871714093,1,0,1,-1.06438461721055,-0.194286099710548,1,-2.73936533237309,0,5,105,-1.49514457008787,-1.49514457008787,-6.63289165862861,-1.49514457008787,-1.49514457008787,-6.63289165862861,0.943703259410073,0.943703259410073,0.855197906242464,0.898208081916896,0.898208081916896,0.793384661517495
-0.09545629939651,-2.18146519919198,1,1,1,0.49973684007833,-0.930013761603278,0,-2.73936533237309,0,5,105,-0.539723147279368,-0.539723147279368,-3.50464874405085,-0.539723147279368,-0.539723147279368,-3.50464874405085,0.850262289579902,0.850262289579902,0.834224906431978,0.788340923102051,0.788340923102051,0.772336170216187
-1.11388471249524,-1.19110719465254,1,0,1,0.419458064669291,0.747365984801969,0,-2.73936533237309,0,5,105,-1.00665037962991,-1.00665037962991,-3.66520629486892,-1.00665037962991,-1.00665037962991,-3.66520629486892,0.853244181305123,0.853244181305123,0.842255393458776,0.79138108626434,0.79138108626434,0.780279820598388
8.4929105459469,6.49774844404427,1,1,1,1.07697953032319,-0.797362771689025,1,-1.1569911914163,1,4,106,8.75375506161803,8.75375506161803,3.01796767194243,8.75375506161803,8.75375506161803,3.01796767194243,0.810968802147165,0.810968802147165,0.605025408190983,0.750042612964981,0.750042612964981,0.579198444046081
4.83960789705374,2.602704193278,0,0,1,0.128414884432627,-1.00534730006095,0,-1.1569911914163,1,4,106,4.02357704552922,4.02357704552922,0.912853851789387,4.02357704552922,4.02357704552922,0.912853851789387,0.589843117797453,0.589843117797453,0.58795553906408,0.567618233067008,0.567618233067008,0.566183076442216
8.32432352035433,6.70416433340825,1,1,1,0.0569888944856446,-0.98885492710355,1,-1.1569911914163,1,4,106,6.86432831170978,6.86432831170978,0.78649424485282,6.86432831170978,6.86432831170978,0.78649424485282,0.697916390358875,0.697916390358875,0.589461607860863,0.652149989208797,0.652149989208797,0.567328088067886
6.85936663022373,3.08547413022323,0,0,1,-0.873334932808193,-0.326999995150985,1,-1.1569911914163,1,4,106,4.79463051904645,4.79463051904645,-0.412298477782292,4.79463051904645,4.79463051904645,-0.412298477782292,0.796898803771261,0.796898803771261,0.628685483974454,0.737006615054393,0.737006615054393,0.597397021139102
2.73356436267304,4.55069852076993,1,1,0,0.284484493902627,0.377526876421135,0,-1.40381982390939,0,5,107,1.59825888980426,3.84078543222456,1.59825888980426,1.59825888980426,3.84078543222456,1.59825888980426,0.752670430486604,0.759806127747781,0.752670430486604,0.697817438435867,0.70397934586128,0.697817438435867
8.12822443206112,6.84054608054465,1,0,1,1.38664940190813,0.865736781589644,0,-1.40381982390939,0,5,107,6.65208888081247,6.65208888081247,3.80258870581527,6.65208888081247,6.65208888081247,3.80258870581527,0.872450710997335,0.872450710997335,0.730458076005726,0.811509172320536,0.811509172320536,0.678971370419944
0.476755012481553,0.163434180022922,0,1,0,0.0905563772682571,0.348710129880156,0,-1.40381982390939,0,5,107,1.21040265653552,3.43200141121655,1.21040265653552,1.21040265653552,3.43200141121655,1.21040265653552,0.753414812875897,0.754142613465519,0.753414812875897,0.698457652147619,0.699084178490564,0.698457652147619
2.36947198154752,5.5264760121687,0,1,1,-0.983273369410784,-1.50437096219029,0,-1.40381982390939,0,5,107,3.42587515505877,3.42587515505877,-0.937256836822562,3.42587515505877,3.42587515505877,-0.937256836822562,0.763079424518746,0.763079424518746,0.670141412125024,0.706824905436952,0.706824905436952,0.629862719271462
3.07881916242048,2.61301643338899,1,1,0,-0.0622292961434927,0.623152660207388,0,-1.40381982390939,0,5,107,0.90483130971202,3.39315054763556,0.90483130971202,0.90483130971202,3.39315054763556,0.90483130971202,0.74381983586208,0.744172185965335,0.74381983586208,0.690249748209988,0.690549495985893,0.690249748209988
6.05294993120956,7.34561166151179,1,1,1,0.519174053118646,-0.29762097932039,0,0.65829672341324,1,5,108,5.49595079819192,5.49595079819192,3.30737255086029,5.49595079819192,5.49595079819192,3.30737255086029,0.450095302735964,0.450095302735964,0.418814791613903,0.462576258739868,0.462576258739868,0.438956933106283
11.4286695831127,14.1632026409813,1,1,1,2.07617991821062,-0.318902220697838,1,0.65829672341324,1,5,108,11.6018016660328,11.6018016660328,6.4001030396668,11.6018016660328,11.6018016660328,6.4001030396668,0.900943150642187,0.900943150642187,0.418211072754204,0.843453328718493,0.843453328718493,0.438499056410354
5.79366398774717,11.0614503036021,0,1,1,-0.539458143428581,-1.08432745750341,1,0.65829672341324,1,5,108,6.67916771467863,6.67916771467863,0.403401679582821,6.67916771467863,6.67916771467863,0.403401679582821,0.519159287015748,0.519159287015748,0.369725628305749,0.514348031247461,0.514348031247461,0.401373265650431
7.21832671508104,11.0764873776151,1,1,1,1.81265315609852,-0.738430744816337,0,0.65829672341324,1,5,108,8.0988009562141,8.0988009562141,5.45352099132409,8.0988009562141,8.0988009562141,5.45352099132409,0.758192451652815,0.758192451652815,0.397947955366788,0.702580985149683,0.702580985149683,0.423074914780377
6.51181431523976,10.3891950108595,1,1,1,0.190251849048405,-1.41313397720329,0,0.65829672341324,1,5,108,5.6309627823633,5.6309627823633,1.53401514483691,5.6309627823633,5.6309627823633,1.53401514483691,0.338059968710809,0.338059968710809,0.334226861812027,0.376628830276673,0.376628830276673,0.373599510502025
4.37072338521607,1.91643619866051,0,1,0,1.07103755734851,1.44281418448595,0,0.988421809474612,1,5,109,5.6079116257379,9.78962439669176,5.6079116257379,5.6079116257379,9.78962439669176,5.6079116257379,0.296892502202397,0.421087930080742,0.296892502202397,0.343626945631834,0.440680157504386,0.343626945631834
1.37856968611368,-0.471132077333762,0,1,0,-0.205563545123589,1.13346308535534,0,0.988421809474612,1,5,109,2.74535832166309,6.13009688752634,2.74535832166309,2.74535832166309,6.13009688752634,2.74535832166309,0.329465129965605,0.333911667056127,0.329465129965605,0.369824895338977,0.373350050931946,0.369824895338977
4.08537932493796,-1.94531022540703,0,0,0,0.167166511293107,0.781816810255832,0,0.988421809474612,1,5,109,3.13917215939698,5.85040968419559,3.13917215939698,3.13917215939698,5.85040968419559,3.13917215939698,0.358284758106797,0.361335180221846,0.358284758106797,0.392487098536742,0.394861956909722,0.392487098536742
7.83547522333959,2.71579599553155,0,1,1,0.906578115709347,0.146445626351905,0,0.988421809474612,1,5,109,6.10407050580314,6.10407050580314,3.98262418432553,6.10407050580314,6.10407050580314,3.98262418432553,0.479343572234329,0.479343572234329,0.384359859176437,0.484530189905781,0.484530189905781,0.412662007629725
4.48758006237669,-0.378464524385463,0,1,0,0.376069750151445,0.0374192032081856,0,0.988421809474612,1,5,109,2.81258103006601,4.91398122683474,2.81258103006601,2.81258103006601,4.91398122683474,2.81258103006601,0.385258288806213,0.401222520193613,0.385258288806213,0.413352439517139,0.425575399099573,0.413352439517139
1.76452396607729,5.94711630412168,1,0,1,-0.181788376171278,-0.785396288308585,0,0.789324831150404,1,5,110,3.94484059996715,3.94484059996715,1.22799327027825,3.94484059996715,3.94484059996715,1.22799327027825,0.383686242020956,0.383686242020956,0.379993836897991,0.412144152073502,0.412144152073502,0.409302616617749
3.95197881609086,4.54201848605542,0,0,1,0.357417336169431,0.579006377581922,0,0.789324831150404,1,5,110,6.10605574613071,6.10605574613071,3.67080736085017,6.10605574613071,6.10605574613071,3.67080736085017,0.407130596985395,0.407130596985395,0.392631250733572,0.430078810434279,0.430078810434279,0.419007890940455
5.66054280919723,5.83642236373787,1,1,1,-0.408978557164795,-0.0397760090151912,1,0.789324831150404,1,5,110,6.62081531847778,6.62081531847778,1.51923318758461,6.62081531847778,6.62081531847778,1.51923318758461,0.544418696208954,0.544418696208954,0.407783561484474,0.533298661389023,0.533298661389023,0.430575918570676
11.5245141567626,9.53176536952635,1,1,1,1.67505161855508,-0.00257612822599859,1,0.789324831150404,1,5,110,10.8245000562502,10.8245000562502,5.72449341981356,10.8245000562502,10.8245000562502,5.72449341981356,0.807544111302756,0.807544111302756,0.407855528692425,0.746840520772994,0.746840520772994,0.430630700636543
3.31864562805553,4.46470023383957,0,0,1,-0.163195401265472,-1.46904230618432,0,0.789324831150404,1,5,110,4.83961849957347,4.83961849957347,0.581533202214122,4.83961849957347,4.83961849957347,0.581533202214122,0.316626601470387,0.316626601470387,0.313894256239168,0.359581215733877,0.359581215733877,0.357387899005066
11.8407367045116,7.98366428910161,0,1,1,1.56755823134145,1.17315880710179,0,0.0191236090667261,0,5,111,9.61105233693967,9.61105233693967,6.13475075025916,9.61105233693967,9.61105233693967,6.13475075025916,0.797726857501741,0.797726857501741,0.550625827629611,0.737765295904153,0.737765295904153,0.537966286838109
4.92282458780029,0.866874549794837,1,1,0,0.188278341636657,0.161801002960533,0,0.0191236090667261,0,5,111,3.37619097084958,5.50237053540861,3.37619097084958,3.37619097084958,5.50237053540861,3.37619097084958,0.612657358730775,0.61663120904638,0.612657358730775,0.585046852358978,0.588099943823851,0.585046852358978
9.01931864642378,6.2941218562068,1,1,1,-0.405389728786078,-0.311550177953401,1,0.0191236090667261,0,5,111,7.3859183433869,7.3859183433869,2.18885483000411,7.3859183433869,7.3859183433869,2.18885483000411,0.730680834030162,0.730680834030162,0.609468532028505,0.679158026518292,0.679158026518292,0.582600865892495
4.44058806141989,2.21291621186521,0,0,0,0.359668925046772,-0.74429737848703,0,0.0191236090667261,0,5,111,3.71897213766981,6.37295072529247,3.71897213766981,3.71897213766981,6.37295072529247,3.71897213766981,0.588709368668783,0.603438240379086,0.588709368668783,0.566756111350546,0.577984584801192,0.566756111350546
1.59494314618264,1.39502316520762,1,1,0,-0.309465511782458,0.576108882550301,0,0.0191236090667261,0,5,111,2.38070326401135,4.8126047085647,2.38070326401135,2.38070326401135,4.8126047085647,2.38070326401135,0.598841390718073,0.609675038312246,0.598841390718073,0.574473365724231,0.582759161666777,0.574473365724231
1.62143942009506,7.26830239857522,1,1,0,-0.153243544986113,-0.938337389345421,1,-0.860647258408533,0,5,112,1.95279920662165,7.93327626286523,1.95279920662165,1.95279920662165,7.93327626286523,1.95279920662165,0.671178488485202,0.768791758449963,0.671178488485202,0.630686289752743,0.711820514824236,0.630686289752743
5.3937556267245,8.59655489109762,1,1,1,0.516431503718319,0.511857847153237,0,-0.860647258408533,0,5,112,5.65414775972286,5.65414775972286,3.29214930403052,5.65414775972286,5.65414775972286,3.29214930403052,0.722739965743866,0.722739965743866,0.69658509765093,0.67253134403336,0.67253134403336,0.65107007713228
-1.80315035220274,4.07904339182733,1,1,0,-0.825818764860928,1.43229569109429,0,-0.860647258408533,0,5,112,0.607648766872021,4.75911971359928,0.607648766872021,0.607648766872021,4.75911971359928,0.607648766872021,0.620451666769842,0.693175412084506,0.620451666769842,0.5910405596305,0.648309888377362,0.5910405596305
2.13013940011415,7.66497150341951,1,0,0,0.92439283461465,1.00534614585437,0,-0.860647258408533,0,5,112,4.10807196582318,7.21879283880741,4.10807196582318,4.10807196582318,7.21879283880741,4.10807196582318,0.665697426673591,0.749457370424071,0.665697426673591,0.626340573260009,0.695060746639827,0.626340573260009
6.58924777710493,9.9320854656787,1,1,1,-0.423888126510264,0.148484012846416,1,-0.860647258408533,0,5,112,6.53355754564432,6.53355754564432,1.41151004357335,6.53355754564432,6.53355754564432,1.41151004357335,0.80866654888119,0.80866654888119,0.706150962860479,0.747887874579158,0.747887874579158,0.658858186525154
5.75944695670901,4.62142598391012,0,1,0,0.720241148712736,1.0476745086942,1,0.398522828830503,1,5,113,5.32933636102061,11.5269582371883,5.32933636102061,5.32933636102061,11.5269582371883,5.32933636102061,0.402357259405625,0.579740333307827,0.402357259405625,0.426441139989431,0.55994758440378,0.426441139989431
4.2828297266303,5.20361460132709,0,0,0,0.641905295157778,1.27671758856087,0,0.398522828830503,1,5,113,5.40170773377736,9.13171553471805,5.40170773377736,5.40170773377736,9.13171553471805,5.40170773377736,0.378382081561478,0.425183559791773,0.378382081561478,0.40806068562791,0.443781943157295,0.40806068562791
4.02202832472195,2.58434331157457,0,0,0,0.305790709815022,0.528824374681204,1,0.398522828830503,1,5,113,3.98158534921218,9.36124056846915,3.98158534921218,3.98158534921218,9.36124056846915,3.98158534921218,0.440039259332785,0.56841048380382,0.440039259332785,0.455003120545149,0.551373938842754,0.455003120545149
6.3979045986265,9.84688282000721,1,0,1,-0.0200342582547358,-0.118364937447063,1,0.398522828830503,1,5,113,7.79675635936125,7.79675635936125,2.6827461009444,7.79675635936125,7.79675635936125,2.6827461009444,0.569934335424346,0.569934335424346,0.452441334411011,0.552525476941863,0.552525476941863,0.464340810686448
0.524832045576245,1.06198758625019,1,0,0,-0.781597814274452,-0.309485430920221,1,0.398522828830503,1,5,113,0.968498495431809,6.16427972738368,0.968498495431809,0.968498495431809,6.16427972738368,0.968498495431809,0.448617028043756,0.635277975681563,0.448617028043756,0.461463975621373,0.602506092413521,0.461463975621373
0.706665753590032,-0.218832432847149,0,0,0,-1.17846519605681,0.972985875965387,1,1.21813863571896,0,5,114,-0.840792127944875,5.20590938688326,-0.840792127944875,-0.840792127944875,5.20590938688326,-0.840792127944875,0.430002574506013,0.700204054763997,0.430002574506013,0.447426830253068,0.654008639118663,0.447426830253068
-0.192726229359176,-1.45202809477437,0,0,0,-1.15402647526236,0.261363450058385,1,1.21813863571896,0,5,114,-0.791914686355986,4.37639616667044,-0.791914686355986,-0.791914686355986,4.37639616667044,-0.791914686355986,0.471060746816428,0.728791839783983,0.471060746816428,0.478321387648247,0.677576596544626,0.478321387648247
6.27591684902513,3.86096030791705,0,1,0,1.930818725771,0.679325327507735,1,1.21813863571896,0,5,114,5.37777571571075,10.9392586163042,5.37777571571075,5.37777571571075,10.9392586163042,5.37777571571075,0.452604577596339,0.887762520198143,0.452604577596339,0.464463564147488,0.828326166263256,0.464463564147488
3.30643443005431,1.05525919603741,0,1,0,0.160890635744854,0.503836954474376,0,1.21813863571896,0,5,114,1.83791953565845,4.19177121235246,1.83791953565845,1.83791953565845,4.19177121235246,1.83791953565845,0.462338781400025,0.465378671787098,0.462338781400025,0.471777172610032,0.474058889070827,0.471777172610032
1.6704487521337,-0.186786277763927,0,1,0,-0.0871427313698145,0.0881795590348782,0,1.21813863571896,0,5,114,1.34185280142911,3.4496284360607,1.34185280142911,1.34185280142911,3.4496284360607,1.34185280142911,0.473910299828133,0.474804298823957,0.473910299828133,0.480457975036228,0.481128163930618,0.480457975036228
8.2873608146022,6.04062493104971,0,0,1,0.554896263383422,0.519067557998083,0,0.520749604479397,1,4,115,6.72711106396557,6.72711106396557,4.35767993419948,6.72711106396557,6.72711106396557,4.35767993419948,0.462229276578811,0.462229276578811,0.42633453684071,0.471694960874253,0.471694960874253,0.444652945630765
7.59496720243775,7.61150045312042,1,0,1,1.09641964146202,0.194568646753853,0,0.520749604479397,1,4,115,7.25408473741207,7.25408473741207,5.11622777911245,7.25408473741207,7.25408473741207,5.11622777911245,0.578019816508149,0.578019816508149,0.437072128258569,0.55864376819986,0.55864376819986,0.45276533562479
3.26246377702436,3.30252688443798,1,0,1,-0.785958170575132,-0.393005633525103,0,0.520749604479397,1,4,115,3.01835130274165,3.01835130274165,0.763897874759185,3.01835130274165,3.01835130274165,0.763897874759185,0.504154209237498,0.504154209237498,0.43165815721041,0.503110309683373,0.503110309683373,0.448677913525657
9.50439701016955,11.0203766937806,1,0,1,1.51236658347266,-0.301875654889179,1,0.520749604479397,1,4,115,10.6428062725055,10.6428062725055,5.4516773614907,10.6428062725055,10.6428062725055,5.4516773614907,0.785242577174709,0.785242577174709,0.434596681290734,0.726432529761652,0.726432529761652,0.450897132599463
4.54338411806173,2.53597779713989,0,1,0,0.393746466481686,-0.378525406513219,0,0.508804444157062,1,6,116,3.15008556405618,5.39336704743218,3.15008556405618,3.15008556405618,5.39336704743218,3.15008556405618,0.433561836775686,0.451627821758331,0.433561836775686,0.450115795547621,0.463729020886196,0.450115795547621
4.99386666538588,4.16495312253573,0,1,0,-0.463301098991294,1.32572164655619,0,0.508804444157062,1,6,116,3.14023748617962,6.99777537032727,3.14023748617962,3.14023748617962,6.99777537032727,3.14023748617962,0.360586720775591,0.384340668241526,0.360586720775591,0.394279641590547,0.412647256497236,0.394279641590547
4.37679801222308,2.3487859267852,0,1,1,-0.367798961265562,-1.5216153423246,0,0.508804444157062,1,6,116,4.89921802274792,4.89921802274792,0.483904772750296,4.89921802274792,4.89921802274792,0.483904772750296,0.351044321332786,0.351044321332786,0.336569664419234,0.386833005377272,0.386833005377272,0.375451991022635
3.15537595976841,0.464853947715903,0,1,0,-1.08690155230646,0.785539382666742,0,0.508804444157062,1,6,116,1.35285431565984,4.06992643738028,1.35285431565984,1.35285431565984,4.06992643738028,1.35285431565984,0.411708746634674,0.550084188302101,0.411708746634674,0.433561736945437,0.537558769858737,0.433561736945437
1.13757315825766,0.785859329517038,0,1,0,-0.17931539391932,-1.58941226046073,0,0.508804444157062,1,6,116,0.793074989306653,5.41930632300954,0.793074989306653,0.793074989306653,5.41930632300954,0.793074989306653,0.327686526185242,0.331058575751745,0.327686526185242,0.368411669650946,0.371089448996365,0.368411669650946
6.41275751961406,8.01299912996575,0,1,1,-0.190167582480111,0.468760650194903,1,0.508804444157062,1,6,116,8.14928007001185,8.14928007001185,2.8295435228407,8.14928007001185,8.14928007001185,2.8295435228407,0.551690159772086,0.551690159772086,0.430016493448014,0.538767192491343,0.538767192491343,0.447437350798103
10.2970021998441,9.98000537718442,1,1,1,2.0380908571591,-0.11644854721665,1,1.25149858838265,1,6,117,10.5070447145266,10.5070447145266,5.39348445037777,10.5070447145266,10.5070447145266,5.39348445037777,0.865261347204789,0.865261347204789,0.355672996774252,0.803858552722877,0.803858552722877,0.39045039133004
1.13847176131174,2.11089156192225,0,1,0,-0.484431087661358,0.948222651717636,0,1.25149858838265,1,6,117,1.41311175967114,4.41223795690157,1.41311175967114,1.41311175967114,4.41223795690157,1.41311175967114,0.318147894186812,0.342790234280912,0.318147894186812,0.360800323684274,0.38035629031656,0.360800323684274
8.10864416163537,8.81883936061159,0,0,1,-0.172652046586861,0.175659410569389,1,1.25149858838265,1,6,117,6.39496282919348,6.39496282919348,1.26410660067189,6.39496282919348,6.39496282919348,1.26410660067189,0.472405708530768,0.472405708530768,0.354921811579033,0.479329916903363,0.479329916903363,0.389864016203679
7.35389816961693,4.85984847757234,1,1,1,0.798804642974747,-1.32785521355177,0,1.25149858838265,1,6,117,5.56670482383057,5.56670482383057,1.70350535567395,5.56670482383057,5.56670482383057,1.70350535567395,0.348990858649528,0.348990858649528,0.283585201183372,0.38522489238501,0.38522489238501,0.332708291264037
1.32488154766117,2.12775696882,0,1,0,0.413647476032487,-1.13395138150202,0,1.25149858838265,1,6,117,1.12709485383918,4.51294058944952,1.12709485383918,1.12709485383918,4.51294058944952,1.12709485383918,0.302411528462762,0.319842311088614,0.302411528462762,0.348116124234981,0.362156451191565,0.348116124234981
-2.49321894566613,-1.54711091987125,1,1,0,-2.70655988184968,0.4820342397522,0,1.25149858838265,1,6,117,-3.49733424067093,-1.16497723237745,-3.49733424067093,-3.49733424067093,-1.16497723237745,-3.49733424067093,0.346221425411553,0.94686104944805,0.346221425411553,0.38305279018962,0.902713057435456,0.38305279018962
10.4695419362785,5.20702084047176,1,1,1,0.860526488502299,-0.0991962951443632,1,-0.907764641146862,1,5,118,8.90765994311411,8.90765994311411,3.79782003814374,8.90765994311411,8.90765994311411,3.79782003814374,0.778227207450928,0.778227207450928,0.605155691269813,0.720158824875429,0.720158824875429,0.579298119682566
1.52044769101797,-0.165229499706624,1,1,1,-1.63208980094141,0.0503834933647906,0,-0.907764641146862,1,5,118,1.06470574416913,1.06470574416913,-1.03783275223451,1.06470574416913,1.06470574416913,-1.03783275223451,0.845728383488025,0.845728383488025,0.605485795436731,0.783758447040999,0.783758447040999,0.579550696796322
7.64525786396359,4.23067908053114,0,1,1,-0.0975758475783589,1.03174856647619,0,-0.907764641146862,1,5,118,6.17706533202867,6.17706533202867,3.01256022760299,6.17706533202867,6.17706533202867,3.01256022760299,0.557759431133597,0.557759431133597,0.556649747022791,0.543337668335326,0.543337668335326,0.542501573209575
4.49553616817317,1.67840532136615,1,1,0,0.121361928468224,0.663808165138687,0,-0.907764641146862,1,5,118,3.08249537835865,5.62313665846344,3.08249537835865,3.08249537835865,5.62313665846344,3.08249537835865,0.585525964725827,0.587214835887336,0.585525964725827,0.564337211876872,0.565620165771875,0.564337211876872
-2.23118632064951,-3.80048922831662,1,0,0,-1.706983693083,-0.405823685277493,0,-0.907764641146862,1,5,118,-1.64382771515998,0.620865148372222,-1.64382771515998,-1.64382771515998,0.620865148372222,-1.64382771515998,0.598133507154873,0.857073331061556,0.598133507154873,0.573933232763376,0.795316821765188,0.573933232763376
-3.10273601141592,-0.0789203742923401,1,1,0,-2.5780143900584,-0.976453347083024,1,-0.394650041638594,1,4,119,-3.28823078256518,2.76523035646446,-3.28823078256518,-3.28823078256518,2.76523035646446,-3.28823078256518,0.501565633475321,0.976140202309462,0.501565633475321,0.501172196602139,0.949384901815919,0.501172196602139
12.0765714475217,13.3534330862908,1,1,1,0.787460999247544,1.05702768059885,1,-0.394650041638594,1,4,119,11.6935085412808,11.6935085412808,5.47620102372859,11.6935085412808,11.6935085412808,5.47620102372859,0.677370249561269,0.677370249561269,0.493830931673375,0.635616491198382,0.635616491198382,0.495381069493552
5.37581361075357,5.9688713873929,0,0,0,0.884335695210536,0.73793767621444,0,-0.394650041638594,1,4,119,5.35086041127017,7.99541242524693,5.35086041127017,5.35086041127017,7.99541242524693,5.35086041127017,0.520858251016648,0.61136219751418,0.520858251016648,0.515621034627186,0.584052980937093,0.515621034627186
0.297114968993106,5.77492247705628,1,1,0,-0.0922032973661224,0.135447943502556,0,-0.394650041638594,1,4,119,2.79529269340497,4.91363883880404,2.79529269340497,2.79529269340497,4.91363883880404,2.79529269340497,0.545590491892968,0.546585732519268,0.545590491892968,0.534179423293312,0.534927623152138,0.534179423293312
5.26093929397792,8.03413680664656,0,0,1,-0.84480209178462,0.212980707223429,1,-0.281101109607546,1,6,120,6.58971947148099,6.58971947148099,1.4443586898316,6.58971947148099,6.58971947148099,1.4443586898316,0.718334386267259,0.718334386267259,0.530996856758726,0.668878331049115,0.668878331049115,0.523221809544294
6.17787950209047,9.68345714407223,1,0,1,-0.182810409440006,-0.0197066937319136,1,-0.281101109607546,1,6,120,7.63604300734332,7.63604300734332,2.53565465356548,7.63604300734332,7.63604300734332,2.53565465356548,0.650543155711858,0.650543155711858,0.533111643477547,0.614409999876147,0.614409999876147,0.524808296611545
3.66110853784391,4.83048319774343,0,0,1,-0.350891718362133,-0.366481438995597,0,-0.281101109607546,1,6,120,4.08702593558583,4.08702593558583,1.85271729045754,4.08702593558583,4.08702593558583,1.85271729045754,0.541277465144494,0.541277465144494,0.526811111898344,0.530938465663977,0.530938465663977,0.520082870274264
8.43362031319314,10.7416654900494,0,0,1,0.369588754351577,1.36078769823793,0,-0.281101109607546,1,6,120,8.97269053279416,8.97269053279416,5.02094737311849,8.97269053279416,8.97269053279416,5.02094737311849,0.461948969078943,0.461948969078943,0.445959186733455,0.471484511491121,0.471484511491121,0.459463332834324
2.08374574698898,3.71248089394756,1,0,1,-0.793952717882033,0.296119847591549,0,-0.281101109607546,1,6,120,3.81688354214253,3.81688354214253,1.62919657800489,3.81688354214253,3.81688354214253,1.62919657800489,0.60204962080202,0.60204962080202,0.529005537209162,0.576923226178217,0.576923226178217,0.521728312921754
10.4353891503573,8.88555995886837,1,0,1,-0.658970518412086,0.966825492627517,1,-0.281101109607546,1,6,120,8.60461815517519,8.60461815517519,2.56986662198075,8.60461815517519,8.60461815517519,2.56986662198075,0.653456591215284,0.653456591215284,0.489049269365844,0.616694474235314,0.616694474235314,0.49180049615375
-2.23213647918797,-2.1331023014698,0,0,0,-1.02565588777527,-1.04505943401234,0,0.966250138992518,1,4,121,-1.03001054066595,2.16213867995225,-1.03001054066595,-1.03001054066595,2.16213867995225,-1.03001054066595,0.339949320905662,0.458647831816768,0.339949320905662,0.378119064665123,0.469005412689902,0.378119064665123
1.52448785210569,3.0304044014661,1,0,0,0.460472472703918,-0.984757749778098,0,0.966250138992518,1,4,121,2.00254786452668,5.0722956902747,2.00254786452668,2.00254786452668,5.0722956902747,2.00254786452668,0.345179978198836,0.368235546509511,0.345179978198836,0.382234974125961,0.400219082898457,0.382234974125961
3.9975664172947,-0.165257121822206,0,1,0,-0.00368175848986127,-0.613407127522836,1,0.966250138992518,1,4,121,1.44559002439438,6.9218583284902,1.44559002439438,1.44559002439438,6.9218583284902,1.44559002439438,0.371033983083203,0.486224950147231,0.371033983083203,0.402385929779577,0.48968528938839,0.402385929779577
-0.125961280963532,1.98491520359846,0,0,0,-0.576857147311989,0.0179341132366968,0,0.966250138992518,1,4,121,0.930580487509659,3.03090211992725,0.930580487509659,0.930580487509659,3.03090211992725,0.930580487509659,0.387794861010785,0.425746032007838,0.387794861010785,0.415300227519383,0.444207630701067,0.415300227519383
1.17490751440827,0.89490647382852,1,1,0,-0.515564481395181,-0.651570831188403,1,-0.395694493839978,0,4,122,1.81229690475436,7.33684145280991,1.81229690475436,1.81229690475436,7.33684145280991,1.81229690475436,0.640947767839396,0.7653472721408,0.640947767839396,0.606914999242213,0.708803619218222,0.606914999242213
3.9902759380845,3.79654382858301,1,1,1,0.474515850446476,0.331554280325858,0,-0.395694493839978,0,4,122,6.00238580924007,6.00238580924007,3.79245756843768,6.00238580924007,6.00238580924007,3.79245756843768,0.678310739410482,0.678310739410482,0.654559892581849,0.6363673719618,0.6363673719618,0.617560700087061
0.836799017755237,0.799332877832941,1,1,0,-0.554503691368113,1.59922229250899,1,-0.395694493839978,0,4,122,1.7344184848085,9.39193042566622,1.7344184848085,1.7344184848085,9.39193042566622,1.7344184848085,0.543877943620041,0.688924877027261,0.543877943620041,0.532892273236398,0.644880176224709,0.532892273236398
6.24987801874993,4.92344027149809,0,1,1,-0.0871947436188268,0.640759636779499,0,-0.395694493839978,0,4,122,5.17960929243286,5.17960929243286,2.66903638030707,5.17960929243286,5.17960929243286,2.66903638030707,0.642385274121837,0.642385274121837,0.641557068767707,0.608035105035031,0.608035105035031,0.607389652148416
-1.78270015962389,-1.57512285387422,1,1,0,0.516105245937465,-1.07443587882464,0,-1.53075944466684,1,4,123,0.614550135613544,3.86896259331923,0.614550135613544,0.614550135613544,3.86896259331923,0.614550135613544,0.623672448149173,0.652802965018069,0.623672448149173,0.59352384609912,0.616181587154244,0.59352384609912
2.24949315677264,-0.088751217997412,1,1,0,0.774474181021902,0.2138488831085,0,-1.53075944466684,1,4,123,2.41957276771556,4.56530411252231,2.41957276771556,2.41957276771556,4.56530411252231,2.41957276771556,0.671598602525309,0.731233038650057,0.671598602525309,0.631020090945746,0.679620930566974,0.631020090945746
3.18793761004564,2.05571831218283,1,1,1,-1.45228005338139,-0.00178714278033688,1,-1.53075944466684,1,4,123,2.85043146689947,2.85043146689947,-2.24957172697985,2.85043146689947,2.85043146689947,-2.24957172697985,0.902171598317109,0.902171598317109,0.673511355190034,0.844897607858749,0.844897607858749,0.632541169969369
5.97220340464547,4.13010525359364,1,1,1,0.838206998971751,0.721876121905886,0,-1.53075944466684,1,4,123,5.67617077779053,5.67617077779053,3.05506564241264,5.67617077779053,5.67617077779053,3.05506564241264,0.722965272829187,0.722965272829187,0.651399892154318,0.672718605385313,0.672718605385313,0.615081344615684
3.11785470091431,4.03588297700487,1,0,0,0.301573844870776,0.864349146092576,1,0.0319492683497618,1,6,124,4.46647608008604,10.313575526437,4.46647608008604,4.46647608008604,10.313575526437,4.46647608008604,0.461034917101865,0.588809281851109,0.461034917101865,0.470798198614128,0.566832073181053,0.470798198614128
5.331527053205,4.00111351845476,0,1,0,1.53908782788258,-0.620801034531766,1,0.0319492683497618,1,6,124,5.45635386548531,10.941747789961,5.45635386548531,5.45635386548531,10.941747789961,5.45635386548531,0.478048705939433,0.819681261887302,0.478048705939433,0.483559870037096,0.758278524240182,0.483559870037096
2.83342630435566,3.20154935645482,0,0,0,-0.578723939469809,0.529703135278404,0,0.0319492683497618,1,6,124,2.3712345005907,4.75181991211447,2.3712345005907,2.3712345005907,4.75181991211447,2.3712345005907,0.482989409322546,0.522496850880959,0.482989409322546,0.487261715233888,0.516848972526637,0.487261715233888
12.5097815286832,10.8403751083588,0,0,1,0.148895391746567,2.05723571360907,0,0.0319492683497618,1,6,124,11.6862245227027,11.6862245227027,5.35400574135412,11.6862245227027,11.6862245227027,5.35400574135412,0.308786922795338,0.308786922795338,0.306541331530783,0.353275013990844,0.353275013990844,0.351461115592495
0.865445885842977,3.10812713670082,1,0,0,0.136823985049677,-1.36713756654277,0,0.0319492683497618,1,6,124,1.9054896478085,5.87455477366099,1.9054896478085,1.9054896478085,5.87455477366099,1.9054896478085,0.408969683355954,0.411110967278848,0.408969683355954,0.431478622312745,0.43310728511612,0.431478622312745
1.21540118865996,-0.289474142488421,0,1,0,-0.935466355940414,-0.646114828417289,0,0.0319492683497618,1,6,124,0.481931703953798,2.9993960754545,0.481931703953798,0.481931703953798,2.9993960754545,0.481931703953798,0.476537669908543,0.579162873870084,0.476537669908543,0.482427426758734,0.559509905243506,0.482427426758734
6.24023708491734,5.0870050364283,1,0,0,1.41294519557179,0.175137192769928,1,0.454900347102187,1,4,125,5.79409325811983,10.9247662944112,5.79409325811983,5.79409325811983,10.9247662944112,5.79409325811983,0.445075465215024,0.768562193518104,0.445075465215024,0.458797882885872,0.711619008125243,0.458797882885872
5.63910102851383,5.91204482214123,0,1,0,0.997627152119505,0.516150566671855,0,0.454900347102187,1,4,125,5.30447054511717,7.67088195259285,5.30447054511717,5.30447054511717,7.67088195259285,5.30447054511717,0.434101730282406,0.551027742783654,0.434101730282406,0.450523456433103,0.538268706527003,0.450523456433103
7.44834027220763,9.33644461989023,1,0,1,1.13077150435495,-1.53199158846733,0,0.454900347102187,1,4,125,7.96961532158355,7.96961532158355,3.52261709444888,7.96961532158355,7.96961532158355,3.52261709444888,0.486424084285277,0.486424084285277,0.340951804881005,0.489834435776951,0.489834435776951,0.378909006996392
2.82058132543464,6.06977295106186,1,0,0,-0.254230347351173,0.159572997799879,1,0.454900347102187,1,4,125,2.44417797730384,7.56964151893068,2.44417797730384,2.44417797730384,7.56964151893068,2.44417797730384,0.445318585497827,0.570313367279482,0.445318585497827,0.45898096697622,0.552811976258317,0.45898096697622
8.06801014192755,9.8716511949819,0,0,1,0.39368833130089,-1.12510202015908,1,0.38466057119152,1,6,126,8.88016544317935,8.88016544317935,2.51431088741332,8.88016544317935,8.88016544317935,2.51431088741332,0.53111812729884,0.53111812729884,0.396295121203029,0.523312774120264,0.523312774120264,0.421811540157437
2.55644454358228,4.54541972645626,1,0,1,-0.504389818236406,0.0678988333656722,0,0.38466057119152,1,6,126,4.01576569343589,4.01576569343589,1.91115544186347,4.01576569343589,4.01576569343589,1.91115544186347,0.484414600051479,0.484414600051479,0.454503998254601,0.488329308390277,0.488329308390277,0.465891598579578
11.0440941308838,9.67331288993365,1,1,1,1.57867344323425,0.225844360218541,1,0.38466057119152,1,6,126,11.3862331667002,11.3862331667002,6.23522749165765,11.3862331667002,11.3862331667002,6.23522749165765,0.812777042972337,0.812777042972337,0.452331830300424,0.751741199491206,0.751741199491206,0.464258465160338
1.03557006520883,0.588068606824776,1,1,0,-1.10627908008356,0.282790021054106,1,0.38466057119152,1,6,126,0.922268105857607,6.10223830186539,0.922268105857607,0.922268105857607,6.10223830186539,0.922268105857607,0.450976623634222,0.701724542681687,0.450976623634222,0.463239230141504,0.65524607566033,0.463239230141504
3.9997327217204,3.97270188845619,1,0,1,-0.0204003687747482,-0.220920487626704,0,0.38466057119152,1,6,126,4.73912088164763,4.73912088164763,2.59031501979441,4.73912088164763,4.73912088164763,2.59031501979441,0.452483479024085,0.452483479024085,0.452434784025686,0.464372502390464,0.464372502390464,0.464335884937029
-2.37076361598542,0.36303501364963,1,0,0,-1.16647222225686,0.00154806725629275,1,0.38466057119152,1,6,126,0.520639867713183,5.62064226422541,0.520639867713183,0.520639867713183,5.62064226422541,0.520639867713183,0.454719822859327,0.718271568027752,0.454719822859327,0.466053830612117,0.668826360916325,0.466053830612117
3.88747292563803,2.36662358694382,1,1,1,-0.91302937103575,-1.06107573261269,0,0.399497179181695,0,6,127,4.24022497209392,4.24022497209392,1.01434326175437,4.24022497209392,4.24022497209392,1.01434326175437,0.614157662586663,0.614157662586663,0.517713994834876,0.586198873077983,0.586198873077983,0.513265225659022
2.77535491578443,1.78389060947814,0,0,0,0.345574518140551,-1.37307651582945,0,0.399497179181695,0,6,127,3.53155104010697,7.5168901584293,3.53155104010697,3.53155104010697,7.5168901584293,3.53155104010697,0.481875482174873,0.495962420951268,0.481875482174873,0.486427216983489,0.49697700795144,0.486427216983489
6.9438537035977,5.53450368108347,1,0,1,0.976224133687811,0.223257348880503,0,0.399497179181695,0,6,127,6.94269411503064,6.94269411503064,4.79285027120149,6.94269411503064,6.94269411503064,4.79285027120149,0.673805829902085,0.673805829902085,0.56811397224329,0.632775536353403,0.632775536353403,0.55114992696697
2.76114466400521,-1.21422024848466,1,0,0,-0.707501926650008,-0.520681593432653,1,0.399497179181695,0,6,127,1.42539815052585,6.79650747226542,1.42539815052585,1.42539815052585,6.79650747226542,1.42539815052585,0.557826482332435,0.719871843368271,0.557826482332435,0.543388194911208,0.670151306026532,0.543388194911208
8.46392069840988,5.01893353279253,1,1,1,0.567950721922858,-0.0838722828403115,1,0.399497179181695,0,6,127,9.08333800750043,9.08333800750043,3.97630344767158,9.08333800750043,9.08333800750043,3.97630344767158,0.712866720173519,0.712866720173519,0.570098165461584,0.664366944676715,0.664366944676715,0.552649307721689
3.16002818652426,1.04751737657043,1,1,0,0.507518754731023,-0.32426365483185,0,0.399497179181695,0,6,127,3.85543951328791,6.06058643113282,3.85543951328791,3.85543951328791,6.06058643113282,3.85543951328791,0.565547619410077,0.595189297559864,0.565547619410077,0.54921179920607,0.571688311840396,0.54921179920607
11.5653092630232,8.48707715982796,1,1,1,0.208844421928007,-0.250220343520555,1,0.0178743593420346,0,6,128,8.57997957144567,8.57997957144567,3.41736935113413,8.57997957144567,8.57997957144567,3.41736935113413,0.72064775777458,0.72064775777458,0.611160095863845,0.670794493153077,0.670794493153077,0.583897945663352
-0.824250572959871,-2.553734993331,1,1,0,-1.65523414386216,1.55987223724448,1,0.0178743593420346,0,6,128,-0.310787780446213,7.22241361607989,-0.310787780446213,-0.310787780446213,7.22241361607989,-0.310787780446213,0.501043919251157,0.856655021385085,0.501043919251157,0.500781585071305,0.79488509509443,0.500781585071305
0.61690928798893,0.109153172991015,1,1,0,-0.615649881675,-0.154163396131611,0,0.0178743593420346,0,6,128,1.76838074392811,3.89214709663494,1.76838074392811,1.76838074392811,3.89214709663494,1.76838074392811,0.612906036049622,0.654551385964713,0.612906036049622,0.585237746954132,0.617554019001981,0.585237746954132
0.249723238377566,-2.04352796611331,0,1,0,-1.37179438534988,-1.50347644196959,0,0.0178743593420346,0,6,128,0.256091736578356,4.61653314813589,0.256091736578356,0.256091736578356,4.61653314813589,0.256091736578356,0.509198738613907,0.71670420804769,0.509198738613907,0.506887514719169,0.667530722040518,0.506887514719169
4.80709479683231,4.52004190949263,0,1,1,-0.247774404420043,0.17943939884941,0,0.0178743593420346,0,6,128,4.63633019629746,4.63633019629746,2.50413169843803,4.63633019629746,4.63633019629746,2.50413169843803,0.619400882059414,0.619400882059414,0.612527264467128,0.590231230994393,0.590231230994393,0.584946995386566
0.547610522694355,0.0972409956380413,1,1,1,-2.6635895978534,-0.914063382913972,0,0.0178743593420346,0,6,128,0.608013179555437,0.608013179555437,-2.3274986884287,0.608013179555437,0.608013179555437,-2.3274986884287,0.977084337894812,0.977084337894812,0.575906154483328,0.951086051908327,0.951086051908327,0.557042962427475
4.05237480539367,2.49877106166704,1,0,1,-0.379669046349356,0.568337199591408,0,-1.44576660869776,0,4,129,2.57342799291526,2.57342799291526,0.150420820475861,2.57342799291526,2.57342799291526,0.150420820475861,0.762674085950961,0.762674085950961,0.7499688587344,0.706471871243127,0.706471871243127,0.695498859959404
0.629986501126272,0.402861406674923,0,1,0,0.189750935170625,0.795983400249716,1,-1.44576660869776,0,4,129,1.28926078351582,7.02285035698892,1.28926078351582,1.28926078351582,7.02285035698892,1.28926078351582,0.738675581447564,0.822911833599025,0.738675581447564,0.68588742658664,0.761366563821074,0.68588742658664
4.17800634679265,3.85690914406861,1,0,1,0.450977255519512,1.08834943586681,0,-1.44576660869776,0,4,129,5.09621791876519,5.09621791876519,1.8117134242136,5.09621791876519,5.09621791876519,1.8117134242136,0.737107188423006,0.737107188423006,0.717882677235948,0.684562535119408,0.684562535119408,0.668504700440413
8.97802908362654,9.86299724835396,1,0,1,1.35051944274179,1.01112913304667,1,-1.44576660869776,0,4,129,9.73317992235387,9.73317992235387,3.61079779865816,9.73317992235387,9.73317992235387,3.61079779865816,0.911299356815623,0.911299356815623,0.724100702522209,0.855831805655408,0.855831805655408,0.673662967559356
7.87308975993987,7.69887527325652,0,0,1,-0.481359834160765,0.880241798475111,1,-0.532295962227058,1,6,130,8.50900876253305,8.50900876253305,2.63418313875035,8.50900876253305,8.50900876253305,2.63418313875035,0.66545593645989,0.66545593645989,0.526221175809261,0.626149494344539,0.626149494344539,0.519640584241598
3.28242561009815,3.06350323634833,1,0,1,-0.727576295548658,-1.86975759824523,0,-0.532295962227058,1,6,130,4.98774429544999,4.98774429544999,-0.608249180745773,4.98774429544999,4.98774429544999,-0.608249180745773,0.460337392270024,0.460337392270024,0.399116665994979,0.470274401032605,0.470274401032605,0.423967727666314
6.51479081463589,7.0843263751709,1,0,1,0.0181609126842893,-0.156272816174998,1,-0.532295962227058,1,6,130,7.72113121086561,7.72113121086561,2.59671001779035,7.72113121086561,7.72113121086561,2.59671001779035,0.67268581927051,0.67268581927051,0.561373743686874,0.631884415546836,0.631884415546836,0.54606234945434
1.51531638451855,0.165567891967618,0,0,0,-0.705598092099408,-0.651078102993717,1,-0.532295962227058,1,6,130,0.654386721404237,6.17828941760213,0.654386721404237,0.654386721404237,6.17828941760213,0.654386721404237,0.542711441516993,0.707017090237958,0.542711441516993,0.532015746123048,0.659566695067398,0.532015746123048
7.23902815240538,5.67180182996412,1,1,1,-0.330668927368181,-0.3860423384431,1,-0.532295962227058,1,6,130,6.91830950248792,6.91830950248792,1.66928081541731,6.91830950248792,6.91830950248792,1.66928081541731,0.678843089782068,0.678843089782068,0.555567858689665,0.636792637020654,0.636792637020654,0.541686617454892
4.70914886151504,3.82705813456309,1,0,1,-0.251816857710968,0.0301258364394714,0,-0.532295962227058,1,6,130,4.34406069563548,4.34406069563548,2.24315312961431,4.34406069563548,4.34406069563548,2.24315312961431,0.569826643732349,0.569826643732349,0.562467577468539,0.552444081297434,0.552444081297434,0.546887402838156
-2.4037029598318,-8.51905745443574,1,0,0,1.11858119763484,-0.290070845347337,0,2.88601166869456,1,4,131,-3.38197180191881,-1.19783070659829,-3.38197180191881,-3.38197180191881,-1.19783070659829,-3.38197180191881,0.199796653519403,0.312270375992091,0.199796653519403,0.259959511914775,0.356082076995448,0.259959511914775
-3.87714461994062,-6.9681440682105,0,0,0,0.741956828867543,0.712076541382318,0,2.88601166869456,1,4,131,-3.13307315272374,-0.526020151936741,-3.13307315272374,-3.13307315272374,-0.526020151936741,-3.13307315272374,0.187099440883228,0.230664390331719,0.187099440883228,0.248142569847403,0.287701849508426,0.248142569847403
-3.49437188625958,-8.55582485471187,0,0,0,0.689573424082597,1.07523097384608,0,2.88601166869456,1,4,131,-2.87468552982988,0.381436117288104,-2.87468552982988,-2.87468552982988,0.381436117288104,-2.87468552982988,0.16879812520918,0.203411317882871,0.16879812520918,0.230619584466908,0.263277258304795,0.230619584466908
-2.59034949465875,-7.70362509984121,0,0,0,0.948436475694902,-0.356460103886925,0,2.88601166869456,1,4,131,-3.78865050433827,-1.56158669867519,-3.78865050433827,-3.78865050433827,-1.56158669867519,-3.78865050433827,0.198480036347312,0.275852468013862,0.198480036347312,0.258746099612458,0.326298056648517,0.258746099612458
1.05734956644196,-0.706427601900912,1,0,0,-0.267152090052384,-0.930656957589371,0,0.599152109573855,0,4,132,2.10671256948843,5.07283494219793,2.10671256948843,2.10671256948843,5.07283494219793,2.10671256948843,0.506419951965392,0.514839411198894,0.506419951965392,0.504806775904433,0.511111910503665,0.504806775904433
3.37778992515058,2.94166813084065,1,0,0,0.850437752233364,-0.648560947146775,0,0.599152109573855,0,4,132,4.34189225405993,6.86252355622385,4.34189225405993,4.34189225405993,6.86252355622385,4.34189225405993,0.527425193722671,0.611020436432885,0.527425193722671,0.520543287441652,0.583790818933722,0.520543287441652
2.26770783219834,3.18083724239206,1,0,0,0.628449386490092,1.18191132309705,0,0.599152109573855,0,4,132,3.89791552257338,7.39482989823841,3.89791552257338,3.89791552257338,7.39482989823841,3.89791552257338,0.481370403529986,0.527947141433576,0.481370403529986,0.486048816326232,0.520934649115174,0.486048816326232
-0.994242250329552,-0.922950002020384,1,0,0,-1.58877679458986,2.30473808681249,0,0.599152109573855,0,4,132,-0.536536839586515,6.87528080921757,-0.536536839586515,-0.536536839586515,6.87528080921757,-0.536536839586515,0.306638148027462,0.593400688882935,0.306638148027462,0.351539391228904,0.570325743635668,0.351539391228904
6.6230109109572,7.13880847922755,0,1,1,0.512789085614382,-0.180158060130175,0,-0.153612015407213,1,5,133,5.95428038645099,5.95428038645099,3.82182345982112,5.95428038645099,5.95428038645099,3.82182345982112,0.547494901270824,0.547494901270824,0.51659157758969,0.535611233365977,0.535611233365977,0.512424390337448
11.3121970108241,12.3196958734504,1,1,1,1.14040644824031,1.59110939789262,0,-0.153612015407213,1,5,133,11.479954759158,11.479954759158,6.84832564309577,11.479954759158,11.479954759158,6.84832564309577,0.551926429297974,0.551926429297974,0.399918015035275,0.53894500740407,0.53894500740407,0.424579659771928
1.35427450701892,2.08002059310938,1,1,1,-1.22868611691633,-0.767001402826182,0,-0.153612015407213,1,5,133,2.44032086400102,2.44032086400102,-0.247970287936315,2.44032086400102,2.44032086400102,-0.247970287936315,0.662691964272735,0.662691964272735,0.490358203320212,0.623964790534036,0.623964790534036,0.492780701929962
9.72108903135672,8.16718115663443,1,1,1,0.447111641196061,-0.32997578661984,1,-0.153612015407213,1,5,133,8.7495348642502,8.7495348642502,3.54065084449482,8.7495348642502,8.7495348642502,3.54065084449482,0.650068900816472,0.650068900816472,0.512986559890451,0.614038525421489,0.614038525421489,0.509724153914097
7.81246488873882,8.49634762326544,1,0,1,1.28857920902595,-0.500244128286795,0,-0.153612015407213,1,5,133,7.40356182637305,7.40356182637305,5.05331763848764,7.40356182637305,7.40356182637305,5.05331763848764,0.692357107972551,0.692357107972551,0.506315565510492,0.647648655255227,0.647648655255227,0.50472861511746
1.70862029700426,5.56823753945693,0,0,0,0.442896160086494,0.394582388897824,0,1.51340783211584,1,5,134,1.98997144276126,4.24566670438957,1.98997144276126,1.98997144276126,4.24566670438957,1.98997144276126,0.321813926832883,0.342464001751351,0.321813926832883,0.363732188937,0.380099596007123,0.363732188937
2.07035105232166,3.9334040799509,0,0,0,0.459817468744914,0.205438063536968,0,1.51340783211584,1,5,134,1.83466973471724,3.97687453266706,1.83466973471724,1.83466973471724,3.97687453266706,1.83466973471724,0.326537563104714,0.348972745728755,0.326537563104714,0.367497755243007,0.385210698558014,0.367497755243007
0.731206117524537,2.84180342739835,0,0,0,-0.046538715061146,-0.249403622002221,0,1.51340783211584,1,5,134,0.36711568156593,2.52931784823376,0.36711568156593,0.36711568156593,2.52931784823376,0.36711568156593,0.325702763342326,0.325928695531297,0.325702763342326,0.366833245825101,0.367013130994628,0.366833245825101
5.75063100621602,6.84043854008518,1,1,0,1.67380703410756,1.63535075922781,0,1.51340783211584,1,5,134,5.69256156113337,10.4669336668404,5.69256156113337,5.69256156113337,10.4669336668404,5.69256156113337,0.226875432934176,0.525762968207814,0.226875432934176,0.284364242190243,0.519297075709815,0.284364242190243
0.813152331835767,1.75332871645925,0,0,0,0.10876061336815,0.078319373332262,0,1.51340783211584,1,5,134,1.00543733375901,3.11157125799816,1.00543733375901,1.00543733375901,3.11157125799816,1.00543733375901,0.328046018231822,0.329285242040168,0.328046018231822,0.368697459770039,0.369682045141759,0.368697459770039
3.52730922377251,1.73999172024893,1,0,1,0.0576979684609757,-0.656815194580159,0,-1.66925897813895,1,6,135,2.20356140607566,2.20356140607566,-0.327844793755706,2.20356140607566,2.20356140607566,-0.327844793755706,0.670294463831017,0.670294463831017,0.66994507614217,0.62998422274755,0.62998422274755,0.629706873344143
3.9338979018561,1.68873000615972,0,0,1,0.189785189630201,-0.103545089228146,0,-1.66925897813895,1,6,135,2.60032133943802,2.60032133943802,0.489599753934758,2.60032133943802,2.60032133943802,0.489599753934758,0.691042742790029,0.691042742790029,0.687374884405234,0.646587533791367,0.646587533791367,0.643632513334569
4.23949205933678,3.50240939741943,1,0,1,0.249946176496097,0.998580073721995,0,-1.66925897813895,1,6,135,4.80920905425132,4.80920905425132,1.71204689061669,4.80920905425132,4.80920905425132,1.71204689061669,0.65253507428653,0.65253507428653,0.645789078921847,0.615971440574344,0.615971440574344,0.610691145401856
4.25848532286902,3.64852000887401,0,1,1,0.662477936737378,-0.381744471395415,0,-1.66925897813895,1,6,135,3.40251470742281,3.40251470742281,1.15678586598184,3.40251470742281,3.40251470742281,1.15678586598184,0.725340280778843,0.725340280778843,0.681833388017705,0.674695223912541,0.674695223912541,0.639184682802101
-0.8126979061768,-2.12365671506187,1,0,1,-1.52811551852438,-0.0119818639103053,0,-1.66925897813895,1,6,135,-0.754494871993802,-0.754494871993802,-2.85463843705657,-0.754494871993802,-0.754494871993802,-2.85463843705657,0.871230166862775,0.871230166862775,0.687806937531072,0.810199905620167,0.810199905620167,0.643980133958146
1.76746577693824,2.50766270803851,0,0,1,0.127201661168877,0.352836342748008,0,-1.66925897813895,1,6,135,3.04530761375205,3.04530761375205,0.820814128988262,3.04530761375205,3.04530761375205,0.820814128988262,0.684371578868092,0.684371578868092,0.682708334354943,0.641219486848927,0.641219486848927,0.63988564296755
-0.131193551603139,2.56390366052997,0,1,0,-0.774057191951269,-0.939923431848051,0,-0.227504279814787,1,5,136,0.460203986915366,3.44366004465238,0.460203986915366,0.460203986915366,3.44366004465238,0.460203986915366,0.485147748692313,0.55563806015157,0.485147748692313,0.488878465135499,0.541739492410836,0.488878465135499
5.22558571731557,6.87259504969296,0,0,0,1.01479684562491,-2.17669989430105,0,-0.227504279814787,1,5,136,2.80113559961472,9.63915802946491,2.80113559961472,2.80113559961472,9.63915802946491,2.80113559961472,0.312345876317331,0.425251880357336,0.312345876317331,0.356142827945132,0.443833652934457,0.356142827945132
4.9504950475111,9.33963189317313,1,1,0,0.587116840896191,-0.23663518428036,1,-0.227504279814787,1,5,136,3.88584030017798,9.04183651061738,3.88584030017798,3.88584030017798,9.04183651061738,3.88584030017798,0.524189053555595,0.675497994384701,0.524189053555595,0.518117262442036,0.634123294086582,0.518117262442036
0.299872520895888,2.77890469247548,0,0,0,-1.81438590702218,-0.334745177652519,0,-0.227504279814787,1,5,136,-1.01527518903093,1.19677914493068,-1.01527518903093,-1.01527518903093,1.19677914493068,-1.01527518903093,0.521547888764478,0.839586203424571,0.521547888764478,0.516137816603611,0.777624309197021,0.516137816603611
13.3978053247326,13.7102916380339,1,1,1,2.39075089609477,-1.48164393657598,0,-0.227504279814787,1,5,136,10.5433684130719,10.5433684130719,6.24809965827952,10.5433684130719,10.5433684130719,6.24809965827952,0.919066510934561,0.919066510934561,0.423784261352691,0.865441352942029,0.865441352942029,0.442722627205455
0.921425850030371,-0.523111010500728,0,1,0,-1.27773697791667,1.21689269789439,0,-0.372938876870472,0,5,137,0.305442638285257,3.88627047647394,0.305442638285257,0.305442638285257,3.88627047647394,0.305442638285257,0.59114831925083,0.758535839192989,0.59114831925083,0.568611159855663,0.702878310638557,0.568611159855663
0.665630318372919,0.779970707779484,0,1,0,-1.03706251830714,2.06187297703918,1,-0.372938876870472,0,5,137,0.786791557504319,10.1381117309487,0.786791557504319,0.786791557504319,10.1381117309487,0.786791557504319,0.461410407960711,0.695786418282671,0.461410407960711,0.4710801459695,0.650422807994989,0.4710801459695
2.55776008307262,1.57012172627013,0,1,0,-0.80747951282237,-1.32499296574153,0,-0.372938876870472,0,5,137,1.24595756847385,5.10156392773839,1.24595756847385,1.24595756847385,5.10156392773839,1.24595756847385,0.578533058596069,0.651443189833355,0.578533058596069,0.55903263304703,0.615115282591497,0.55903263304703
2.04630202106779,0.670557549280594,1,1,0,-0.90146539830039,1.16511290213846,0,-0.372938876870472,0,5,137,1.05798579751781,4.51547387224732,1.05798579751781,1.05798579751781,4.51547387224732,1.05798579751781,0.596774931473086,0.685083765207081,0.596774931473086,0.572897021677836,0.641791168826474,0.572897021677836
1.59823451774436,-0.0186037220980981,0,1,0,-0.487320123767988,-0.102616158108598,0,-0.372938876870472,0,5,137,1.88627634658261,3.99680642248758,1.88627634658261,1.88627634658261,3.99680642248758,1.88627634658261,0.656381222153896,0.681342574157241,0.656381222153896,0.618992019439746,0.638791680367115,0.618992019439746
17.3866419654682,12.5133396445549,1,1,1,3.32421505536193,0.770337695984355,1,-0.318439705831062,1,4,138,16.0107841263129,16.0107841263129,10.3173639604584,16.0107841263129,16.0107841263129,10.3173639604584,0.99737876659828,0.99737876659828,0.509567146885144,0.993216714083633,0.993216714083633,0.507163390633693
3.18588347827409,-0.879226464783696,1,1,0,-0.143099117542311,-0.489463235594951,1,-0.318439705831062,1,4,138,2.12293468307065,7.46250894206973,2.12293468307065,2.12293468307065,7.46250894206973,2.12293468307065,0.52624993181964,0.642822758033168,0.52624993181964,0.51966214254051,0.608376179995623,0.51966214254051
4.11459245312085,1.94280200206739,1,1,0,0.593901577327061,-0.374736213169482,0,-0.318439705831062,1,4,138,3.71166309523487,5.95209032469547,3.71166309523487,3.71166309523487,5.95209032469547,3.71166309523487,0.530915955850449,0.572100481899751,0.530915955850449,0.523161126810539,0.554163209776883,0.523161126810539
12.7801413366365,10.2837705948144,1,1,1,1.60716926050872,0.565081408700155,1,-0.318439705831062,1,4,138,12.0973330819264,12.0973330819264,6.67801608346781,12.0973330819264,12.0973330819264,6.67801608346781,0.858140512014438,0.858140512014438,0.522493899096387,0.796420233351802,0.796420233351802,0.516846760358418
8.69345959973002,7.18686039984073,1,1,1,1.47838622405729,-0.29504158278468,1,-1.41344826029238,1,5,139,8.85094441637844,8.85094441637844,3.66389488080635,8.85094441637844,8.85094441637844,3.66389488080635,0.898862405866255,0.898862405866255,0.657439805181633,0.841021006498068,0.841021006498068,0.619824706329429
1.44710237611646,0.388430397507958,1,0,1,-0.980897663557547,-0.14135584562414,0,-1.41344826029238,1,5,139,1.01899431782934,1.01899431782934,-1.10098715726278,1.01899431782934,1.01899431782934,-1.10098715726278,0.754517939690436,0.754517939690436,0.66030037678612,0.699407500473047,0.699407500473047,0.622077773247819
-2.569163739044,-3.78285016808713,0,1,0,-1.66056869471071,-0.143935645616624,0,-1.41344826029238,1,5,139,-2.46290901956158,-0.342191549482511,-2.46290901956158,-2.46290901956158,-0.342191549482511,-2.46290901956158,0.660269045423771,0.879622851456555,0.660269045423771,0.622053072397993,0.819293153565122,0.622053072397993
4.12854306645448,2.59192318742114,1,1,1,0.634591257653308,-0.198001891273458,0,-1.41344826029238,1,5,139,4.21254938845748,4.21254938845748,2.07334463950962,4.21254938845748,4.21254938845748,2.07334463950962,0.701053551278901,0.701053551278901,0.659481601364262,0.65469978733768,0.65469978733768,0.62143244253986
4.44664555437746,0.68867911006851,0,1,1,0.0168141491625257,0.341319436406688,0,-1.41344826029238,1,5,139,3.59361070787717,3.59361070787717,1.3771117502082,3.59361070787717,3.59361070787717,1.3771117502082,0.656210512418541,0.656210512418541,0.656180258499175,0.618857792449212,0.618857792449212,0.618834005724115
9.80757938022117,9.52596291749595,0,1,1,2.03403709313824,1.20128396451102,0,1.29083677521655,1,4,140,10.1461817339273,10.1461817339273,6.60309857053602,10.1461817339273,10.1461817339273,6.60309857053602,0.745703789439925,0.745703789439925,0.292247094968397,0.691853894448509,0.691853894448509,0.3398309430851
8.2059524818094,7.31375124150173,0,0,1,-0.282732485118722,0.84573943355224,1,1.29083677521655,1,4,140,7.42929007252859,7.42929007252859,1.61401488306332,7.42929007252859,7.42929007252859,1.61401488306332,0.441596822937029,0.441596822937029,0.32168321480934,0.456177197128144,0.456177197128144,0.363627796494855
5.80809672213783,6.14716737536161,0,1,1,-0.82329294080503,-0.0356210539074667,1,1.29083677521655,1,4,140,4.75280234371248,4.75280234371248,-0.348466515768998,4.75280234371248,4.75280234371248,-0.348466515768998,0.54549159364365,0.54549159364365,0.351942338520239,0.534105081002344,0.534105081002344,0.387535619141367
3.74636463882757,4.49351217876876,0,0,1,-0.0258449484851026,0.135194932806963,0,1.29083677521655,1,4,140,3.53552312544197,3.53552312544197,1.41724545558529,3.53552312544197,3.53552312544197,1.41724545558529,0.351279152216984,0.351279152216984,0.351206986031608,0.387016775983239,0.387016775983239,0.386960304037402
-0.448360826686626,2.3531982040384,0,0,0,-0.508222779460686,-0.80667510928391,0,-0.26008394492967,1,6,141,1.10923567338454,3.85996040532275,1.10923567338454,1.10923567338454,3.85996040532275,1.10923567338454,0.499975698139268,0.53042387672742,0.499975698139268,0.499981801653083,0.522792037115737,0.499981801653083
-1.66366474164363,0.28287458906803,0,1,0,-1.71474285504967,-0.969385140842279,1,-0.26008394492967,1,6,141,-1.46651450935179,4.57319304193401,-1.46651450935179,-1.46651450935179,4.57319304193401,-1.46651450935179,0.486336381109133,0.861115558492463,0.486336381109133,0.489768748528094,0.799511688640842,0.489768748528094
4.34188440696919,3.73461872854021,1,1,1,-0.14991559009682,-0.119565214599462,0,-0.26008394492967,1,6,141,4.62725578733893,4.62725578733893,2.51295994679672,4.62725578733893,4.62725578733893,2.51295994679672,0.532629100201635,0.532629100201635,0.529986496494348,0.524446261831034,0.524446261831034,0.52246399284961
5.22615342943452,5.27603069235169,1,1,1,-0.280720588536369,-0.517509833808161,0,-0.26008394492967,1,6,141,4.22122175879707,4.22122175879707,1.85340533070892,4.22122175879707,4.22122175879707,1.85340533070892,0.527327050381053,0.527327050381053,0.518044907799145,0.520469700993973,0.520469700993973,0.513513134250824
11.8595278196006,9.47210735979818,1,1,1,1.92174668572592,1.03446803734166,0,-0.26008394492967,1,6,141,10.9804418706648,10.9804418706648,7.81031775038331,10.9804418706648,10.9804418706648,7.81031775038331,0.842845807127355,0.842845807127355,0.48018620395495,0.780869304221126,0.780869304221126,0.485161569645781
8.36351368742162,7.37988383999499,0,0,1,0.0984018902944374,-0.199207598531772,1,-0.26008394492967,1,6,141,8.06963619095972,8.06963619095972,2.92995252364692,8.06963619095972,8.06963619095972,2.92995252364692,0.643997879076251,0.643997879076251,0.52879190870706,0.609292774285503,0.609292774285503,0.521568110944316
5.71551211242626,1.17811678632612,1,1,0,0.20228697749689,0.239296683888206,1,0.308441754307233,1,5,142,3.54873432308186,8.70599722600176,3.54873432308186,3.54873432308186,8.70599722600176,3.54873432308186,0.460969457623286,0.583007236683876,0.460969457623286,0.470749044987321,0.562425206849404,0.470749044987321
6.58136694413087,4.23044353881333,1,1,1,-0.863414499752456,0.16702968311644,1,0.308441754307233,1,5,142,6.47296328285338,6.47296328285338,1.3450643678114,6.47296328285338,6.47296328285338,1.3450643678114,0.66247110301359,0.66247110301359,0.462347935776083,0.623790396898221,0.623790396898221,0.471784045281387
4.45415142454462,3.02005439658099,0,1,1,-0.107005658059363,0.102069420649149,0,0.308441754307233,1,5,142,4.90333995536195,4.90333995536195,2.7929217887303,4.90333995536195,4.90333995536195,2.7929217887303,0.464513471298288,0.464513471298288,0.4631688226772,0.473409574657713,0.473409574657713,0.472400291325543
1.48562459446447,-1.3289378861654,1,1,0,0.0233226292612362,-0.828773996058123,0,0.308441754307233,1,5,142,2.12273494666423,4.90960128320638,2.12273494666423,2.12273494666423,4.90960128320638,2.12273494666423,0.431581962050293,0.43164501544891,0.431581962050293,0.448620346945919,0.448667984812411,0.448620346945919
2.99216041482515,0.882392961520706,0,1,0,0.415716345002369,-0.493411640423248,0,0.308441754307233,1,5,142,3.24288473378137,5.58633978068653,3.24288473378137,3.24288473378137,5.58633978068653,3.24288473378137,0.452242802270208,0.472526762381366,0.452242802270208,0.464191516127674,0.479420682830204,0.464191516127674
1.10732808287576,0.59443950917038,1,0,0,-0.933811101430235,-0.0889439257652558,0,-0.162728555367502,1,5,143,1.01695328864228,3.12486431057281,1.01695328864228,1.01695328864228,3.12486431057281,1.01695328864228,0.518823644503042,0.619504544080974,0.518823644503042,0.514096559611869,0.590311054603393,0.514096559611869
10.1697208615316,9.31292151552278,0,0,1,1.46970367635121,-0.886475474616028,1,-0.162728555367502,1,5,143,10.9122900624501,10.9122900624501,5.02645129535439,10.9122900624501,10.9122900624501,5.02645129535439,0.806941421587896,0.806941421587896,0.482114285238181,0.746278993679492,0.746278993679492,0.486606121561066
7.47937020926197,10.6987924125045,0,0,1,1.49576357583,-1.83204620000577,0,-0.162728555367502,1,5,143,9.58939364787782,9.58939364787782,4.13300036892224,9.58939364787782,9.58939364787782,4.13300036892224,0.62239201166706,0.62239201166706,0.364088984421084,0.592536130641067,0.592536130641067,0.397002342884595
7.126671068086,6.05710932337886,0,0,0,1.12747702425967,1.72963708610704,0,-0.162728555367502,1,5,143,6.95811055189438,12.0497550015312,6.95811055189438,6.95811055189438,12.0497550015312,6.95811055189438,0.380231937936177,0.527975905373628,0.380231937936177,0.409486001752702,0.520956217243974,0.409486001752702
1.39672994647927,3.41856863963352,0,0,0,0.0166156277004935,-2.38111484620001e-05,1,-0.162728555367502,1,5,143,3.00672686152053,8.1067268620875,3.00672686152053,3.00672686152053,8.1067268620875,3.00672686152053,0.519196600992088,0.634063606924975,0.519196600992088,0.514375988179611,0.601563604706486,0.514375988179611
6.62496506759972,6.13230102788843,0,1,0,1.2079535688884,-0.987862467543714,0,-0.366068519272052,0,6,144,5.28190097697477,8.35777323175632,5.28190097697477,5.28190097697477,8.35777323175632,5.28190097697477,0.61325410900998,0.760428310049443,0.61325410900998,0.585504977748285,0.704519288968954,0.585504977748285
2.39507969029616,1.86021122626931,1,1,0,-0.271359187592453,0.873970385319764,0,-0.366068519272052,0,6,144,2.32327546401306,5.18709969842904,2.32327546401306,2.32327546401306,5.18709969842904,2.32327546401306,0.622732326990028,0.630889115028381,0.622732326990028,0.592798584946722,0.599102785957356,0.592798584946722
3.46593841750826,4.0415964436603,1,1,0,0.434737918119125,-2.1877278597903,0,-0.366068519272052,0,6,144,3.73546967543622,10.6216228639389,3.73546967543622,3.73546967543622,10.6216228639389,3.73546967543622,0.43561958723748,0.457679952053861,0.43561958723748,0.451669253105851,0.468278307949023,0.451669253105851
2.72685945813463,4.39133902626921,0,1,0,0.639319375254092,1.8471695007616,0,-0.366068519272052,0,6,144,4.14463258970615,9.65666775424999,4.14463258970615,4.14463258970615,9.65666775424999,4.14463258970615,0.500148057924892,0.548243863253508,0.500148057924892,0.500110848350099,0.536174468771222,0.500110848350099
4.40044599586291,3.70209022623353,1,1,0,0.518818815597107,-1.57079847984742,0,-0.366068519272052,0,6,144,3.90363147039218,8.47103933468315,3.90363147039218,3.90363147039218,8.47103933468315,3.90363147039218,0.544629484719982,0.575947413751648,0.544629484719982,0.533457084061104,0.557074200875575,0.533457084061104
2.06251656909237,1.75512499071027,0,1,0,-0.926431866142536,-0.0744358573858147,0,-0.366068519272052,0,6,144,1.01313010691289,3.11867080377766,1.01313010691289,1.01313010691289,3.11867080377766,1.01313010691289,0.655859529890655,0.741412926697136,0.655859529890655,0.618581866215094,0.688205464209856,0.618581866215094
2.14698903213232,-0.191285693269705,0,0,0,-0.926335658245236,0.940926300627802,1,-0.530004487591505,1,5,145,1.8073502272702,7.79269253048332,1.8073502272702,1.8073502272702,7.79269253048332,1.8073502272702,0.520744939659285,0.723829295376111,0.520744939659285,0.515536127205546,0.673437131283216,0.515536127205546
6.88911492755309,5.20085453853015,1,0,0,1.54962365151308,1.10839338001252,0,-0.530004487591505,1,5,145,6.92673592617154,10.2552718110271,6.92673592617154,6.92673592617154,10.2552718110271,6.92673592617154,0.50455437752057,0.760868480841139,0.50455437752057,0.503409928742746,0.704901542398017,0.503409928742746
2.17383191133209,2.1393498826732,1,1,0,-0.181845485036088,-0.101439476996209,0,-0.530004487591505,1,5,145,2.25396479606448,4.36425476355775,2.25396479606448,2.25396479606448,4.36425476355775,2.25396479606448,0.561764688381987,0.565607082900745,0.561764688381987,0.546357204990062,0.549256691873101,0.546357204990062
3.21897722686278,2.96899915023683,0,1,0,0.068701456563833,0.803563391688616,0,-0.530004487591505,1,5,145,3.66006154794915,6.40577567241126,3.66006154794915,3.66006154794915,6.40577567241126,3.66006154794915,0.532027060805536,0.532581898522614,0.532027060805536,0.523994604209173,0.524410849302592,0.523994604209173
4.76364945035233,4.1930051297144,0,0,1,-0.0891973471377937,0.144081220190485,0,-0.530004487591505,1,5,145,4.80554116705934,4.80554116705934,2.68478176904776,4.80554116705934,4.80554116705934,2.68478176904776,0.562202931474633,0.562202931474633,0.561277566342229,0.546687766541048,0.546687766541048,0.545989815485943
2.22082689346865,4.38005806579052,0,0,0,-0.552992517011215,0.290903853424905,1,0.309489133034848,1,4,146,2.08913529593581,7.27376034787327,2.08913529593581,2.08913529593581,7.27376034787327,2.08913529593581,0.459562619479375,0.611764953880019,0.459562619479375,0.469692529397457,0.584361983275021,0.469692529397457
6.59770154156161,11.3909151598491,1,0,1,0.129481841392366,-0.481201997991445,1,0.309489133034848,1,4,146,8.01353352419758,8.01353352419758,2.68197816132663,8.01353352419758,8.01353352419758,2.68197816132663,0.572061886062928,0.572061886062928,0.452677186743869,0.554134020416383,0.554134020416383,0.464518162636011
3.07800942491953,4.00706622677064,0,0,0,-1.21465808060081,1.58163501464631,0,0.309489133034848,1,4,146,2.05653532997802,6.65810464953325,2.05653532997802,2.05653532997802,6.65810464953325,2.05653532997802,0.349914963324064,0.519496991538229,0.349914963324064,0.385948834552641,0.514601054070119,0.385948834552641
6.74174825898562,7.01918720000043,1,0,1,-1.08307131015957,0.0517480828735115,1,0.309489133034848,1,4,146,5.89249980316879,5.89249980316879,0.789821939087706,5.89249980316879,5.89249980316879,0.789821939087706,0.707202424881675,0.707202424881675,0.463409378575822,0.659718376368921,0.659718376368921,0.472580864772975
10.3656215995386,14.5001734882539,1,1,1,3.02933150804577,-0.0453232261363348,0,-0.133900162096783,0,4,147,11.1427879575094,11.1427879575094,9.04073376268199,11.1427879575094,11.1427879575094,9.04073376268199,0.99351528227883,0.99351528227883,0.630768201628181,0.984065689340486,0.984065689340486,0.599009138825867
2.35595285061633,4.35789847468661,1,1,0,-0.0437684967731686,0.689483680241872,0,-0.133900162096783,0,4,147,2.89453375304412,5.46992149836399,2.89453375304412,2.89453375304412,5.46992149836399,2.89453375304412,0.609659312650806,0.609875010808992,0.609659312650806,0.582747106779496,0.582912462701489,0.582747106779496
2.90002543655313,4.60691633365195,1,1,0,-0.0439880813935199,0.547337912463355,0,-0.133900162096783,0,4,147,2.89409458380342,5.29367337422316,2.89409458380342,2.89409458380342,5.29367337422316,2.89409458380342,0.617550063316521,0.617766363678241,0.617550063316521,0.588806699217123,0.588973115667977,0.588806699217123
5.02899632628557,5.63271403966289,1,1,0,0.942375442084369,0.424355123116628,0,-0.133900162096783,0,4,147,4.86682163075919,7.14689890127452,4.86682163075919,4.86682163075919,7.14689890127452,4.86682163075919,0.622880306337157,0.715752453613907,0.622880306337157,0.592912721815178,0.666744947866307,0.592912721815178
5.76730137157254,7.81415656078046,0,0,1,0.571225387441744,-1.27457931529236,0,1.21136022401302,1,6,148,5.1250302982414,5.1250302982414,1.40047786727027,5.1250302982414,5.1250302982414,1.40047786727027,0.326058091506088,0.326058091506088,0.292925949559994,0.367116141260259,0.367116141260259,0.340386687585812
1.90824898566734,2.84091210221799,0,0,1,-0.738566781430263,-0.39606139373475,0,1.21136022401302,1,6,148,1.91627607869097,1.91627607869097,-0.34058854891614,1.91627607869097,1.91627607869097,-0.34058854891614,0.414804843373533,0.414804843373533,0.353808515928535,0.435913994179619,0.435913994179619,0.388994490903661
-2.0255761542765,0.664070101458088,0,0,0,-1.13924595745637,-1.23258093307139,0,1.21136022401302,1,6,148,-1.97846644030499,1.64078931626615,-1.97846644030499,-1.97846644030499,1.64078931626615,-1.97846644030499,0.297095651384347,0.438782885129154,0.297095651384347,0.343792581031116,0.454055767409426,0.343792581031116
3.49600325172078,5.56862572321728,0,0,1,0.0873483727690571,-0.356772959936524,0,1.21136022401302,1,6,148,3.57781713822259,3.57781713822259,1.35053019328073,3.57781713822259,3.57781713822259,1.35053019328073,0.355920424595008,0.355920424595008,0.355091793698297,0.390643475879868,0.390643475879868,0.389996727320824
1.35537490403957,1.39492850203613,1,0,1,-1.40447421057302,-0.416981726071738,0,1.21136022401302,1,6,148,0.580550020339117,0.580550020339117,-1.69332373953865,0.580550020339117,0.580550020339117,-1.69332373953865,0.580944737292586,0.580944737292586,0.353071454462548,0.560860704799434,0.560860704799434,0.388418496289947
1.70717556497324,4.35970857821389,1,1,1,-1.33147867664536,0.715387213434051,0,1.21136022401302,1,6,148,2.1968151329674,2.1968151329674,-0.414963732177538,2.1968151329674,2.1968151329674,-0.414963732177538,0.542011526109286,0.542011526109286,0.338570704012834,0.531489900557664,0.531489900557664,0.377031863347855
2.0820768837986,0.568848483124933,1,0,0,-0.18512761269244,2.40856574822196,0,1.68188225811952,0,5,149,-0.198983155562099,7.70220580794593,-0.198983155562099,-0.198983155562099,7.70220580794593,-0.198983155562099,0.193513591275971,0.196099947624569,0.193513591275971,0.254144549983511,0.256545743678724,0.254144549983511
1.49643518635413,3.43038699392739,0,0,0,1.20634204319365,-1.1096478940224,0,1.68188225811952,0,5,149,2.58395615621009,5.91527460491844,2.58395615621009,2.58395615621009,5.91527460491844,2.58395615621009,0.364683628968269,0.533100562731324,0.364683628968269,0.397464095167928,0.52479998287913,0.397464095167928
0.311660350477888,-0.0581398681247485,1,1,0,-0.126654581002839,-0.576869944753221,1,1.68188225811952,0,5,149,-0.0820370921828966,5.35074184097669,-0.0820370921828966,-0.0820370921828966,5.35074184097669,-0.0820370921828966,0.404927566940305,0.523711136949169,0.404927566940305,0.428400736864867,0.517759048817717,0.428400736864867
3.16633312289469,2.59554151563975,1,1,0,1.14193995943591,0.24489548723715,0,1.68188225811952,0,5,149,2.4551519886946,4.61512578836372,2.4551519886946,2.4551519886946,4.61512578836372,2.4551519886946,0.417418194996291,0.570152144182817,0.417418194996291,0.437897581369088,0.552690108703655,0.437897581369088
6.99918363721851,7.03487839071849,0,1,1,-0.0780214510728425,0.878997879368692,1,1.68188225811952,0,5,149,5.88786643961175,5.88786643961175,0.0152291676770959,5.88786643961175,5.88786643961175,0.0152291676770959,0.501788055029234,0.501788055029234,0.385039139978434,0.501338725712708,0.501338725712708,0.413184052877463
9.42165422144244,11.7589895655237,0,1,1,1.49742859367453,0.206384703346363,0,0.154959828923809,1,6,150,8.31982398789069,8.31982398789069,6.17722934211533,8.31982398789069,8.31982398789069,6.17722934211533,0.727278953266042,0.727278953266042,0.479711068934982,0.676312339012953,0.676312339012953,0.48480555844565
1.87688938812579,5.71561770439327,0,1,0,-0.148206198628521,-0.375420248399786,0,0.154959828923809,1,6,150,2.30415480576307,4.54509516867163,2.30415480576307,2.30415480576307,4.54509516867163,2.30415480576307,0.475077344820403,0.477664193910209,0.475077344820403,0.481332841957359,0.483271712285138,0.481332841957359
11.7407524891316,14.4017576312571,1,1,1,1.57989701367685,-1.41121590977155,1,0.154959828923809,1,6,150,11.8160959129944,11.8160959129944,4.72456556900205,11.8160959129944,11.8160959129944,4.72456556900205,0.769859657882208,0.769859657882208,0.389459676716525,0.712758726203201,0.712758726203201,0.416577397443614
8.69130373272717,11.7928416725035,1,1,1,-0.385898780599396,0.848376629456996,1,0.154959828923809,1,6,150,8.87230942508692,8.87230942508692,3.05256651967811,8.87230942508692,8.87230942508692,3.05256651967811,0.582603551685954,0.582603551685954,0.447913584096928,0.562118910865526,0.562118910865526,0.46093457605108
6.48595108260132,8.45430516635153,0,0,1,0.260546978627011,-1.16283242964541,0,0.154959828923809,1,6,150,5.78642823846356,5.78642823846356,2.33424897902852,5.78642823846356,5.78642823846356,2.33424897902852,0.42640102633943,0.42640102633943,0.4185727872835,0.444703252718138,0.444703252718138,0.438773401111128
6.22362587749702,9.96778010911542,1,1,1,-1.01920733967096,-0.65420400710053,1,0.154959828923809,1,6,150,5.81135164788385,5.81135164788385,0.283368764977456,5.81135164788385,5.81135164788385,0.283368764977456,0.692223383669304,0.692223383669304,0.461578955426271,0.647540642442388,0.647540642442388,0.471206699203384
3.27723276906924,4.61645863808512,1,1,0,0.0231524310770965,1.86995350803849,0,-1.02790094924636,1,6,151,3.85967800873112,9.45640413095658,3.85967800873112,3.85967800873112,9.45640413095658,3.85967800873112,0.456344696996378,0.456407502429058,0.456344696996378,0.467275028651893,0.467322224193023,0.467275028651893
-0.41316683402602,-0.196180606664168,1,1,0,-0.579173427843007,-0.0714212762180768,0,-1.02790094924636,1,6,151,0.713651506634349,2.81875250533097,0.713651506634349,0.713651506634349,2.81875250533097,0.713651506634349,0.618867540016273,0.655586497494456,0.618867540016273,0.589820600753567,0.618367264465967,0.589820600753567
4.90598114912807,4.3827227189442,1,0,0,0.775504834570568,0.889784099562726,0,-1.02790094924636,1,6,151,4.3842134072423,7.27592915107695,4.3842134072423,4.3842134072423,7.27592915107695,4.3842134072423,0.583195874744024,0.650355241140017,0.583195874744024,0.562568349802336,0.614262796941244,0.562568349802336
2.69335351289573,3.71820005346347,1,1,0,0.310421046302117,0.601637622676624,0,-1.02790094924636,1,6,151,3.1658993538193,5.62786718283928,3.1658993538193,3.1658993538193,5.62786718283928,3.1658993538193,0.602811730873407,0.613675556093054,0.602811730873407,0.577505652326341,0.585828597698886,0.577505652326341
1.94892404832623,1.99791122666764,1,0,0,0.750355753994055,-0.785082601230913,0,-1.02790094924636,1,6,151,2.65904854529563,5.37540323605113,2.65904854529563,2.65904854529563,5.37540323605113,2.65904854529563,0.591234181072791,0.653773365192139,0.591234181072791,0.568676495186801,0.616943117483631,0.568676495186801
3.51613227030856,4.45034780233556,1,1,0,1.45287865552443,-0.311095211244978,1,-1.02790094924636,1,6,151,4.53808173834233,9.73486196880189,4.53808173834233,4.53808173834233,9.73486196880189,4.53808173834233,0.614764919612666,0.876360414718239,0.614764919612666,0.586665385244124,0.815732878575494,0.586665385244124
10.1949239281804,11.4027695329905,0,0,0,2.39315387673138,1.4516231554384,0,-0.321770468151162,1,4,152,9.13439467472694,13.3416044601319,9.13439467472694,9.13439467472694,13.3416044601319,9.13439467472694,0.438790764530906,0.92406419902612,0.438790764530906,0.45406170965033,0.871788778720069,0.45406170965033
5.1048490365848,7.00470661868864,1,0,1,0.37887221598152,0.11685100533674,0,-0.321770468151162,1,4,152,5.88471336057377,5.88471336057377,3.77105920312556,5.88471336057377,5.88471336057377,3.77105920312556,0.554070793891622,0.554070793891622,0.537265560274938,0.540559233937705,0.540559233937705,0.527925787355948
3.85837116385502,5.84788735930744,1,1,1,-0.58349021826425,-0.545537573854957,0,-0.321770468151162,1,4,152,3.58155699992988,3.58155699992988,1.18394575544232,3.58155699992988,3.58155699992988,1.18394575544232,0.56377561760736,0.56377561760736,0.523908799966702,0.547874315646866,0.547874315646866,0.517907201593188
12.5517923543975,12.6894287206827,1,1,1,0.671668508354054,1.33090442873592,1,-0.321770468151162,1,4,152,12.4420118096987,12.4420118096987,5.57070521126981,12.4420118096987,12.4420118096987,5.57070521126981,0.623160222282035,0.623160222282035,0.454475018296687,0.593128644726223,0.593128644726223,0.46586981432268
9.26598111748355,9.31520419323109,1,1,1,1.62664370733072,0.950495806756671,0,0.768708798504128,1,5,153,9.61631228318246,9.61631228318246,6.61287000452045,9.61631228318246,9.61631228318246,6.61287000452045,0.671956354922615,0.671956354922615,0.369562006963538,0.631304423706676,0.631304423706676,0.401246573196849
5.7188800050027,7.97042867523447,1,1,1,-0.790768522552462,-1.03156169090575,1,0.768708798504128,1,5,153,5.96010756923599,5.96010756923599,-0.204011952908328,5.96010756923599,5.96010756923599,-0.204011952908328,0.55069623987791,0.55069623987791,0.362496788871605,0.538019266566093,0.538019266566093,0.395765218882879
7.14016816604205,7.50582884722001,0,1,0,2.53857848301833,0.333951416841374,0,0.768708798504128,1,5,153,7.82019516598037,10.0317187147907,7.82019516598037,7.82019516598037,10.0317187147907,7.82019516598037,0.40511852300085,0.93748495257168,0.40511852300085,0.428546244961885,0.889561594973557,0.428546244961885
0.177976773196564,2.99305499038179,1,1,0,-0.671467249640078,-0.118874195470031,0,0.768708798504128,1,5,153,0.947278088352153,3.0614091627008,0.947278088352153,0.947278088352153,3.0614091627008,0.947278088352153,0.409565743489034,0.461891146113263,0.409565743489034,0.431932110980585,0.471441098064376,0.431932110980585
3.56837240219256,5.16032282828128,1,0,0,0.811502371920146,0.522586999030533,0,0.768708798504128,1,5,153,4.55467852597317,6.9277756975289,4.55467852597317,4.55467852597317,6.9277756975289,4.55467852597317,0.397773552535657,0.474126587159847,0.397773552535657,0.422941647022287,0.480620120892064,0.422941647022287
-3.96794935320754,-2.76138841617901,0,0,0,-1.42540500886556,-2.28353844507692,0,1.7450122842761,0,4,154,-2.8958778900056,4.41866994013873,-2.8958778900056,-2.8958778900056,4.41866994013873,-2.8958778900056,0.206710020633093,0.406745434197651,0.206710020633093,0.26628800033609,0.429785526425244,0.26628800033609
0.22762552557664,1.54548012751354,0,0,0,0.562717950761524,-1.42261167929193,0,1.7450122842761,0,4,154,1.08036802924856,5.20419201930636,1.08036802924856,1.08036802924856,5.20419201930636,1.08036802924856,0.324009779453457,0.357742984342311,0.324009779453457,0.365484338307376,0.392064869351518,0.365484338307376
2.0205828548356,1.00629259770074,0,1,0,0.843914501921031,0.155365589878298,1,1.7450122842761,0,4,154,1.64276113156757,6.76689959808581,1.64276113156757,1.64276113156757,6.76689959808581,1.64276113156757,0.411819328243198,0.611209852914518,0.411819328243198,0.433645794384244,0.583936113762745,0.433645794384244
-1.53842309024653,-2.60895373359077,0,0,0,-1.25568828580966,-0.0666506936870382,0,1.7450122842761,0,4,154,-2.55644444389381,-0.452002128924842,-2.55644444389381,-2.55644444389381,-0.452002128924842,-2.55644444389381,0.412721874159401,0.596777231940851,0.412721874159401,0.434331734584198,0.572898775828536,0.434331734584198
2.025644509506,-2.00305018908576,1,1,0,-1.44471682998135,1.02329681087242,0,-0.573836326208292,0,4,155,-0.218721789238934,2.92841457390273,-0.218721789238934,-0.218721789238934,2.92841457390273,-0.218721789238934,0.633181307465347,0.823883361385942,0.633181307465347,0.600879234307351,0.762298976539314,0.600879234307351
4.62260007035032,-0.3933175880786,0,1,0,0.108644421326282,-1.58823193864543,0,-0.573836326208292,0,4,155,2.88800071337633,7.51048140430977,2.88800071337633,2.88800071337633,7.51048140430977,2.88800071337633,0.566290453136067,0.567659726433672,0.566290453136067,0.549772659507422,0.550806782472986,0.549772659507422
4.03835242120057,1.63984952193477,1,1,0,0.565845548829771,0.236582316681536,1,-0.573836326208292,0,4,155,3.80240296838331,8.95837416094971,3.80240296838331,3.80240296838331,8.95837416094971,3.80240296838331,0.675668277515407,0.796485894458104,0.675668277515407,0.634259014189087,0.736628681461321,0.634259014189087
0.696552158369556,-0.503385726828489,1,1,0,-0.176501141843482,-0.350699004241881,0,-0.573836326208292,0,4,155,2.31770958703681,4.54069937861305,2.31770958703681,2.31770958703681,4.54069937861305,2.31770958703681,0.672872219850309,0.676120369632308,0.672872219850309,0.632032671325115,0.634619427981297,0.632032671325115
0.303632330502717,-3.56656316976332,0,1,0,-0.509543431625771,-1.55581013454147,1,-0.81975642222544,1,4,156,-0.246897589572862,7.27364758516907,-0.246897589572862,-0.246897589572862,7.27364758516907,-0.246897589572862,0.482485058023692,0.62834858149366,0.482485058023692,0.486883888354703,0.597136409401275,0.486883888354703
4.04124098922017,-0.71515770698496,0,1,0,0.943119706752862,0.0842285193611868,0,-0.81975642222544,1,4,156,4.29846734108706,6.40556178456084,4.29846734108706,4.29846734108706,6.40556178456084,4.29846734108706,0.595291763702379,0.69159114658221,0.595291763702379,0.571766398571729,0.647030131959807,0.571766398571729
-0.862060610897829,-6.25532765795562,0,1,0,-0.658297325693579,-3.07735258311891,0,-0.81975642222544,1,4,156,-2.06594782628592,9.50415109454269,-2.06594782628592,-2.06594782628592,9.50415109454269,-2.06594782628592,0.19608496852324,0.230953964571357,0.19608496852324,0.256531867583642,0.287956209992465,0.256531867583642
9.55459150197211,5.52114789511742,1,1,1,0.770157554859715,0.583351058289964,1,-0.81975642222544,1,4,156,9.89196403343756,9.89196403343756,4.45166557622954,9.89196403343756,9.89196403343756,4.45166557622954,0.74638662136242,0.74638662136242,0.580023755787041,0.692436195579155,0.692436195579155,0.560162430333156
-1.11112225862999,-2.82290341166738,0,1,0,-1.15436557792215,-1.04538942669704,0,1.12421883067379,1,4,157,-1.61798856178288,1.57485049166708,-1.61798856178288,-1.61798856178288,1.57485049166708,-1.61798856178288,0.323301464932077,0.473022130681695,0.323301464932077,0.364919468443469,0.479792096898505,0.364919468443469
2.33696196021368,0.919198888418898,0,0,0,0.499905629545606,-0.08699764512845,1,1.12421883067379,1,4,157,2.64894563472122,7.75651422497912,2.64894563472122,2.64894563472122,7.75651422497912,2.64894563472122,0.369875401841663,0.514472684919451,0.369875401841663,0.401489226060919,0.51083722720436,0.401489226060919
-0.130818588492419,-1.10192281187841,1,0,0,-0.67725625521944,-1.03006930939515,1,1.12421883067379,1,4,157,-0.648449799075569,5.51259298308223,-0.648449799075569,-0.648449799075569,5.51259298308223,-0.648449799075569,0.324624454369148,0.489384256278808,0.324624454369148,0.365974287127904,0.492051358696687,0.365974287127904
2.72273317383378,0.744754378864498,0,1,0,0.190306240290936,1.17619055756304,0,1.12421883067379,1,4,157,3.29293505890338,6.77635928660384,3.29293505890338,3.29293505890338,6.77635928660384,3.29293505890338,0.311337587160355,0.315040468809406,0.311337587160355,0.355331202678618,0.35830857622748,0.355331202678618
1.87067761373053,-0.849469101563645,1,0,1,-0.500713707550512,-0.829606122633546,0,-1.92742176060514,1,5,158,0.242258137722274,0.242258137722274,-2.54598818098879,0.242258137722274,0.242258137722274,-2.54598818098879,0.711165474451474,0.711165474451474,0.686061144165735,0.662968135851078,0.662968135851078,0.642576258258486
-2.53061337778599,-2.6705544128783,0,0,0,-0.739264585101075,-0.665200795940297,0,-1.92742176060514,1,5,158,-2.85868460939667,-0.316192510477065,-2.85868460939667,-2.85868460939667,-0.316192510477065,-2.85868460939667,0.696039618958068,0.748205691325144,0.696039618958068,0.650627959477917,0.69398977186765,0.650627959477917
6.80463308830241,8.13069664394323,1,1,1,1.96453568340694,-0.167896299722964,1,-1.92742176060514,1,5,158,8.17440959129735,8.17440959129735,3.04622042383669,8.17440959129735,8.17440959129735,3.04622042383669,0.963489653786092,0.963489653786092,0.712465752602486,0.927953965653002,0.927953965653002,0.664037052436912
4.02389117772885,3.45551369313052,1,0,1,1.17240895129182,-0.421474573669806,0,-1.92742176060514,1,5,158,3.48602950190976,3.48602950190976,1.20838868565962,3.48602950190976,3.48602950190976,1.20838868565962,0.823092526517176,0.823092526517176,0.706598964070849,0.761539849308157,0.761539849308157,0.659224588882104
-3.39050613973215,-2.16090589854989,1,0,0,-0.683034545545116,-1.23671739822593,0,-1.92742176060514,1,5,158,-3.31774113257038,0.311728790504323,-3.31774113257038,-3.31774113257038,0.311728790504323,-3.31774113257038,0.65067987160563,0.699225218592489,0.65067987160563,0.614517107199191,0.653212907957423,0.614517107199191
-2.95408507199611,0.281992869895649,0,0,1,0.0797828611144031,-0.240619909583204,0,2.43472876691693,1,5,159,-0.85106041491942,-0.85106041491942,-3.00895835580725,-0.85106041491942,-0.85106041491942,-3.00895835580725,0.238122971551089,0.238122971551089,0.237570697644472,0.294221782573017,0.294221782573017,0.293741231535748
0.404694473423451,3.45134572079136,0,1,1,-0.128773813413415,0.787114795319576,0,2.43472876691693,1,5,159,0.321212701050871,0.321212701050871,-2.39833699996011,0.321212701050871,0.321212701050871,-2.39833699996011,0.219987630982118,0.219987630982118,0.218625869263546,0.278250902546417,0.278250902546417,0.277035007412334
-5.03817092481587,-1.76441957696081,0,1,0,-0.970930612979575,0.394777996480072,1,2.43472876691693,1,5,159,-4.47498739793193,0.780862268572889,-4.47498739793193,-4.47498739793193,0.780862268572889,-4.47498739793193,0.2341899766687,0.43492628767058,0.2341899766687,0.290791887491366,0.45114595134927,0.290791887491366
-1.57949088748021,1.10251172398685,0,1,1,0.0514639489516312,-0.859151478404353,0,2.43472876691693,1,5,159,-0.845986486109558,-0.845986486109558,-3.68412774895394,-0.845986486109558,-0.845986486109558,-3.68412774895394,0.214977209023556,0.214977209023556,0.214762787039309,0.273765016601904,0.273765016601904,0.273572289557922
-1.41378584958203,-0.463178044719543,0,1,0,0.715144734219945,0.120997989870258,0,2.43472876691693,1,5,159,-1.37661671014271,0.738023803409938,-1.37661671014271,-1.37661671014271,0.738023803409938,-1.37661671014271,0.239073939220313,0.286266694295935,0.239073939220313,0.29504843490226,0.334919640341956,0.29504843490226
1.24170741411329,2.46605755220355,0,0,0,-0.419419288449326,-0.662778252260662,0,0.0796771014884807,1,5,160,1.49203473033908,4.03130974200878,1.49203473033908,1.49203473033908,4.03130974200878,1.49203473033908,0.469893367767981,0.490621287888779,0.469893367767981,0.477445897673027,0.492977708990697,0.477445897673027
4.86524053808582,5.89160617114007,0,0,0,0.695344601525015,0.91888112714366,0,0.0796771014884807,1,5,160,5.30322188969208,8.24756441551289,5.30322188969208,5.30322188969208,8.24756441551289,5.30322188969208,0.450887110722597,0.507799490480306,0.450887110722597,0.463171899377715,0.505839744410107,0.463171899377715
-1.99078424987162,-0.558411193441768,1,1,0,-1.39136560291054,-0.980687579643662,1,0.0796771014884807,1,5,160,-0.769767225966341,5.291980902901,-0.769767225966341,-0.769767225966341,5.291980902901,-0.769767225966341,0.445401359360032,0.763609371929862,0.445401359360032,0.459043298479361,0.707286754537434,0.459043298479361
1.35946757729101,3.76510847068322,0,1,0,-0.321052765859128,0.545762524367216,0,0.0796771014884807,1,5,160,2.89730855214736,5.29516528515103,2.89730855214736,2.89730855214736,5.29516528515103,2.89730855214736,0.476551240201886,0.488701809102047,0.476551240201886,0.482437597663825,0.491540288920754,0.482437597663825
1.76462566567124,1.80013212581108,1,1,0,-0.525960870705849,0.0805438373762897,0,0.0796771014884807,1,5,160,2.02227365546299,4.12876096520228,2.02227365546299,2.02227365546299,4.12876096520228,2.02227365546299,0.490291240151522,0.522923823003518,0.490291240151522,0.492730557228439,0.517168966017947,0.492730557228439
2.93138376154547,-0.351023766460041,0,1,0,-0.00815715667911196,-1.88617145898291,0,1.38599308517183,1,4,161,-0.823462604485251,4.83418016819648,-0.823462604485251,-0.823462604485251,4.83418016819648,-0.823462604485251,0.208430867223752,0.208436139783081,0.208430867223752,0.267852332591847,0.267857119058439,0.267852332591847
6.94011906111155,6.25986645215153,1,1,1,1.16423186673306,-0.686647811212318,0,1.38599308517183,1,4,161,5.29232430675236,5.29232430675236,2.7208390901097,5.29232430675236,5.29232430675236,2.7208390901097,0.474157222479783,0.474157222479783,0.32192785149639,0.480643087234482,0.480643087234482,0.363823165710101
4.33420409015203,0.648172453688996,0,1,0,-0.129692630774522,-0.0850444614779242,1,1.38599308517183,1,4,161,0.734593444828917,5.84182600525699,0.734593444828917,0.734593444828917,5.84182600525699,0.734593444828917,0.341465125226279,0.456195147151593,0.341465125226279,0.379313290672064,0.467162646455883,0.379313290672064
-2.08844875892306,-2.22765591597802,1,1,0,-2.69616565594659,1.11129248838821,0,1.38599308517183,1,4,161,-3.20201565564908,0.132955339098976,-3.20201565564908,-3.20201565564908,0.132955339098976,-3.20201565564908,0.291075384465745,0.930143573078145,0.291075384465745,0.338870890931216,0.879700407392008,0.338870890931216
2.44367427246002,3.31641595045833,0,1,0,-0.340709284067665,0.832006760227736,0,0.383323643412065,0,5,162,2.17164441626597,4.96387966533062,2.17164441626597,2.17164441626597,4.96387966533062,2.17164441626597,0.540020184606067,0.553605332089226,0.540020184606067,0.529994131658926,0.54020878468823,0.529994131658926
2.23569114462254,6.63161890469771,0,1,0,1.12635617961825,-0.0285565224109961,0,0.383323643412065,0,5,162,5.1057753436378,7.20659081861001,5.1057753436378,5.1057753436378,7.20659081861001,5.1057753436378,0.572258067391352,0.709420276384112,0.572258067391352,0.554282392243118,0.661535549237698,0.554282392243118
1.3821951254642,4.88255037057791,1,1,0,0.278778076913424,-0.727199158344584,0,0.383323643412065,0,5,162,3.41061913822815,6.03943775412522,3.41061913822815,3.41061913822815,6.03943775412522,3.41061913822815,0.547678248926464,0.556755076981834,0.547678248926464,0.535749107500801,0.542580925579109,0.535749107500801
2.3763298765975,3.49096892685619,0,1,0,-0.494557624124411,0.707641723343311,0,0.383323643412065,0,5,162,1.86394773615248,4.46470454476877,1.86394773615248,1.86394773615248,4.46470454476877,1.86394773615248,0.548991224408549,0.577410687093038,0.548991224408549,0.536736578881761,0.558182332238526,0.536736578881761
-1.63595637604824,-2.71198038335114,0,1,0,-1.89281163209692,0.794303709643133,0,0.383323643412065,0,5,162,-0.932560279792535,1.79835810336031,-0.932560279792535,-0.932560279792535,1.79835810336031,-0.932560279792535,0.542895926015787,0.868075231200929,0.542895926015787,0.53215435917402,0.806835559483086,0.53215435917402
6.98829427085515,8.83030720205099,0,0,1,-0.777304990208392,-0.69904125908725,1,-0.451785846185467,1,4,163,6.13089699158873,6.13089699158873,0.542238309682446,6.13089699158873,6.13089699158873,0.542238309682446,0.707009385067645,0.707009385067645,0.53021664121032,0.659560389579967,0.659560389579967,0.52263660408802
1.48724684733919,6.80349417461991,0,0,1,-1.08142761993701,-0.206600246094434,0,-0.451785846185467,1,4,163,2.56911772490431,2.56911772490431,0.426434063218029,2.56911772490431,2.56911772490431,0.426434063218029,0.681135223529235,0.681135223529235,0.551134935021679,0.638625696894302,0.638625696894302,0.538349367014463
2.39145832027847,3.09239791830261,1,0,0,-1.01538271492579,0.194099303565162,0,-0.451785846185467,1,4,163,0.959223422900063,3.09689796254454,0.959223422900063,0.959223422900063,3.09689796254454,0.959223422900063,0.551369043628251,0.666896212770833,0.551369043628251,0.538525536053845,0.627289592315158,0.538525536053845
1.42726070190374,6.58272055521727,1,0,0,-0.208962949293136,1.1084854880774,0,-0.451785846185467,1,4,163,3.48644913867761,6.81518921595581,3.48644913867761,3.48644913867761,6.81518921595581,3.48644913867761,0.495313451441313,0.500466821155523,0.495313451441313,0.496491103206316,0.50034950813686,0.496491103206316
-2.19245732508633,1.75579875221243,0,1,0,-1.20821648583954,-0.621814192990576,0,0.729973218732034,1,6,164,-0.571108064735661,1.91554482586886,-0.571108064735661,-0.571108064735661,1.91554482586886,-0.571108064735661,0.397016067317763,0.567486358378149,0.397016067317763,0.4223627140601,0.550675828358479,0.4223627140601
2.80962958970582,5.5675156953981,1,1,1,-0.230458476669401,-1.01077901818812,0,0.729973218732034,1,6,164,4.11711735201641,4.11711735201641,0.995443128407075,4.11711735201641,4.11711735201641,0.995443128407075,0.374491465587124,0.374491465587124,0.368618167777715,0.405058700796766,0.405058700796766,0.400515540238092
1.98762769069877,3.34801897976155,0,1,0,-0.760020997295928,0.555409000561969,0,0.729973218732034,1,6,164,1.50250610590411,3.91098526380935,1.50250610590411,1.50250610590411,3.91098526380935,1.50250610590411,0.400562336976187,0.467501070304746,0.400562336976187,0.425071540076685,0.475651389776652,0.425071540076685
3.05784731345378,4.78172463215955,0,1,0,1.09323992613446,-1.07812487434552,0,0.729973218732034,1,6,164,3.5754940778574,6.83784732253995,3.5754940778574,3.5754940778574,6.83784732253995,3.5754940778574,0.362435701342801,0.500030574611939,0.362435701342801,0.395717732278098,0.500022887962365,0.395717732278098
4.74748996299879,4.32210489771647,1,1,0,1.50636508222128,-0.781217569930209,0,0.729973218732034,1,6,164,4.69865169444635,7.40895258601401,4.69865169444635,4.69865169444635,7.40895258601401,4.69865169444635,0.386928430478217,0.648457429087671,0.386928430478217,0.414635164045013,0.612777110339392,0.414635164045013
2.46754967001965,3.20767405697325,0,1,0,-0.872375782545428,1.25216624817862,1,0.729973218732034,1,6,164,1.97455378302176,8.64247409609948,1.97455378302176,1.97455378302176,8.64247409609948,1.97455378302176,0.344859278136355,0.547531907254453,0.344859278136355,0.381983027517265,0.535639060824167,0.381983027517265
1.29712614234953,0.904462125410767,0,1,0,-0.142201512086594,1.06903813334221,0,-1.8303187513611,1,5,165,0.434568377584972,3.67741090812478,0.434568377584972,0.434568377584972,3.67741090812478,0.434568377584972,0.656857680553797,0.659016576271628,0.656857680553797,0.619366732360075,0.621066083536772,0.619366732360075
3.31299187993882,3.07623602364926,1,1,1,1.05482536322713,-0.632051131499005,0,-1.8303187513611,1,5,165,3.62702149620037,3.62702149620037,1.1275328633712,3.62702149620037,3.62702149620037,1.1275328633712,0.789512027278584,0.789512027278584,0.687941838434018,0.730283214320904,0.730283214320904,0.644088697510237
-0.612326938723596,2.49401348412399,0,1,1,-0.469883629340269,0.0982224559310474,0,-1.8303187513611,1,5,165,0.918036116515581,0.918036116515581,-1.19161153433354,0.918036116515581,0.918036116515581,-1.19161153433354,0.725093771261459,0.725093771261459,0.703639036809738,0.674489837317539,0.674489837317539,0.656806580405608
1.87189363589021,2.53522899852095,1,1,0,0.98298004464565,1.05104831605282,0,-1.8303187513611,1,5,165,2.66694167376007,5.87164423643754,2.66694167376007,2.66694167376007,5.87164423643754,2.66694167376007,0.658487044282652,0.75337102947177,0.658487044282652,0.620649042850029,0.698419979380605,0.620649042850029
0.097438571630849,2.44435779059338,1,0,1,0.0405685707059951,-0.520035381057747,0,-1.8303187513611,1,5,165,1.58147182632207,1.58147182632207,-0.788964971229811,1.58147182632207,1.58147182632207,-0.788964971229811,0.693352823456001,0.693352823456001,0.693186388080571,0.648453306728517,0.648453306728517,0.648318760683111
-2.47286897402371,-4.05310241731159,1,0,0,-0.849727262487692,-0.228046930402567,0,1.54728646913938,1,5,166,-1.32159687295977,0.830408529506265,-1.32159687295977,-1.32159687295977,0.830408529506265,-1.32159687295977,0.322602062073951,0.401393115248728,0.322602062073951,0.364361407423933,0.425705577843536,0.364361407423933
-2.32996682970294,-2.76583905543738,0,0,0,-0.621115472519243,-0.0817102083361312,0,1.54728646913938,1,5,166,-0.718036570956433,1.3886399871899,-0.718036570956433,-0.718036570956433,1.3886399871899,-0.718036570956433,0.324486902252478,0.365808016462156,0.324486902252478,0.365864665954496,0.398336787305532,0.365864665954496
0.812957221886796,-0.826884058896211,0,0,0,-0.0896038835518028,-0.722498400271043,1,1.54728646913938,1,5,166,-0.295801584956465,5.32620235343775,-0.295801584956465,-0.295801584956465,5.32620235343775,-0.295801584956465,0.303390760300452,0.412576349179499,0.303390760300452,0.34891034772346,0.434221149212889,0.34891034772346
-1.85863905666467,-1.31120660264234,0,0,0,-1.01808468661676,0.176930783348793,0,1.54728646913938,1,5,166,-1.25333400746654,0.87797049462988,-1.25333400746654,-1.25333400746654,0.87797049462988,-1.25333400746654,0.323462156239549,0.438535024664752,0.323462156239549,0.365047643854792,0.453868838051018,0.365047643854792
1.37278816413909,0.705176049484759,0,0,0,0.276867090716154,0.605208318663153,1,1.54728646913938,1,5,166,1.76484708251365,7.23112419149273,1.76484708251365,1.76484708251365,7.23112419149273,1.76484708251365,0.309687766599716,0.427650358360307,0.309687766599716,0.354001717279702,0.445648340493854,0.354001717279702
6.5296328658699,8.60730247659115,0,1,1,1.46674445891899,-0.765891422261535,0,-1.07563147510972,1,5,167,6.69720409602353,6.69720409602353,4.01061442532973,6.69720409602353,6.69720409602353,4.01061442532973,0.805732632921309,0.805732632921309,0.59803210692055,0.745154531950874,0.745154531950874,0.573855874061298
-0.200903169719715,3.58002848484012,1,1,0,-0.231987096899061,0.308712733833866,0,-1.07563147510972,1,5,167,1.68775546978903,3.88305902182021,1.68775546978903,1.68775546978903,3.88305902182021,1.68775546978903,0.620167470147194,0.62615127538269,0.620167470147194,0.590821626873789,0.595437795999808,0.590821626873789
1.26917689391507,2.32586937852018,1,1,1,-0.867507764374176,0.319855670350315,0,-1.07563147510972,1,5,167,2.6301647212105,2.6301647212105,0.427857071355247,2.6301647212105,2.6301647212105,0.427857071355247,0.699736114317261,0.699736114317261,0.619854993821701,0.65362814727415,0.65362814727415,0.590580943510675
3.36420715707706,4.22128302011954,0,1,0,0.764869887181755,0.134626889596575,0,-1.07563147510972,1,5,167,3.50738359371337,5.62550799311582,3.50738359371337,3.50738359371337,5.62550799311582,3.50738359371337,0.623604351083796,0.686192617992664,0.623604351083796,0.593471300836039,0.64268191325329,0.593471300836039
0.346252606942858,1.24882237463872,1,1,1,-1.61202704219646,-0.668536368168609,0,-1.07563147510972,1,5,167,0.497367352755834,0.497367352755834,-2.04957352280824,0.497367352755834,0.497367352755834,-2.04957352280824,0.840936550670719,0.840936550670719,0.604367117921894,0.778965808393801,0.778965808393801,0.578694889174828
5.48605822624629,6.02124979738877,0,1,1,-1.28042929847447,-1.4958891448187,1,0.893180656977362,1,6,168,5.48316490582027,5.48316490582027,-1.85451942776615,5.48316490582027,5.48316490582027,-1.85451942776615,0.599196869469636,0.599196869469636,0.300166302477418,0.574744661518,0.574744661518,0.346292516044308
2.52609520634316,3.59163993407325,1,1,1,-0.774195423680437,0.10925787728952,0,0.893180656977362,1,6,168,2.87503262767995,2.87503262767995,0.763095343930134,2.87503262767995,2.87503262767995,0.763095343930134,0.464816731236151,0.464816731236151,0.395508417693286,0.473637173396678,0.473637173396678,0.42120990623403
3.67357861643374,2.51740858993814,0,0,0,0.259219938736329,-0.756543688870511,0,0.893180656977362,1,6,168,1.96412450260364,4.63648285577344,1.96412450260364,1.96412450260364,4.63648285577344,1.96412450260364,0.370441021255068,0.377891882730227,0.370441021255068,0.401927067327917,0.407682770449194,0.401927067327917
0.810097826933418,2.07362782572609,0,1,0,-0.817712677170556,0.139965704243477,0,0.893180656977362,1,6,168,0.706768663903853,2.82635906226823,0.706768663903853,0.706768663903853,2.82635906226823,0.706768663903853,0.395162222292675,0.472602185937076,0.395162222292675,0.420945089815472,0.47947723466806,0.420945089815472
4.11815236851599,3.8010774791371,0,0,1,-0.448229847731635,0.132359015638424,0,0.893180656977362,1,6,168,3.55564654319742,3.55564654319742,1.43812763417664,3.55564654319742,3.55564654319742,1.43812763417664,0.418176333624092,0.418176333624092,0.39525591806305,0.438472706617848,0.438472706617848,0.421016764617415
6.958016642257,4.41102967540084,0,0,1,0.364986642320319,0.362600814513855,0,0.893180656977362,1,6,168,5.52628176384209,5.52628176384209,3.29480241315598,5.52628176384209,5.52628176384209,3.29480241315598,0.405205265000627,0.405205265000627,0.390112428000691,0.428612338722724,0.428612338722724,0.41707790031623
5.649326129369,9.91773017487746,1,1,1,0.73038982793514,-0.949276256439704,0,0.176060180754298,1,4,169,6.48163162322352,6.48163162322352,3.48050621218334,6.48163162322352,6.48163162322352,3.48050621218334,0.499641093833135,0.499641093833135,0.437000297338535,0.499731281593232,0.499731281593232,0.452711141501736
1.37614831102953,4.22707990981351,1,0,0,-0.970250301769595,-0.186735645436709,0,0.176060180754298,1,4,169,0.841766563776865,2.97663676505353,0.841766563776865,0.841766563776865,2.97663676505353,0.841766563776865,0.477589114144362,0.587803818715581,0.477589114144362,0.483215445535902,0.566067762100297,0.483215445535902
3.0844394840364,4.55407408123572,1,0,0,-0.440390040616671,0.0214211426053752,0,0.176060180754298,1,4,169,2.1096438741248,4.21010273947532,2.1096438741248,2.1096438741248,4.21010273947532,2.1096438741248,0.479210747070463,0.502088946103704,0.479210747070463,0.484430660860159,0.50156400610265,0.484430660860159
2.89327439742473,2.61365544706444,1,0,0,-0.756151887777115,1.02157191183902,1,0.176060180754298,1,4,169,2.47827094903756,8.62188012009599,2.47827094903756,2.47827094903756,8.62188012009599,2.47827094903756,0.430386597816258,0.613539422543132,0.430386597816258,0.44771707720518,0.585724056940381,0.44771707720518
11.8319102418519,13.7088351015878,1,1,1,0.578390211514099,1.54451630820502,1,0.0591026028816952,0,6,170,11.6388179316721,11.6388179316721,4.15328730536081,11.6388179316721,11.6388179316721,4.15328730536081,0.651281757350965,0.651281757350965,0.498428561052626,0.614988751844351,0.614988751844351,0.498823449962223
7.29117371567198,5.96174112361587,1,0,1,-0.452751671183073,0.515589156793885,1,0.0591026028816952,0,6,170,7.45683571856989,7.45683571856989,2.09100353996646,7.45683571856989,7.45683571856989,2.09100353996646,0.724361136571993,0.724361136571993,0.597300711109493,0.673879732991337,0.673879732991337,0.573297979084809
5.51537263205112,9.03431186987311,1,1,1,-0.626607026349246,1.7075527977096,0,0.0591026028816952,0,6,170,6.7590293866,6.7590293866,1.74329282963412,6.7590293866,6.7590293866,1.74329282963412,0.519728182197671,0.519728182197671,0.473421997122051,0.514774275792316,0.514774275792316,0.480091892234159
6.14070781990079,4.7295514966585,1,0,1,-0.0861896243664494,-0.538781772011513,0,0.0591026028816952,0,6,170,5.21441343145158,5.21441343145158,2.82412763359971,5.21441343145158,5.21441343145158,2.82412763359971,0.597033028329004,0.597033028329004,0.596187493397353,0.573093835144188,0.573093835144188,0.572449139502619
5.38584416569024,4.50467269833814,1,1,1,-1.61384688004131,1.40717142914943,0,0.0591026028816952,0,6,170,3.84894455326444,3.84894455326444,-0.231186877750014,3.84894455326444,3.84894455326444,-0.231186877750014,0.787122023317674,0.787122023317674,0.517560121527239,0.728124522440031,0.728124522440031,0.513149950988433
-2.94559697438691,-1.76264316945763,1,1,0,-2.83746851013148,-0.767228240021419,0,0.0591026028816952,0,6,170,-2.67843013793035,0.0102090343560126,-2.67843013793035,-2.67843013793035,0.0102090343560126,-2.67843013793035,0.58253237752742,0.986036876442429,0.58253237752742,0.562064911645137,0.968135076113679,0.562064911645137
5.50694665848309,4.73134627317597,1,0,1,-0.866759432195184,-0.898301447609176,0,-0.140560016573338,1,6,171,3.2553680605181,3.2553680605181,0.348422569741359,3.2553680605181,3.2553680605181,0.348422569741359,0.566778907576845,0.566778907576845,0.478506829250277,0.550141514937068,0.550141514937068,0.483903180727678
11.5593906519371,13.0356090134285,1,1,1,2.57517322865163,0.744803739825686,0,-0.140560016573338,1,6,171,11.5301256897282,11.5301256897282,8.87539307886986,11.5301256897282,11.5301256897282,8.87539307886986,0.959356282412087,0.959356282412087,0.490402023398111,0.921412805830372,0.921412805830372,0.492813516091181
2.44106633780925,4.06709439570555,0,1,0,-1.1674327481699,1.68369126652308,1,-0.140560016573338,1,6,171,2.32906865192418,10.2638849328903,2.32906865192418,2.32906865192418,10.2638849328903,2.32906865192418,0.384766921276575,0.656467434631554,0.384766921276575,0.412974865355974,0.619059812965884,0.412974865355974
2.85391913643884,2.23270435564398,1,1,1,-0.925684076751659,0.00359119314734678,0,-0.140560016573338,1,6,171,3.23247881805315,3.23247881805315,1.13246592138493,3.23247881805315,3.23247881805315,1.13246592138493,0.615690047460449,0.615690047460449,0.516582807487968,0.587376346424861,0.587376346424861,0.512417820642219
17.4866975108443,21.178345119682,1,0,1,1.37071533710803,2.2059012613105,1,-0.140560016573338,1,6,171,17.8935751919187,17.8935751919187,7.92757481726747,17.8935751919187,17.8935751919187,7.92757481726747,0.62411975178504,0.62411975178504,0.298411401478795,0.593869040499653,0.593869040499653,0.344864627131068
3.82961245285129,3.34290982831929,1,0,1,-1.06552175145998,0.209953332574455,0,-0.140560016573338,1,6,171,3.20323311325451,3.20323311325451,1.05915271139539,3.20323311325451,3.20323311325451,1.05915271139539,0.644472746450818,0.644472746450818,0.514504346682416,0.609663352284403,0.609663352284403,0.510860942100677
7.2965625654208,5.89548695631957,0,1,1,1.26519638889437,-0.664834755918465,0,-0.223301799749019,1,5,172,7.35769958077628,7.35769958077628,4.81569432809912,7.35769958077628,7.35769958077628,4.81569432809912,0.685559150841314,0.685559150841314,0.505487791990366,0.642172949748775,0.642172949748775,0.504108815106269
8.24992062844807,3.3845792362784,1,1,1,-0.498206332170058,0.367944354115803,1,-0.223301799749019,1,5,172,7.55705104373023,7.55705104373023,2.32166799600454,7.55705104373023,7.55705104373023,2.32166799600454,0.661565973132517,0.661565973132517,0.519953200784825,0.623075975103114,0.623075975103114,0.51494287595127
1.2024077402754,2.79492964398005,0,0,1,-0.646085974674307,0.00919660522749096,0,-0.223301799749019,1,5,172,3.76724553965544,3.76724553965544,1.66716096210773,3.76724553965544,3.76724553965544,1.66716096210773,0.575071869333448,0.575071869333448,0.526327382092949,0.556411385724936,0.556411385724936,0.519720207101261
10.0630496587859,8.23797832329134,1,1,1,0.619022519407418,0.649777681266092,1,-0.223301799749019,1,5,172,10.3601700613813,10.3601700613813,4.83795902630978,10.3601700613813,10.3601700613813,4.83795902630978,0.663713896281013,0.663713896281013,0.506422128469889,0.624772060381657,0.624772060381657,0.504808405594098
4.62502458644777,0.997034910528291,0,0,1,0.32748209920619,-0.778835125520141,0,-0.223301799749019,1,5,172,5.53284953186506,5.53284953186506,2.82626537912109,5.53284953186506,5.53284953186506,2.82626537912109,0.510374233885776,0.510374233885776,0.497718430624472,0.507767776493666,0.507767776493666,0.498291767670204
-0.750385162570916,-2.5317257362334,1,1,0,-0.366626262444481,1.14886138257985,0,-1.77908241221229,1,6,173,0.250474628247791,3.67035710463108,0.250474628247791,0.250474628247791,3.67035710463108,0.250474628247791,0.643697461772081,0.658178288392307,0.643697461772081,0.609058388085344,0.620405945468176,0.609058388085344
-1.61475604649363,-5.13743813276538,0,1,0,0.547559564247352,-1.4987275409634,0,-1.77908241221229,1,6,173,-0.568742641911789,3.7774416001304,-0.568742641911789,-0.568742641911789,3.7774416001304,-0.568742641911789,0.602527962229034,0.635976991056203,0.602527962229034,0.577288767104638,0.603048894714133,0.577288767104638
-2.30239117135868,-6.8869882725909,1,1,0,-1.23719236090865,-0.256815776251188,1,-1.77908241221229,1,6,173,-2.89633472751158,2.26961961541992,-2.89633472751158,-2.89633472751158,2.26961961541992,-2.89633472751158,0.69626859459987,0.885707979794809,0.69626859459987,0.650813521774109,0.826025186402224,0.650813521774109
7.34296764197202,4.25207115154955,1,0,1,0.7530945484707,0.543976277941065,1,-1.77908241221229,1,6,173,7.28094133640198,7.28094133640198,1.88503114543937,7.28094133640198,7.28094133640198,1.88503114543937,0.822879047659728,0.822879047659728,0.686940393313702,0.761335128398107,0.761335128398107,0.64328305489646
-2.02675177174834,-2.04211321024562,1,1,0,0.174677729669758,-0.961100217763529,1,-1.77908241221229,1,6,173,-0.77687898786711,5.24683464071799,-0.77687898786711,-0.77687898786711,5.24683464071799,-0.77687898786711,0.660740972231915,0.76088464768274,0.660740972231915,0.6224251828441,0.704915586191146,0.6224251828441
-1.61877497879452,-3.36223822734692,0,1,0,0.310638273583906,-0.117035719060337,0,-1.77908241221229,1,6,173,0.339106598664378,2.45280395820035,0.339106598664378,0.339106598664378,2.45280395820035,0.339106598664378,0.698367369010126,0.707952741178504,0.698367369010126,0.652516097391114,0.660332717119988,0.652516097391114
1.0603946819708,-2.07498665629354,1,0,0,-0.461974692962888,-0.442630200709901,1,-0.635946001545035,1,6,174,1.22899309648321,6.52491459106369,1.22899309648321,1.22899309648321,6.52491459106369,1.22899309648321,0.565447007583997,0.698106195986068,0.565447007583997,0.549135842668758,0.652304057315086,0.549135842668758
2.37590763063654,-2.15798020717589,0,1,0,-0.362555443123213,-0.545509870096991,0,-0.635946001545035,1,6,174,1.32495192677547,3.7225329451487,1.32495192677547,1.32495192677547,3.7225329451487,1.32495192677547,0.560720588689819,0.575956844898687,0.560720588689819,0.545569792852195,0.557081341492243,0.545569792852195
6.03205584376344,2.86788715442486,0,1,1,0.332536972076671,-0.545436506065896,0,-0.635946001545035,1,6,174,5.1127111033557,5.1127111033557,2.71521012120633,5.1127111033557,5.1127111033557,2.71521012120633,0.573550394793114,0.573550394793114,0.560724314024966,0.555259985393374,0.555259985393374,0.545572601981972
5.44929968962877,2.38469917402089,1,1,0,0.855278770731618,0.35692914383376,0,-0.635946001545035,1,6,174,4.66305936841588,6.89045778213378,4.66305936841588,4.66305936841588,6.89045778213378,4.66305936841588,0.568626494072958,0.650771976093772,0.568626494072958,0.551537143865114,0.614589269787984,0.551537143865114
4.57814817672964,0.369862193481734,0,1,0,0.720556173995713,-0.680339060444673,1,-0.635946001545035,1,6,174,3.35634597066564,8.91920720783238,3.35634597066564,3.35634597066564,8.91920720783238,3.35634597066564,0.553014189379793,0.717693275096246,0.553014189379793,0.539763758317425,0.668348086797777,0.539763758317425
9.36758112203963,7.10619100758838,1,1,1,0.863832559741009,0.186422296447252,1,-0.635946001545035,1,6,174,9.64441337166082,9.64441337166082,4.50966009904815,9.64441337166082,9.64441337166082,4.50966009904815,0.754574226000802,0.754574226000802,0.572916651122336,0.699456001007368,0.699456001007368,0.554780539038103
6.39308055873898,6.19550322526839,1,0,1,-1.19039474341631,0.546254174873143,1,-0.811566096917313,1,5,175,5.90521878194125,5.90521878194125,0.506825158374914,5.90521878194125,5.90521878194125,0.506825158374914,0.81439153465991,0.81439153465991,0.581010393537568,0.75326247396848,0.75326247396848,0.560910492168453
0.948762533186443,2.69330395629757,1,0,0,0.0267315975208152,-1.16538305253433,1,-0.811566096917313,1,5,175,1.2294406128417,7.68755827197593,1.2294406128417,1.2294406128417,7.68755827197593,1.2294406128417,0.531627356438022,0.645641539387295,0.531627356438022,0.523694759486685,0.610575905977732,0.523694759486685
7.52734039212745,8.75968866966416,0,0,1,-0.168941684696332,1.43699714533692,0,-0.811566096917313,1,5,175,7.60543504198513,7.60543504198513,3.44047424627866,7.60543504198513,7.60543504198513,3.44047424627866,0.501666834794993,0.501666834794993,0.498298340455864,0.50124796695303,0.50124796695303,0.498725952601463
4.59264877853656,8.87248365785745,1,0,1,-0.484099722984794,-0.930937525075989,1,-0.811566096917313,1,5,175,6.40886817488343,6.40886817488343,0.442223499288822,6.40886817488343,6.40886817488343,0.442223499288822,0.690867296816579,0.690867296816579,0.554660708910939,0.646445980222556,0.646445980222556,0.541003434047807
5.76294464962277,9.26053570696418,1,0,1,0.397249635924602,-1.8359411952408,0,-0.811566096917313,1,5,175,6.77059861932503,6.77059861932503,1.2999185469428,6.77059861932503,6.77059861932503,1.2999185469428,0.455394736324936,0.455394736324936,0.43697756298635,0.466561113229319,0.466561113229319,0.452693988963977
3.16951277315474,3.86168903678796,1,1,1,-0.564814884835207,-0.75253342395864,1,-2.02421716879684,1,5,176,2.68668821409396,2.68668821409396,-2.97961834008095,2.68668821409396,2.68668821409396,-2.97961834008095,0.814934285891004,0.814934285891004,0.700776446823004,0.753774892113566,0.753774892113566,0.654474278246025
-0.0695943218929209,0.123125462990647,1,1,0,0.661972857842576,1.1000223088653,0,-2.02421716879684,1,5,176,1.32651287809856,4.63656195809991,1.32651287809856,1.32651287809856,4.63656195809991,1.32651287809856,0.67449629769111,0.718503887216103,0.67449629769111,0.633325267020287,0.669018577113508,0.633325267020287
7.08454123820637,5.67235327362079,1,1,1,0.298626513840506,1.61798878693776,0,-2.02421716879684,1,5,176,5.83567438282319,5.83567438282319,1.11778666816687,5.83567438282319,5.83567438282319,1.11778666816687,0.623366283061344,0.623366283061344,0.613404783812746,0.593287616143515,0.593287616143515,0.585620670479585
3.32851612388875,2.9779747183443,1,1,1,0.626741168258817,0.481287655835468,0,-2.02421716879684,1,5,176,2.96895265356081,2.96895265356081,0.637314845901206,2.96895265356081,2.96895265356081,0.637314845901206,0.750667622592083,0.750667622592083,0.713967726586913,0.696097825263398,0.696097825263398,0.665273445714516
0.478072845452552,1.21266863956575,1,1,0,-0.13754522984249,1.08464581965335,0,-2.02421716879684,1,5,176,-0.287899786483525,2.98855676760796,-0.287899786483525,-0.287899786483525,2.98855676760796,-0.287899786483525,0.67589582891609,0.677861211618308,0.67589582891609,0.634440405791259,0.636008404584416,0.634440405791259
6.1101318935083,5.39063637433513,1,0,1,-0.191625685166793,-1.73349901578964,0,-0.638312634650629,1,4,177,5.58082543206579,5.58082543206579,0.475806594322147,5.58082543206579,5.58082543206579,0.475806594322147,0.438109015989584,0.438109015989584,0.433842914465713,0.453547528425304,0.453547528425304,0.450328037785245
5.37634260411625,6.89362927166111,1,1,1,0.681207386799362,-0.231100683233139,0,-0.638312634650629,1,4,177,5.87727859660178,5.87727859660178,3.72387107081096,5.87727859660178,5.87727859660178,3.72387107081096,0.625004968022123,0.625004968022123,0.572327407452485,0.594552411330743,0.594552411330743,0.554334836058137
0.484280445254958,-0.55309269480468,1,1,0,-0.825556506865964,-0.771016118550447,1,-0.638312634650629,1,4,177,0.170427848162997,5.8648937032276,0.170427848162997,0.170427848162997,5.8648937032276,0.170427848162997,0.547137348479362,0.728391498524026,0.547137348479362,0.535342373460601,0.677241849566806,0.535342373460601
9.15462865481308,10.4273374371301,1,1,1,1.5871744336091,-0.469424074539093,1,-0.638312634650629,1,4,177,10.6178407348814,10.6178407348814,5.29748177312448,10.6178407348814,10.6178407348814,5.29748177312448,0.874730848335882,0.874730848335882,0.564586742152658,0.813966846589341,0.813966846589341,0.548486467652284
2.03342157837129,-0.80109751300652,1,1,1,-1.46328040014806,0.883731463101176,0,-1.81731085865672,1,5,178,0.535533204688353,0.535533204688353,-2.34544809418659,0.535533204688353,0.535533204688353,-2.34544809418659,0.850445672424431,0.850445672424431,0.670807640154965,0.788527277743912,0.788527277743912,0.630391717649437
2.84347272564157,0.491845215252457,0,1,1,0.299712602669629,-1.04209044977369,0,-1.81731085865672,1,5,178,2.44066850408346,2.44066850408346,-0.745284001426076,2.44066850408346,2.44066850408346,-0.745284001426076,0.667427385828417,0.667427385828417,0.657899204991343,0.627710352622539,0.627710352622539,0.620186253445815
1.58560414166849,2.75139210604098,0,1,1,-0.167137736179581,-1.39555481188787,0,-1.81731085865672,1,5,178,2.01512419174472,2.01512419174472,-2.03244904123868,2.01512419174472,2.01512419174472,-2.03244904123868,0.623363694103608,0.623363694103608,0.620253502732252,0.593285618717363,0.593285618717363,0.590887899456549
6.53424213406349,3.95569318532562,1,1,1,0.484899060719983,-2.00178632102497,0,-1.81731085865672,1,5,178,4.77254151846605,4.77254151846605,-1.33460695657665,4.77254151846605,4.77254151846605,-1.33460695657665,0.552871396717959,0.552871396717959,0.525289479176939,0.53965626872117,0.53965626872117,0.518942127414999
0.171228563871931,-1.23191661597824,0,1,1,-0.604154682540082,0.0335662066367318,0,-1.81731085865672,1,5,178,0.623764774792906,0.623764774792906,-1.47736191543507,0.623764774792906,0.623764774792906,-1.47736191543507,0.737709708161839,0.737709708161839,0.702685421326334,0.685071232464734,0.685071232464734,0.65602895033451
1.37918246203729,-0.103030071436092,0,1,0,-0.497211684891877,-0.182550036599242,0,0.712841998409933,1,4,179,1.31488287891994,3.44820739478232,1.31488287891994,1.31488287891994,3.44820739478232,1.31488287891994,0.415086410265763,0.443701221758093,0.415086410265763,0.436127791817484,0.457762815812807,0.436127791817484
0.168842359904128,-3.97550124335885,0,0,0,-0.37940301266988,-2.70192580704415,0,0.712841998409933,1,4,179,-0.968875547080972,8.43152751969019,-0.968875547080972,-0.968875547080972,8.43152751969019,-0.968875547080972,0.150363232033818,0.159479765692123,0.150363232033818,0.212294135362541,0.221448195402971,0.212294135362541
5.08622428591773,3.66515230432468,1,0,1,-1.33596567764615,-0.384937085945103,1,0.712841998409933,1,4,179,4.68316440420143,4.68316440420143,-0.565012155934476,4.68316440420143,4.68316440420143,-0.565012155934476,0.72179728524731,0.72179728524731,0.409822876060319,0.671748316006672,0.671748316006672,0.432127710223094
5.45116564859413,1.94106234488015,1,1,1,-0.327549844333129,0.123959251031685,0,0.712841998409933,1,4,179,4.0760817435847,4.0760817435847,1.96071584766836,4.0760817435847,4.0760817435847,1.96071584766836,0.428279987174959,0.428279987174959,0.415911136002147,0.44612451163532,0.44612451163532,0.436753901926618
10.7195504937334,11.6422088736196,1,0,1,1.1257895964732,-2.41061384971956,0,-0.667490635228005,0,4,180,12.7170945772891,12.7170945772891,4.80603544482931,12.7170945772891,12.7170945772891,4.80603544482931,0.571577664999258,0.571577664999258,0.423053905257886,0.553767839361079,0.553767839361079,0.442169547755219
9.79668668609595,7.66546654600343,0,1,1,0.842513120040128,-1.04221331522479,1,-0.667490635228005,0,4,180,10.425691086395,10.425691086395,4.23948249196317,10.425691086395,10.425691086395,4.23948249196317,0.801978464817918,0.801978464817918,0.641725093707621,0.741677087155153,0.741677087155153,0.607520575285669
4.20257369231238,2.70651625093332,1,0,1,0.0376942184037089,-0.593218075846151,0,-0.667490635228005,0,4,180,5.08175237420094,5.08175237420094,2.62984468869033,5.08175237420094,5.08175237420094,2.62984468869033,0.673238783988341,0.673238783988341,0.673090338176198,0.63232428178857,0.63232428178857,0.632206180096019
1.17674486189798,3.25091639581354,1,0,0,0.29771661011393,-0.000860693313628984,0,-0.667490635228005,0,4,180,3.14988947211077,5.24989021290375,3.14988947211077,3.14988947211077,5.24989021290375,3.14988947211077,0.687632241326609,0.696613010654639,0.687632241326609,0.643839562361526,0.651092706619315,0.643839562361526
0.748213068622892,-0.0404534779001556,0,0,0,-0.983060135801381,1.52464904169356,0,0.466519747395901,1,6,181,2.34088809538046,6.76544279571755,2.34088809538046,2.34088809538046,6.76544279571755,2.34088809538046,0.340670211353855,0.44942342615672,0.340670211353855,0.378687169134335,0.462070765500702,0.378687169134335
2.44603982087108,-0.148979100281168,1,1,1,-1.13712826971039,-1.0709300203316,0,0.466519747395901,1,6,181,2.68406387398473,2.68406387398473,-0.562827234462704,2.68406387398473,2.68406387398473,-0.562827234462704,0.543303210657482,0.543303210657482,0.392422305769063,0.532460388907075,0.532460388907075,0.418847871695281
10.9085005061242,10.1580269219069,1,1,1,1.22167808714293,-0.615062952221027,1,0.466519747395901,1,6,181,10.0889549825493,10.0889549825493,4.6106525473545,10.0889549825493,10.0889549825493,4.6106525473545,0.708401148986686,0.708401148986686,0.427569532296785,0.660700068443989,0.660700068443989,0.445587207812646
4.89786195189753,2.42331773365779,0,1,0,1.091735183894,-0.195172694842292,0,0.466519747395901,1,6,181,4.77065699823538,6.90874937904738,4.77065699823538,4.77065699823538,6.90874937904738,4.77065699823538,0.44337426582265,0.583071121181403,0.44337426582265,0.457516510206747,0.562473682905467,0.457516510206747
4.47030198738673,3.14560098988797,0,0,0,0.305236296532588,1.47817710014122,1,0.466519747395901,1,6,181,4.87100901849606,12.156016557878,4.87100901849606,4.87100901849606,12.156016557878,4.87100901849606,0.346642210101158,0.470838332447493,0.346642210101158,0.383383063954879,0.478154594242828,0.383383063954879
-2.39908008746692,-4.18196218682825,1,1,0,-2.32135691059333,-0.244232863043145,0,0.466519747395901,1,6,181,-2.10458735894014,0.0550623324501163,-2.10458735894014,-2.10458735894014,0.0550623324501163,-2.10458735894014,0.442369224460808,0.91277628447841,0.442369224460808,0.456759271366671,0.857636406363008,0.456759271366671
5.86164508117426,5.04857512654331,0,0,1,0.313491603258293,0.0628845772078807,1,1.34896108543077,1,6,182,6.97412624376853,6.97412624376853,1.87017177371792,6.97412624376853,6.97412624376853,1.87017177371792,0.470260484584925,0.470260484584925,0.34556670210557,0.47772123391455,0.47772123391455,0.382538720483721
5.54736465949748,5.25134545693276,0,1,1,-0.493931787193393,0.732601760050706,1,1.34896108543077,1,6,182,6.56174751448676,6.56174751448676,0.925042175657369,6.56174751448676,6.56174751448676,0.925042175657369,0.462339332618679,0.462339332618679,0.323063671428577,0.471777586439112,0.471777586439112,0.36472976377694
13.4856728138066,11.3221853044312,1,1,1,1.50011025015709,-2.37051254092291,1,1.34896108543077,1,6,182,12.5293416560575,12.5293416560575,1.81001194938471,12.5293416560575,12.5293416560575,1.81001194938471,0.459208074041172,0.459208074041172,0.152622798404473,0.46942623446325,0.46942623446325,0.214580554298764
10.1293486435471,4.86312022806091,1,1,1,2.138606773643,0.175454860848529,0,1.34896108543077,1,6,182,7.76375680632336,7.76375680632336,5.63297239812798,7.76375680632336,7.76375680632336,5.63297239812798,0.821786585963088,0.821786585963088,0.344416457911932,0.760288799540316,0.760288799540316,0.381635055331539
4.211029319074,5.49948245586852,0,1,1,1.31276930651282,0.587539844348404,0,1.34896108543077,1,6,182,6.83858551606445,6.83858551606445,4.3933824473675,6.83858551606445,6.83858551606445,4.3933824473675,0.527863613910257,0.527863613910257,0.331069157848599,0.520872017865919,0.520872017865919,0.371097842059542
0.930003036341014,0.363776347676943,0,0,1,-1.16911125596096,-0.520604902482114,0,1.34896108543077,1,6,182,0.692506040077833,0.692506040077833,-1.67852342441058,0.692506040077833,0.692506040077833,-1.67852342441058,0.489314436882521,0.489314436882521,0.334195485486895,0.491999073145624,0.491999073145624,0.373574680317251
3.26290223226391,4.48739043733659,1,0,0,0.562262628090621,0.218298716796869,0,-0.474822525394866,1,4,183,4.11736754235575,6.26502187211091,4.11736754235575,4.11736754235575,6.26502187211091,4.11736754235575,0.553593159473141,0.590152823274433,0.553593159473141,0.540199620302087,0.567853798394565,0.540199620302087
0.45211194517047,0.775267871853141,1,1,0,-1.38740694385881,-0.142788801971754,1,-0.474822525394866,1,4,183,-0.143059120311725,4.9773295216568,-0.143059120311725,-0.143059120311725,4.9773295216568,-0.143059120311725,0.554865919465711,0.834102617614393,0.554865919465711,0.541157968545299,0.772216244476261,0.541157968545299
-0.876030442908806,2.69800970358983,0,0,0,-1.07402329307695,-0.182074457933328,0,-0.474822525394866,1,4,183,0.444422525290405,2.57757363352212,0.444422525290405,0.444422525290405,2.57757363352212,0.444422525290405,0.554270252961582,0.682257995399879,0.554270252961582,0.540709418440188,0.639524795073974,0.540709418440188
2.71625950293723,2.73803168794184,0,0,0,0.102498353021944,-0.223784931093907,1,-0.474822525394866,1,4,183,2.75575534432762,7.90583503971233,2.75575534432762,2.75575534432762,7.90583503971233,2.75575534432762,0.553479910955753,0.666640830223186,0.553479910955753,0.540114360107201,0.627087351433977,0.540114360107201
6.11148808894162,5.19550456950819,0,1,1,-0.751349256621158,-0.842233954628338,1,-1.48124090414429,1,5,184,4.27035095034805,4.27035095034805,-1.53900708398084,4.27035095034805,4.27035095034805,-1.53900708398084,0.787819104130987,0.787819104130987,0.637847088335067,0.728753315196183,0.728753315196183,0.604502113661749
-1.18874287661717,-0.507900842557883,1,1,0,-0.127572822299414,-0.915070706218577,0,-1.48124090414429,1,5,184,-0.364290966927587,2.57306343045178,-0.364290966927587,-0.364290966927587,2.57306343045178,-0.364290966927587,0.632225488688927,0.634016267133447,0.632225488688927,0.600138208128015,0.601526876416653,0.600138208128015
2.07750308114029,0.312044820884992,0,1,0,1.20150286013425,-1.77316813475069,0,-1.48124090414429,1,5,184,1.43576296940763,6.67988820350286,1.43576296940763,1.43576296940763,6.67988820350286,1.43576296940763,0.526365383866234,0.687602589026012,0.526365383866234,0.519748697241932,0.643815704243951,0.519748697241932
1.86907214103802,2.78999248769829,0,1,1,-0.336350198808116,-0.281914738937127,0,-1.48124090414429,1,5,184,2.03078616736645,2.03078616736645,-0.148689752663541,2.03078616736645,2.03078616736645,-0.148689752663541,0.676826085854366,0.676826085854366,0.66496735167732,0.635182280677638,0.635182280677638,0.625763000860023
1.84809078534607,1.81640433956823,1,1,0,0.307529170531538,1.01869259990916,0,-1.48124090414429,1,5,184,2.43967632486205,5.57741093797173,2.43967632486205,2.43967632486205,5.57741093797173,2.43967632486205,0.62335596484575,0.633812582755924,0.62335596484575,0.593279655475177,0.601368859996153,0.593279655475177
3.78321869802997,-1.6227203253132,0,1,0,-0.504243213572159,0.648398074319158,1,0.619574160376626,1,4,185,2.25603950696844,7.77645956974923,2.25603950696844,2.25603950696844,7.77645956974923,2.25603950696844,0.408036583163003,0.554848648286417,0.408036583163003,0.430768514525401,0.541144962165805,0.430768514525401
3.09769067186648,-0.636087789125112,1,0,0,-0.30938328172052,0.976371105994323,1,0.619574160376626,1,4,185,2.97373240234688,9.02703293896746,2.97373240234688,2.97373240234688,9.02703293896746,2.97373240234688,0.383923821549553,0.511189521305451,0.383923821549553,0.412326814291859,0.508378322977501,0.412326814291859
3.41813050091432,0.235670313345635,0,1,0,0.961043521401791,-0.455724042689573,0,0.619574160376626,1,4,185,4.08249085990761,6.39017526299293,4.08249085990761,4.08249085990761,6.39017526299293,4.08249085990761,0.417788833523766,0.526055317054111,0.417788833523766,0.438178765991834,0.519516241625852,0.438178765991834
-0.535347611240205,-1.44195317172283,1,0,0,-1.93797395197516,1.23548122571132,1,0.619574160376626,1,4,185,-0.024338818445389,6.60207504063976,-0.024338818445389,-0.024338818445389,6.60207504063976,-0.024338818445389,0.358587421394831,0.842875194258386,0.358587421394831,0.392722919737458,0.780898665092559,0.392722919737458
3.01651759914207,0.771788003633037,1,1,0,-0.200896151992222,0.648903731181177,0,0.568843061869124,1,6,186,2.92352899816009,5.44460505050095,2.92352899816009,2.92352899816009,5.44460505050095,2.92352899816009,0.413812728593335,0.418448241116854,0.413812728593335,0.435160506229167,0.438678941865693,0.435160506229167
10.6291351639455,7.35632313244152,0,1,1,0.58019284523718,1.53783271917674,0,0.568843061869124,1,6,186,9.83956545278498,9.83956545278498,5.37463598061446,9.83956545278498,9.83956545278498,5.37463598061446,0.364268642724541,0.364268642724541,0.328155565667263,0.397141866905143,0.397141866905143,0.368784533134787
4.61351745633079,3.26957591747462,1,1,1,0.106006691295435,-0.523856643442137,0,0.568843061869124,1,6,186,4.73900009299056,4.73900009299056,2.36457431011209,4.73900009299056,4.73900009299056,2.36457431011209,0.421849660480665,0.421849660480665,0.420554787749444,0.441257338165486,0.441257338165486,0.440276102359991
2.85350702558753,2.45954006138957,1,0,0,0.462869864312784,0.025815999381696,0,0.568843061869124,1,6,186,3.62797329897062,5.7286397647947,3.62797329897062,3.62797329897062,5.7286397647947,3.62797329897062,0.43321461453188,0.458211525659091,0.43321461453188,0.44985358609505,0.468677658500189,0.44985358609505
4.3708162015787,1.84455613964567,1,1,1,-0.767287464569266,0.641409334433223,0,0.568843061869124,1,6,186,4.29465791055612,4.29465791055612,1.78325197625805,4.29465791055612,4.29465791055612,1.78325197625805,0.482931412571741,0.482931412571741,0.414256381005392,0.487218268517386,0.487218268517386,0.435497481051391
5.50284600181617,4.05345031462207,0,1,1,-0.37238005960244,0.374946287281967,0,0.568843061869124,1,6,186,4.54718845738698,4.54718845738698,2.30660373904045,4.54718845738698,4.54718845738698,2.30660373904045,0.442831842273767,0.442831842273767,0.426732771535378,0.457107847335931,0.457107847335931,0.444954242407208
10.7115843098197,11.1564412942024,1,0,1,1.21696187849605,-1.33381736922567,1,0.717932585033492,0,5,187,11.7975653347873,11.7975653347873,4.91849656033923,11.7975653347873,11.7975653347873,4.91849656033923,0.725491463808607,0.725491463808607,0.449467171994631,0.674821212655507,0.674821212655507,0.462103680147188
7.91347257495858,10.289594921389,0,0,1,-0.688817386202117,-0.762334952956703,1,0.717932585033492,0,5,187,6.78809261144239,6.78809261144239,1.10693803094289,6.78809261144239,6.78809261144239,1.10693803094289,0.672813116575275,0.672813116575275,0.505854310387827,0.631985660667251,0.631985660667251,0.504383246356381
1.14470791476529,3.64841041589116,1,1,1,-1.67456685198459,-0.561925097322181,0,0.717932585033492,0,5,187,1.5511989143785,1.5511989143785,-0.864560900622043,1.5511989143785,1.5511989143785,-0.864560900622043,0.803281466996434,0.803281466996434,0.518375673474648,0.742881527145679,0.742881527145679,0.513760938188997
0.356817550181797,6.03063795776147,1,0,1,-1.03019369611148,0.144445217786678,0,0.717932585033492,0,5,187,2.54504983206561,2.54504983206561,0.424185411124169,2.54504983206561,2.54504983206561,0.424185411124169,0.65276659187484,0.65276659187484,0.532262506473614,0.616153052179745,0.616153052179745,0.5241712345149
-1.40043318831788,2.74464475948279,1,0,1,-1.65328235641778,-0.435538082949711,0,0.717932585033492,0,5,187,1.46770151221107,1.46770151221107,-0.82199190948844,1.46770151221107,1.46770151221107,-0.82199190948844,0.801726091436243,0.801726091436243,0.524316732556321,0.74144410988716,0.74144410988716,0.518212964579923
4.45201271531764,2.64040155175643,1,0,0,0.101854468513102,1.06528209459052,0,-0.0930342489182537,0,6,188,3.19505356555442,6.42987950660959,3.19505356555442,3.19505356555442,6.42987950660959,3.19505356555442,0.574888098660702,0.576085905704489,0.574888098660702,0.556272287176384,0.557179059483592,0.556272287176384
6.32051166212727,7.27162166308276,1,1,1,0.598796813649702,-0.894110584631105,0,-0.0930342489182537,0,6,188,7.088371993377,7.088371993377,4.18893825582762,7.088371993377,7.088371993377,4.18893825582762,0.630629183293436,0.630629183293436,0.590308430065818,0.598901476927934,0.598901476927934,0.567972164400416
1.36823927415654,0.670330293182007,0,1,0,-0.576621855764308,-0.28994294984218,0,-0.0930342489182537,0,6,188,1.8381009169996,4.02216783116279,1.8381009169996,1.8381009169996,4.02216783116279,1.8381009169996,0.622606474187464,0.65885635138271,0.622606474187464,0.592701520944827,0.620939880534706,0.592701520944827
4.08880335682742,4.58700512737919,0,1,0,0.313026047688397,0.427640258499952,0,-0.0930342489182537,0,6,188,3.61739672390501,5.90027291459492,3.61739672390501,3.61739672390501,5.90027291459492,3.61739672390501,0.618199978566008,0.629088880910443,0.618199978566008,0.589306780345355,0.597709130334321,0.589306780345355
13.5746818283249,12.0398169912429,0,1,1,1.49688730304933,0.912683859053807,1,-0.0930342489182537,0,6,188,11.9181110612042,11.9181110612042,5.98511923462688,11.9181110612042,11.9181110612042,5.98511923462688,0.871021261864086,0.871021261864086,0.588772625048879,0.809976250542091,0.809976250542091,0.56680420349871
10.984701032607,11.9312219090527,1,1,1,2.71653548967768,-0.461061324373435,0,-0.0930342489182537,0,6,188,10.7369931527166,10.7369931527166,8.42441560788358,10.7369931527166,10.7369931527166,8.42441560788358,0.983267008895652,0.983267008895652,0.616871747554072,0.962664433448016,0.962664433448016,0.588284929316212
2.10957609308294,0.53883434047588,1,1,1,-0.28225048525384,0.0278357069793909,0,-1.53860680574548,0,6,189,2.16896295338905,2.16896295338905,0.0681881268060058,2.16896295338905,2.16896295338905,0.0681881268060058,0.776037329607518,0.776037329607518,0.7693325478776,0.718213636692019,0.718213636692019,0.712295457606013
9.73197880829006,7.46221161532273,0,1,1,0.548473887129531,-0.721778571890875,1,-1.53860680574548,0,6,189,7.35060117841358,7.35060117841358,1.72963687157275,7.35060117841358,7.35060117841358,1.72963687157275,0.849515578365439,0.849515578365439,0.751191090671067,0.787582929402785,0.787582929402785,0.696546866515923
3.37642372259275,0.648057111878813,0,1,1,0.00277987056616337,0.75449240692485,0,-1.53860680574548,0,6,189,3.30750763055327,3.30750763055327,0.638248838446013,3.30750763055327,3.30750763055327,0.638248838446013,0.749461857455808,0.749461857455808,0.749461163898448,0.695064588804322,0.695064588804322,0.695063994922273
1.86871835345689,0.710913198139331,1,1,1,-0.774494129675554,0.0700823345550704,0,-1.53860680574548,0,6,189,1.18861237157927,1.18861237157927,-0.916299162037423,1.18861237157927,1.18861237157927,-0.916299162037423,0.816366717222484,0.816366717222484,0.769191863079667,0.755129719040149,0.755129719040149,0.712171868716613
2.18992644794877,0.679055643656407,0,0,1,0.114400836159105,0.0555360307825742,0,-1.53860680574548,0,6,189,2.96457502034698,2.96457502034698,0.861490769631895,2.96457502034698,2.96457502034698,0.861490769631895,0.770364964339696,0.770364964339696,0.76925401406391,0.71320314801973,0.71320314801973,0.712226464217591
5.09156478140217,6.60532338942494,1,1,1,0.194682768076262,0.508476455460164,1,-1.53860680574548,0,6,189,6.38060293922354,6.38060293922354,1.02205463346621,6.38060293922354,6.38060293922354,1.02205463346621,0.839482654548863,0.839482654548863,0.760455860934357,0.777521600441311,0.777521600441311,0.704543208304287
7.61969012171707,9.2293556841935,1,0,1,1.01255196543569,1.12680891759493,0,0.0482590759684274,1,6,190,9.51928224682444,9.51928224682444,6.14958391005298,9.51928224682444,9.51928224682444,6.14958391005298,0.555152440590523,0.555152440590523,0.43472006961545,0.541373745544114,0.541373745544114,0.450990280474526
5.84078265153275,7.08735256468202,1,1,1,-0.987188425042632,0.595088992374952,1,0.0482590759684274,1,6,190,7.0725141127222,7.0725141127222,1.61838320387636,7.0725141127222,7.0725141127222,1.61838320387636,0.699471272984936,0.699471272984936,0.477600519416416,0.653412869454744,0.653412869454744,0.483223992969891
7.13169064947722,7.42513928863539,1,1,1,-0.509001221931502,0.312487855351832,1,0.0482590759684274,1,6,190,7.48980513281789,7.48980513281789,2.2921564730755,7.48980513281789,7.48980513281789,2.2921564730755,0.635025890857984,0.635025890857984,0.48969586652631,0.60231039409662,0.60231039409662,0.492284712013324
12.0805294018219,11.8665442245216,0,0,1,0.897244918518033,1.62474892807324,0,0.0482590759684274,1,6,190,11.1567189059711,11.1567189059711,6.41690982669598,11.1567189059711,11.1567189059711,6.41690982669598,0.464751274318491,0.464751274318491,0.372424836735928,0.473588048310385,0.473588048310385,0.403461689922112
8.14653547104931,10.6687395022994,0,0,1,0.483726009668499,-0.0370995460401734,1,0.0482590759684274,1,6,190,9.02939991119989,9.02939991119989,3.9280235348835,9.02939991119989,9.02939991119989,3.9280235348835,0.636497961763464,0.636497961763464,0.494239627184624,0.603453578500544,0.603453578500544,0.49568708293731
5.66931904074286,6.40052016186386,0,0,1,0.193246031194438,0.0554841472234978,0,0.0482590759684274,1,6,190,5.54272576179217,5.54272576179217,3.43964727119905,5.54272576179217,5.54272576179217,3.43964727119905,0.498566458170595,0.498566458170595,0.494159282564569,0.49892669472172,0.49892669472172,0.495626924601043
13.9332567361972,16.0532751882051,1,1,1,1.95454990064063,1.41386866979198,1,-0.63025517545806,1,4,191,15.0247715003009,15.0247715003009,7.92574688488157,15.0247715003009,15.0247715003009,7.92574688488157,0.902646517663144,0.902646517663144,0.480022522053747,0.845457646111519,0.845457646111519,0.485038926842244
0.612540862622275,1.93409778635313,1,1,1,-1.70145687777882,0.29273203865622,0,-0.63025517545806,1,4,191,1.67828874336274,1.67828874336274,-0.507403303093089,1.67828874336274,1.67828874336274,-0.507403303093089,0.84064187686387,0.84064187686387,0.569900042151036,0.778672730282382,0.778672730282382,0.552499557105375
4.00263939597393,6.361403620344,1,1,1,-0.615982077935248,-0.511064280324603,0,-0.63025517545806,1,4,191,3.22093667623694,3.22093667623694,0.859749977613231,3.22093667623694,3.22093667623694,0.859749977613231,0.605312329188625,0.605312329188625,0.561752126699574,0.579417965824775,0.579417965824775,0.546347730377087
-0.198550047318218,-0.559914726373772,1,1,1,-2.84301142492276,0.629459449858346,0,-0.63025517545806,1,4,191,0.0424342128371187,0.0424342128371187,-2.45378498617885,0.0424342128371187,0.0424342128371187,-2.45378498617885,0.984580575984659,0.984580575984659,0.555460904082636,0.96523439428275,0.96523439428275,0.54160606198019
10.3781078035287,4.29655409328879,1,0,1,1.30892643962659,-0.996869624762227,0,0.10588342777333,1,4,192,7.70352100298752,7.70352100298752,4.60977195421393,7.70352100298752,7.70352100298752,4.60977195421393,0.639204113491514,0.639204113491514,0.440854468009133,0.605557595541356,0.605557595541356,0.455617669538591
5.77748305310308,4.5334767165396,1,0,1,0.777056557904673,-0.650027372437784,0,0.10588342777333,1,4,192,6.4154100280129,6.4154100280129,3.89287444309453,6.4154100280129,6.4154100280129,3.89287444309453,0.538745681421394,0.538745681421394,0.467599259333084,0.529037049146722,0.529037049146722,0.475725053552049
7.60230493373459,3.98921393419466,1,1,1,-1.10601942969334,1.42183435830066,0,0.10588342777333,1,4,192,6.32019714108119,6.32019714108119,2.19858419863694,6.32019714108119,6.32019714108119,2.19858419863694,0.536378104610584,0.536378104610584,0.393635379700805,0.527259607597983,0.527259607597983,0.419776697437112
9.4107643000886,4.64784851446287,0,1,0,1.4430228050116,1.60119642242769,0,0.10588342777333,1,4,192,7.47603073217387,12.1398607153691,7.47603073217387,7.47603073217387,12.1398607153691,7.47603073217387,0.369415280218987,0.610464652632032,0.369415280218987,0.401132952902836,0.583364567017965,0.401132952902836
5.20212458161951,5.47319936307807,0,0,1,0.159797558507188,0.117574007271707,0,-0.0274352237678121,1,6,193,5.55024007996882,5.55024007996882,3.43641643278289,5.55024007996882,5.55024007996882,3.43641643278289,0.505598876355801,0.505598876355801,0.50258534942109,0.504191989476243,0.504191989476243,0.501935669842004
2.10292576125791,-0.31291610891866,1,1,0,-0.662564870026112,-0.00243461159317532,1,-0.0274352237678121,1,6,193,1.67168295685141,6.77168888418502,1.67168295685141,1.67168295685141,6.77168888418502,1.67168295685141,0.503237647413047,0.666759857300192,0.503237647413047,0.502424056831614,0.627181606035392,0.502424056831614
1.81906716889129,2.57926610581189,1,0,0,0.585672986096038,-1.05035508033311,1,-0.0274352237678121,1,6,193,3.12023820035577,9.32348399513736,3.12023820035577,3.12023820035577,9.32348399513736,3.12023820035577,0.451302391079072,0.608014600624,0.451302391079072,0.463484259680527,0.581486769969848,0.463484259680527
10.0983058739045,9.67935642705246,0,0,1,0.839324141408783,-2.16707218070832,0,-0.0274352237678121,1,6,193,9.30702524700597,9.30702524700597,2.51082341060606,9.30702524700597,9.30702524700597,2.51082341060606,0.367743527300429,0.367743527300429,0.293926367804031,0.399837773657081,0.399837773657081,0.341205040916245
1.21194317078107,1.07123819154322,0,0,0,-0.351078840903097,-1.18518468865729,0,-0.0274352237678121,1,6,193,1.11190493803333,4.616567684261,1.11190493803333,1.11190493803333,4.616567684261,1.11190493803333,0.437242139737087,0.451616971093057,0.437242139737087,0.452893600028493,0.463720860182097,0.452893600028493
6.5044215432567,6.47120498623277,0,0,1,0.730481011632177,0.593181385503682,0,-0.0274352237678121,1,6,193,7.50525487337291,7.50525487337291,5.05339071726485,7.50525487337291,7.50525487337291,5.05339071726485,0.549449418752139,0.549449418752139,0.486629891173272,0.537081238320709,0.537081238320709,0.489988578256355
10.3587400171615,9.61188164919832,0,1,1,0.604662663654168,-1.47676861389124,1,0.558294587516647,0,6,194,11.1784780198322,11.1784780198322,3.89763248085795,11.1784780198322,11.1784780198322,3.89763248085795,0.608672346353619,0.608672346353619,0.449341803274226,0.581990689836639,0.581990689836639,0.462009351170361
3.56924807287496,6.41217296635352,0,1,1,0.648203659376736,0.494511000309034,0,0.558294587516647,0,6,194,6.32925560172973,6.32925560172973,3.98471447230309,6.32925560172973,6.32925560172973,3.98471447230309,0.589255565285472,0.589255565285472,0.540501874255358,0.567171405347529,0.567171405347529,0.530355903142861
1.80331560528158,1.03208605330153,0,1,0,-0.461536492703854,1.05493443219528,1,0.558294587516647,0,6,194,1.76523416814191,7.97812082437309,1.76523416814191,1.76523416814191,7.97812082437309,1.76523416814191,0.499592916533998,0.639167098789475,0.499592916533998,0.499695210980929,0.605528795006798,0.499695210980929
7.56393832580292,5.05147791884516,0,1,1,0.186387273539856,-0.0243060399320312,0,0.558294587516647,0,6,194,5.16167248420651,5.16167248420651,3.06108170062933,5.16167248420651,5.16167248420651,3.06108170062933,0.55597893618798,0.55597893618798,0.551924310703296,0.541996247847752,0.541996247847752,0.538943412925931
4.75840271696291,4.53685531439455,0,1,1,-0.109818523135835,0.751311516359856,0,0.558294587516647,0,6,194,5.13313910189289,5.13313910189289,2.46867010727795,5.13313910189289,5.13313910189289,2.46867010727795,0.526881762758413,0.526881762758413,0.525462116161522,0.520135840329884,0.520135840329884,0.519071541813365
7.62088305377748,8.19857269679079,0,1,1,1.14565422848079,-0.877154679606248,0,0.558294587516647,0,6,194,7.84901594246634,7.84901594246634,4.9796156105112,7.84901594246634,7.84901594246634,4.9796156105112,0.664652018730861,0.664652018730861,0.515803509574368,0.625513627716872,0.625513627716872,0.511834061947506
-0.95362785466374,1.21796342739351,1,0,0,-0.443537986489533,1.177784020996,0,1.27154861969994,1,5,195,1.67387215575612,5.16104735586964,1.67387215575612,1.67387215575612,5.16104735586964,1.67387215575612,0.296365035153752,0.316239437348223,0.296365035153752,0.343196738675854,0.359270721843232,0.343196738675854
-0.575840499806558,0.143872662309439,0,0,0,-0.348490257204438,-0.936169068154346,0,1.27154861969994,1,5,195,-0.24998547482404,2.72642704934494,-0.24998547482404,-0.24998547482404,2.72642704934494,-0.24998547482404,0.31701874562487,0.329638117297272,0.31701874562487,0.35989560605728,0.369962248116899,0.35989560605728
5.59256786199572,4.17319651097221,0,0,1,0.00863012624343395,0.806351828600949,0,1.27154861969994,1,5,195,4.95697946031509,4.95697946031509,2.206776188827,4.95697946031509,4.95697946031509,2.206776188827,0.32640539998383,0.32640539998383,0.326397623761933,0.367392579488047,0.367392579488047,0.367386390828978
4.23244550612428,3.26225758220036,1,0,0,0.826353057648112,0.874198486962158,0,1.27154861969994,1,5,195,3.91006870999756,6.77429170460449,3.91006870999756,3.91006870999756,6.77429170460449,3.91006870999756,0.3216530557048,0.395913080726791,0.3216530557048,0.363603708604092,0.421519398070563,0.363603708604092
-1.00218799428343,-1.40065215808977,1,0,0,-2.16129107880915,0.597734424625744,1,1.27154861969994,1,5,195,-2.34168362525337,3.1156028171293,-2.34168362525337,-2.34168362525337,3.1156028171293,-2.34168362525337,0.338741648286401,0.884388297566705,0.338741648286401,0.377166728143525,0.824554805153267,0.377166728143525
3.46552095636558,4.03083590071828,0,1,1,-0.653245499952601,-0.368498991289812,0,-0.00752611953740474,1,6,196,3.5607448729113,3.5607448729113,1.3249533663297,3.5607448729113,3.5607448729113,1.3249533663297,0.544727146469728,0.544727146469728,0.494477902068874,0.53353048581744,0.53353048581744,0.495865491529173
1.77203906650847,6.45216600284941,1,1,1,-1.49532558932026,0.374785691464894,0,-0.00752611953740474,1,6,196,2.6245421848759,2.6245421848759,0.384077870349082,2.6245421848759,2.6245421848759,0.384077870349082,0.73821525834283,0.73821525834283,0.494257330672421,0.685498327256534,0.685498327256534,0.495700338475907
8.89215951099448,12.3076908896612,0,1,1,1.19127969379891,1.07330636831621,0,-0.00752611953740474,1,6,196,9.70779567370685,9.70779567370685,6.45580911343873,9.70779567370685,9.70779567370685,6.45580911343873,0.612148972159177,0.612148972159177,0.446697793775897,0.584656661359057,0.584656661359057,0.460019415644503
6.52953021368974,10.3511331958226,1,0,1,1.01970209344315,-1.32656683748132,0,-0.00752611953740474,1,6,196,7.57256028123487,7.57256028123487,3.71278070692969,7.57256028123487,7.57256028123487,3.71278070692969,0.540445305967041,0.540445305967041,0.41850903656868,0.530313416302485,0.530313416302485,0.438725051282667
4.70808388403808,8.12710108491629,0,1,1,-0.0971707119124433,0.0954522760306407,0,-0.00752611953740474,1,6,196,5.01016534672989,5.01016534672989,2.90105420973046,5.01016534672989,5.01016534672989,2.90105420973046,0.501572505367934,0.501572505367934,0.500458127090236,0.50117734164931,0.50117734164931,0.500342998840899
5.90617439038337,8.36276602985381,1,1,1,0.613497481156983,-0.383475364802803,0,-0.00752611953740474,1,6,196,6.09051631044651,6.09051631044651,3.84346295503587,6.09051631044651,6.09051631044651,3.84346295503587,0.5382955897076,0.5382955897076,0.493946310621962,0.528699098688498,0.528699098688498,0.49546746052965
3.06617805322166,5.23467319500461,1,1,0,1.12801766705717,-0.786945242022794,0,-0.402951913876093,1,4,197,4.30671984719513,7.02600266113745,4.30671984719513,4.30671984719513,7.02600266113745,4.30671984719513,0.518313826505879,0.662659878385517,0.518313826505879,0.513714603069685,0.62393945364645,0.513714603069685
5.46572158387842,3.26244455766738,1,1,0,1.36180112365859,-1.63517446004507,0,-0.402951913876093,1,4,197,3.9260575423757,8.6998530571594,3.9260575423757,3.9260575423757,8.6998530571594,3.9260575423757,0.421942996793644,0.636799895273715,0.421942996793644,0.441328051941775,0.603688170804949,0.441328051941775
-0.957454434448084,-0.0624004311236596,0,1,0,-0.781739234851194,-1.06530223272587,0,-0.402951913876093,1,4,197,0.208849052675335,3.44371789972606,0.208849052675335,0.208849052675335,3.44371789972606,0.208849052675335,0.493981664896994,0.565742240504611,0.493981664896994,0.495493932317699,0.549358733248813,0.495493932317699
-0.337764466130189,0.042567635681557,0,1,0,-1.70619455939218,0.328824282270743,0,-0.402951913876093,1,4,197,-0.245935081410027,1.96219032720084,-0.245935081410027,-0.245935081410027,1.96219032720084,-0.245935081410027,0.54235593133734,0.825877277778062,0.54235593133734,0.531748644241187,0.76421814061395,0.531748644241187
3.97293122955542,-1.05365397714872,1,0,1,0.199572510694412,0.848033553998618,0,-1.98750504900503,1,5,198,3.11616316427448,3.11616316427448,0.297002255566948,3.11616316427448,3.11616316427448,0.297002255566948,0.69495623865754,0.69495623865754,0.690926182600976,0.649750483727542,0.649750483727542,0.646493488217247
0.52561185171148,-3.6306711188053,1,0,0,0.130201390849748,0.309486368290649,0,-1.98750504900503,1,5,198,-0.380287169830348,1.81549464232739,-0.380287169830348,-0.380287169830348,1.81549464232739,-0.380287169830348,0.715679903059615,0.717320648254556,0.715679903059615,0.66668507993559,0.66804005376695,0.66668507993559
2.4904691445143,0.539340797204041,1,1,1,-0.145168036622662,1.29215792684954,0,-1.98750504900503,1,5,198,3.82131764170382,3.82131764170382,0.0516455337837214,3.82131764170382,3.82131764170382,0.0516455337837214,0.65337790066275,0.65337790066275,0.651111128668239,0.616632716021666,0.616632716021666,0.614855027104331
4.5043576664244,3.08834098398455,0,0,1,0.459501705661585,0.264596666719957,1,-1.98750504900503,1,5,198,5.40343515426195,5.40343515426195,0.233423758222634,5.40343515426195,5.40343515426195,0.233423758222634,0.818821710922612,0.818821710922612,0.71667823888948,0.757460078739424,0.757460078739424,0.667509271939629
3.46007169180235,2.77514409009532,1,1,1,0.551578385228564,-0.778873126860652,1,-1.98750504900503,1,5,198,5.08075067152167,5.08075067152167,-0.625892676224019,5.08075067152167,5.08075067152167,-0.625892676224019,0.809972284687121,0.809972284687121,0.695478072878412,0.749108868191026,0.749108868191026,0.650173037064857
5.41777852343061,8.82924912375867,1,1,1,-1.81109968069609,1.14142898902503,1,-0.173861224789687,0,6,199,5.75043305010916,5.75043305010916,-0.652427086877541,5.75043305010916,5.75043305010916,-0.652427086877541,0.914111418805591,0.914111418805591,0.576459698624221,0.859276701029917,0.859276701029917,0.55746209688113
3.28127573775127,5.55493373801877,0,1,1,-0.533720363787614,0.49766853012326,0,-0.173861224789687,0,6,199,4.25000551281445,4.25000551281445,1.9023315469394,4.25000551281445,4.25000551281445,1.9023315469394,0.655409407212487,0.655409407212487,0.624316481743972,0.618228093014958,0.618228093014958,0.594020886065308
11.2688688203795,13.6611832767679,1,1,1,2.20014890160607,1.50514446706831,0,-0.173861224789687,0,6,199,11.7355299444731,11.7355299444731,7.37007007772678,11.7355299444731,11.7355299444731,7.37007007772678,0.920630021588615,0.920630021588615,0.531551902942424,0.867412666862886,0.867412666862886,0.523638158466827
1.02120593748289,4.77692961582506,0,0,0,-0.733767219289987,1.20403369596744,0,-0.173861224789687,0,6,199,1.50223783593466,5.05193497695967,1.50223783593466,1.50223783593466,5.05193497695967,1.50223783593466,0.569668843321532,0.630692987974513,0.569668843321532,0.55232481674747,0.598950889082165,0.55232481674747
3.44171760000204,8.9938537835465,1,0,0,0.732841548947438,-0.5944075843731,0,-0.173861224789687,0,6,199,4.43545537240951,6.88877574876977,4.43545537240951,4.43545537240951,6.88877574876977,4.43545537240951,0.619612305277235,0.677553748765637,0.619612305277235,0.590394038961099,0.635762953331127,0.590394038961099
8.48988929348279,8.63023465286147,1,1,1,1.12177393701386,-0.26156087639849,0,-0.173861224789687,0,6,199,7.38173424060469,7.38173424060469,5.21332014854235,7.38173424060469,7.38173424060469,5.21332014854235,0.757803648265684,0.757803648265684,0.632247124883686,0.702244493900579,0.702244493900579,0.600154977972838
6.24631066727968,7.39344481064175,1,1,0,1.19107157083957,0.688656067010756,1,-0.00445987892697817,0,5,200,5.3821232511591,10.9563704297898,5.3821232511591,5.3821232511591,10.9563704297898,5.3821232511591,0.595045910765564,0.823268330284516,0.595045910765564,0.571579045631556,0.761708504076218,0.571579045631556
13.3614154597104,14.3350461638162,1,1,1,3.36800953015029,0.815550779189375,0,-0.00445987892697817,0,5,200,12.5011222432169,12.5011222432169,9.73599916978054,12.5011222432169,12.5011222432169,9.73599916978054,0.997313202377648,0.997313202377648,0.586317684527638,0.993054140812318,0.993054140812318,0.564938551373301
3.35045138489375,5.92248118522623,1,1,0,0.4068266280804,0.224653937709824,0,-0.00445987892697817,0,5,200,3.81363336564076,5.96410275736929,3.81363336564076,3.81363336564076,5.96410275736929,3.81363336564076,0.614213664762883,0.632608797512413,0.614213664762883,0.586241890095202,0.600435333289026,0.586241890095202
0.447340478695366,3.50183670111211,1,1,0,-0.724835830114592,1.61813537747185,0,-0.00445987892697817,0,5,200,1.55030844925077,6.26867054907674,1.55030844925077,1.55030844925077,6.26867054907674,1.55030844925077,0.494938791238056,0.556712631295317,0.494938791238056,0.496210580295932,0.542548948075672,0.496210580295932
5.15039388342617,8.26434789059171,0,1,0,1.17324145594051,-0.263365737651942,1,-0.00445987892697817,0,5,200,5.34646302136098,10.5158245331299,5.34646302136098,5.34646302136098,10.5158245331299,5.34646302136098,0.613365860898171,0.83152347099172,0.613365860898171,0.585590783512731,0.769693980809369,0.585590783512731
3.77148406967675,-0.109219063216463,1,0,1,0.167541493355595,0.215813057866778,0,-1.29179920112979,1,5,201,4.02872614448422,4.02872614448422,1.88215086853841,4.02872614448422,4.02872614448422,1.88215086853841,0.649126926227458,0.649126926227458,0.646089929247461,0.613301020991898,0.613301020991898,0.610926163841692
0.756707922689439,-3.29683080084118,0,1,0,-0.888175481866766,-0.255335724115322,0,-1.29179920112979,1,5,201,-0.700431863888417,1.46476446812108,-0.700431863888417,-0.700431863888417,1.46476446812108,-0.700431863888417,0.645282156612764,0.725789591840236,0.645282156612764,0.610295243978628,0.675069716823225,0.610295243978628
-0.205264731829771,-3.71279409534842,0,1,0,-1.43233245794965,1.166985556359,1,-1.29179920112979,1,5,201,-0.366424535579854,6.09543075317067,-0.366424535579854,-0.366424535579854,6.09543075317067,-0.366424535579854,0.587308831621401,0.859605678165208,0.587308831621401,0.565691591546356,0.797939871464922,0.565691591546356
3.5663966758341,1.60997830001926,1,1,1,0.0809336729214675,-0.515613257879581,0,-1.29179920112979,1,5,201,3.34336594362499,3.34336594362499,0.977508911923791,3.34336594362499,3.34336594362499,0.977508911923791,0.637245862741362,0.637245862741362,0.636528125130448,0.60403474544536,0.60403474544536,0.603477012650481
4.24599189084335,-0.650343446298469,0,1,1,-0.37681506402763,0.487517338015014,0,-1.29179920112979,1,5,201,3.40281518878544,3.40281518878544,1.06514203392019,3.40281518878544,3.40281518878544,1.06514203392019,0.653164084519621,0.653164084519621,0.637763050381439,0.616464923742475,0.616464923742475,0.604436776446384
5.95952548136514,8.46843806594794,0,1,1,0.165902528495549,-0.558687443372303,1,-0.954616508544178,1,5,202,7.2739565946156,7.2739565946156,1.86182493523372,7.2739565946156,7.2739565946156,1.86182493523372,0.70668996152006,0.70668996152006,0.596754468662296,0.659299030672198,0.659299030672198,0.572881418461152
7.05516372344873,7.85386707076073,1,0,1,0.204185325813104,-0.389708907366309,1,-0.954616508544178,1,5,202,7.35924209835547,7.35924209835547,2.10736906587482,7.35924209835547,7.35924209835547,2.10736906587482,0.714356406939468,0.714356406939468,0.604029093827892,0.66559369288418,0.66559369288418,0.578436373512875
4.26412434393114,5.3101603985071,1,1,1,-1.1657446213258,-0.183156067943741,1,-0.954616508544178,1,5,202,4.70760815624419,4.70760815624419,-0.425937988980424,4.70760815624419,4.70760815624419,-0.425937988980424,0.827905049758163,0.827905049758163,0.609372465650452,0.766177621636524,0.766177621636524,0.582527231847631
1.74700457943384,1.88212593733208,1,1,0,-0.150350023761522,-0.738244551016251,1,-0.954616508544178,1,5,202,1.04976272307563,6.69476774018082,1.04976272307563,1.04976272307563,6.69476774018082,1.04976272307563,0.586111706939396,0.696923985451385,0.586111706939396,0.564782088506111,0.651344855665289,0.564782088506111
0.806232874089859,3.18007754123247,1,0,0,-0.3728846421748,0.0679072180378898,0,-0.954616508544178,1,5,202,1.41084525530321,3.51545664556486,1.41084525530321,1.41084525530321,3.51545664556486,1.41084525530321,0.610675345757042,0.626205240545196,0.610675345757042,0.583526143284784,0.595479490375178,0.583526143284784
1.88355615684582,6.19035769782646,1,1,0,0.659503409928976,-0.804796383493993,0,-1.42069279521915,0,4,203,2.30063880147034,5.04833602035535,2.30063880147034,2.30063880147034,5.04833602035535,2.30063880147034,0.73583502805386,0.774249180210077,0.73583502805386,0.683489602433393,0.716629809592946,0.683489602433393
-0.286073376779088,3.26082132253699,0,1,0,-0.105912976945546,-0.198128671089193,0,-1.42069279521915,0,4,203,0.7698060277213,2.90906099802887,0.7698060277213,0.7698060277213,2.90906099802887,0.7698060277213,0.757814048823442,0.758797658770739,0.757814048823442,0.702253492919228,0.703105097863644,0.702253492919228
-0.0944876393067693,3.10687363386655,0,1,0,-0.0522648067725076,0.501883286457702,0,-1.42069279521915,0,4,203,0.877102368067376,3.22898920129296,0.877102368067376,0.877102368067376,3.22898920129296,0.877102368067376,0.750271193269708,0.750515769923262,0.750271193269708,0.695757951854574,0.6959676169272,0.695757951854574
1.65779744759942,4.20507436044436,1,0,0,0.45960908030341,-0.725787041561441,0,-1.42069279521915,0,4,203,1.90085014221921,4.52761697191772,1.90085014221921,1.90085014221921,4.52761697191772,1.90085014221921,0.74029965322785,0.75923682973704,0.74029965322785,0.687261844238498,0.703485677985055,0.687261844238498
0.656820373730393,2.85925029355739,0,1,0,-0.701605346374783,0.388915801062198,1,0.813986786163924,1,4,204,1.32313062026316,6.57438612057901,1.32313062026316,1.32313062026316,6.57438612057901,1.32313062026316,0.398165543168747,0.572421264789901,0.398165543168747,0.423241168557439,0.554405824609256,0.423241168557439
1.4804438336932,1.06153173084446,0,1,0,-0.613654403104573,-0.0847248884323286,0,0.813986786163924,1,4,204,1.02539181730905,3.13257012402892,1.02539181730905,1.02539181730905,3.13257012402892,1.02539181730905,0.404715142594573,0.448213855284159,0.404715142594573,0.428238857680038,0.461160564017752,0.428238857680038
12.5487674721034,12.4545823726034,1,1,1,1.91229699244173,1.00715177566323,1,0.813986786163924,1,4,204,13.2835259717188,13.2835259717188,7.16917127249721,13.2835259717188,13.2835259717188,7.16917127249721,0.837128058154076,0.837128058154076,0.359723022131909,0.775192250489691,0.775192250489691,0.393607357342573
5.50099669420561,5.14733451510577,1,1,0,0.462385385729906,0.894484623050009,0,0.813986786163924,1,4,204,4.15668090646035,7.05678364733326,4.15668090646035,4.15668090646035,7.05678364733326,4.15668090646035,0.369127075699556,0.392991976353321,0.369127075699556,0.40090975109149,0.419284116732649,0.40090975109149
4.05465572112826,3.0331396441098,0,0,1,-0.413915081911427,0.207863178733408,0,0.594094962157094,0,6,205,3.96242811318986,3.96242811318986,1.81922101211671,3.96242811318986,3.96242811318986,1.81922101211671,0.565722192058001,0.565722192058001,0.545743944595497,0.549343596836428,0.549343596836428,0.534294776998314
3.56648633016255,4.61959357844425,0,0,0,0.907786768292097,1.74162078970104,1,0.594094962157094,0,6,205,4.46262471252376,12.5958676876426,4.46262471252376,4.46262471252376,12.5958676876426,4.46262471252376,0.405794087897967,0.617842486838361,0.405794087897967,0.429060940230585,0.589031687114311,0.429060940230585
7.37141620849815,9.69070764452405,1,0,1,0.213918342624998,1.70475741737754,0,0.594094962157094,0,6,205,8.08108571329331,8.08108571329331,3.07488786118956,8.08108571329331,8.08108571329331,3.07488786118956,0.416850282741898,0.416850282741898,0.411601014609521,0.437466669469343,0.437466669469343,0.433479842473003
3.3951454449428,2.95872989961991,0,0,0,0.237471417991036,-0.1466500252695,0,0.594094962157094,0,6,205,3.12199401192163,5.24350024183318,3.12199401192163,3.12199401192163,5.24350024183318,3.12199401192163,0.546760069493203,0.553352031630394,0.546760069493203,0.535058699565193,0.54001808738104,0.535058699565193
7.42236217212378,9.44197466223265,0,1,1,0.0909148580283173,0.241158460320714,1,0.594094962157094,0,6,205,7.98703829498045,7.98703829498045,2.8288808919962,7.98703829498045,7.98703829498045,2.8288808919962,0.658750494667542,0.658750494667542,0.545043697724295,0.620856508661191,0.620856508661191,0.533768411638759
2.8515928535068,4.62696302429666,0,1,0,0.810639971663001,-0.963208527458004,0,0.594094962157094,0,6,205,4.26833111926556,7.29610178663338,4.26833111926556,4.26833111926556,7.29610178663338,4.26833111926556,0.504106708463572,0.580978782147327,0.504106708463572,0.503074744433657,0.560886521006603,0.503074744433657
0.459288962444286,-1.0676199845767,0,1,0,-0.696143869399407,-1.59627921655425,0,0.337385248859459,1,5,206,-0.102395761501024,4.54571157570203,-0.102395761501024,-0.102395761501024,4.54571157570203,-0.102395761501024,0.3449142707012,0.398446361420992,0.3449142707012,0.382026234192527,0.42345571357678,0.382026234192527
6.87334294390281,8.74185480894101,0,0,1,1.63186767369481,-0.0416936666103624,0,0.337385248859459,1,5,206,8.20995123646672,8.20995123646672,6.1082128746313,8.20995123646672,8.20995123646672,6.1082128746313,0.750716379696282,0.750716379696282,0.460179439474858,0.696139637902904,0.696139637902904,0.47015578061194
4.50191003752731,-0.239365146356286,0,1,0,-0.133523181062777,-0.457717074817481,1,0.337385248859459,1,5,206,2.16140775690901,7.47091267748848,2.16140775690901,2.16140775690901,7.47091267748848,2.16140775690901,0.450445929318476,0.569976816647243,0.450445929318476,0.462840030113508,0.55255758580151,0.462840030113508
1.58522698136745,0.975747196845423,0,0,0,0.359852655688312,-0.538859091337635,0,0.337385248859459,1,5,206,3.06701741389103,5.45738653420825,3.06701741389103,3.06701741389103,5.45738653420825,3.06701741389103,0.446666927555385,0.461827062781135,0.446666927555385,0.459996178778874,0.47139298392902,0.459996178778874
2.58309786218084,4.57644531688187,1,0,0,-0.0527287072080633,0.64860894650723,0,0.337385248859459,1,5,206,3.42932272594314,5.95001629143236,3.42932272594314,3.42932272594314,5.95001629143236,3.42932272594314,0.440589023561085,0.440912773539247,0.440589023561085,0.455417575688444,0.455661619010137,0.455417575688444
4.55703375821031,2.41261372726078,1,1,1,-0.291441420109845,-1.19548872817665,0,1.02133597175204,1,4,207,3.7076945636064,3.7076945636064,0.178501264408973,3.7076945636064,3.7076945636064,0.178501264408973,0.328861465939306,0.328861465939306,0.320020038519468,0.369345447764955,0.369345447764955,0.362298591571265
2.33050165130932,3.25405963521807,1,1,1,-0.548732466868772,-0.501105980956134,0,1.02133597175204,1,4,207,2.70940912226164,2.70940912226164,0.358301918111633,2.70940912226164,2.70940912226164,0.358301918111633,0.40428072953335,0.40428072953335,0.370479145616419,0.427907770256345,0.427907770256345,0.401956574369847
4.73892842955315,1.77583663149984,0,1,1,-0.423378864045781,-0.972338699488229,0,1.02133597175204,1,4,207,3.18321895174798,3.18321895174798,0.13777640522552,3.18321895174798,3.18321895174798,0.13777640522552,0.359664666345943,0.359664666345943,0.340332337089884,0.393561922402524,0.393561922402524,0.378420938391439
6.92903051116327,7.03461098603454,0,1,1,1.07334729149619,-1.51773901249376,0,1.02133597175204,1,4,207,6.98936011334947,6.98936011334947,2.58582840330392,6.98936011334947,6.98936011334947,2.58582840330392,0.407701736012639,0.407701736012639,0.284945194661499,0.430513630561233,0.430513630561233,0.333830564326171
-0.0917700388995846,1.83618643284967,1,0,0,-0.371585235775977,0.711858465260442,0,1.44887663930163,1,5,208,0.869444477794495,3.47618695235745,0.869444477794495,0.869444477794495,3.47618695235745,0.869444477794495,0.313995125574527,0.328293427696489,0.313995125574527,0.357468954920001,0.36889410230557,0.357468954920001
3.93318446930609,5.40201244373449,0,0,1,0.0663996192523907,-0.269471389145881,0,1.44887663930163,1,5,208,2.93669916301312,2.93669916301312,0.764084333444907,2.93669916301312,2.93669916301312,0.764084333444907,0.332492950668843,0.332492950668843,0.332028621876758,0.372226526614324,0.372226526614324,0.371858564958185
2.30645724537808,6.91676488612288,0,0,1,0.495117269530019,-0.477040321841141,0,1.44887663930163,1,5,208,3.7415181699672,3.7415181699672,1.4139507013049,3.7415181699672,3.7415181699672,1.4139507013049,0.351572801842281,0.351572801842281,0.325534351535836,0.38724653863048,0.38724653863048,0.366699138133773
2.62154741253076,4.02606738540501,1,0,1,-0.174182330234671,-0.312728921597635,0,1.44887663930163,1,5,208,2.43746228042265,2.43746228042265,0.239662902019028,2.43746228042265,2.43746228042265,0.239662902019028,0.334165489494504,0.334165489494504,0.330968859209946,0.373550941970513,0.373550941970513,0.37101828883322
7.00516600017686,7.72931664660241,0,0,1,0.160500628736505,-1.23935906583791,1,1.44887663930163,1,5,208,6.61840956979573,6.61840956979573,-0.0176013242788966,6.61840956979573,6.61840956979573,-0.0176013242788966,0.379831369074126,0.379831369074126,0.273385020680156,0.409177471950154,0.409177471950154,0.324241873930867
5.26972536922974,8.24439006540947,1,0,0,0.610643571449292,1.10981629477812,1,0.0937079115804937,1,5,209,5.32232226498393,11.654014473139,5.32232226498393,5.32232226498393,11.654014473139,5.32232226498393,0.431211470001808,0.591821630111348,0.431211470001808,0.448340417955715,0.569123560554699,0.448340417955715
5.0088373714383,4.88899583865818,1,0,1,-0.547149556429399,-1.77110042413376,0,0.0937079115804937,1,5,209,5.36261600268146,5.36261600268146,0.125819290314662,5.36261600268146,5.36261600268146,0.125819290314662,0.378546012727233,0.378546012727233,0.345793727319139,0.408187046804219,0.408187046804219,0.382716998628011
4.03922489639112,7.44827021239689,1,0,1,-0.248835257151106,-0.210289149935332,0,0.0937079115804937,1,5,209,4.4274806896502,4.4274806896502,2.28325916306968,4.4274806896502,4.4274806896502,2.28325916306968,0.494160809006539,0.494160809006539,0.486855624637586,0.495628067531212,0.495628067531212,0.490157643201217
8.53468784431562,12.4415912025582,1,0,1,0.34918702495851,0.690282291085606,1,0.0937079115804937,1,5,209,9.95636480969624,9.95636480969624,4.37987516830985,9.95636480969624,9.95636480969624,4.37987516830985,0.597649144866755,0.597649144866755,0.4664937218103,0.573563738074621,0.573563738074621,0.474895599817414
3.80955140774009,6.10065559251016,1,1,1,-1.67590178158483,-0.948999708908059,1,0.0937079115804937,1,5,209,4.69101600273708,4.69101600273708,-1.3095844447705,4.69101600273708,4.69101600273708,-1.3095844447705,0.831624100399963,0.831624100399963,0.446618456996665,0.769792140599633,0.769792140599633,0.459959688626014
9.9383135522334,9.28175885295196,1,1,1,1.81596181511226,0.0337417362851893,0,-0.180830035717676,0,6,210,8.70036263317441,8.70036263317441,6.59922412840687,8.70036263317441,8.70036263317441,6.59922412840687,0.894973898309477,0.894973898309477,0.635970897088304,0.836521273941135,0.836521273941135,0.603044161689195
4.49885668111263,6.97440068459411,1,1,0,1.23217127989497,-0.361905581893086,1,-0.180830035717676,0,6,210,5.43164305797229,10.6626187081777,5.43164305797229,5.43164305797229,10.6626187081777,5.43164305797229,0.630256344676369,0.850481268026047,0.630256344676369,0.598612773671592,0.788563459399233,0.598612773671592
3.15167792764415,3.97575190071907,1,1,0,0.243911325057624,-0.428881317840993,0,-0.180830035717676,0,6,210,3.45512314829759,5.73906233309062,3.45512314829759,3.45512314829759,5.73906233309062,3.45512314829759,0.627915105349818,0.634474884631488,0.627915105349818,0.596801160289156,0.601882732186725,0.596801160289156
1.82847084343953,2.19182082451131,1,0,0,-1.00198287478737,0.662508040819132,0,-0.180830035717676,0,6,210,0.963334748607601,3.50225165275761,0.963334748607601,0.963334748607601,3.50225165275761,0.963334748607601,0.616565186390175,0.721466085253383,0.616565186390175,0.588049172934969,0.67147338746444,0.588049172934969
-0.884577855817537,1.70321249783066,1,1,0,-1.61941704945884,-0.0702753887893486,0,-0.180830035717676,0,6,210,-0.27153360073534,1.83340502953415,-0.27153360073534,-0.27153360073534,1.83340502953415,-0.27153360073534,0.635804151757124,0.859765553921159,0.635804151757124,0.602914661199807,0.798106025198732,0.602914661199807
3.09011477555472,5.39761674689679,1,0,0,0.0647886553536906,0.851818014400601,0,-0.180830035717676,0,6,210,3.09687780888973,5.92247173854711,3.09687780888973,3.09687780888973,5.92247173854711,3.09687780888973,0.603658491218386,0.604133496712708,0.603658491218386,0.578152983952246,0.578516215368831,0.578152983952246
3.57968928591949,1.44513974561245,1,1,1,-0.385363167127104,0.215853322731341,0,0.477854579313649,0,5,211,4.14752132370893,4.14752132370893,2.00092866677477,4.14752132370893,4.14752132370893,2.00092866677477,0.576378455749618,0.576378455749618,0.559160133369354,0.557400576781397,0.557400576781397,0.544393329889612
6.44553416691985,3.57409735701598,1,0,1,-0.283118841857347,-1.25952549479636,0,0.477854579313649,0,5,211,5.89182178935629,5.89182178935629,2.20541731731428,5.89182178935629,5.89182178935629,2.20541731731428,0.496192667539233,0.496192667539233,0.486735340088481,0.49714939990292,0.49714939990292,0.490067555335562
8.91410149740782,7.70744780957929,1,1,1,0.385997912989377,-0.243564294971553,1,0.477854579313649,0,5,211,8.70297439279272,8.70297439279272,3.54365082700773,8.70297439279272,8.70297439279272,3.54365082700773,0.685578492371713,0.685578492371713,0.558567056108613,0.64218848597732,0.64218848597732,0.543946306724206
-1.12169304807603,-1.87235542301749,1,0,0,-1.83851156428309,-0.516537890324934,0,0.477854579313649,0,5,211,-0.905368127537203,1.46144326460413,-0.905368127537203,-0.905368127537203,1.46144326460413,-0.905368127537203,0.548879802294603,0.859424860795473,0.548879802294603,0.536652770333355,0.797752033341947,0.536652770333355
9.86465041683469,4.83991143841303,0,0,1,0.62653460389726,1.10529535087413,0,0.477854579313649,0,5,211,7.34640202148745,7.34640202148745,4.0247242088235,7.34640202148745,7.34640202148745,4.0247242088235,0.550119047598943,0.550119047598943,0.503950636656002,0.537584995897626,0.537584995897626,0.502957888990792
9.47854943615739,9.96061645380543,1,1,1,0.330095034117819,-1.69451434348659,1,-0.665235684330788,1,4,212,9.49451606932379,9.49451606932379,1.523137209042,9.49451606932379,9.49451606932379,1.523137209042,0.573333123634774,0.573333123634774,0.443192505632961,0.555095603343248,0.555095603343248,0.457379577209978
1.57983732518423,4.16557199689221,0,1,0,0.596630855799693,-0.722035177355232,1,-0.665235684330788,1,4,212,3.0286880185371,8.6500228158755,3.0286880185371,3.0286880185371,8.6500228158755,3.0286880185371,0.55370299730719,0.702268651583836,0.55370299730719,0.540282314650256,0.655689304392917,0.540282314650256
6.08906129033531,6.55230736210474,1,1,1,-1.22019715330121,0.783306887157504,1,-0.665235684330788,1,4,212,6.6139437443164,6.6139437443164,0.900374064848026,6.6139437443164,6.6139437443164,0.900374064848026,0.799358094864475,0.799358094864475,0.549392797446841,0.73926289181144,0.73926289181144,0.537038645443729
6.0578977673865,4.11016471056061,1,1,1,-0.255612409038902,0.609198607042893,0,-0.665235684330788,1,4,212,5.12655821608104,5.12655821608104,2.65543527325804,5.12655821608104,5.12655821608104,2.65543527325804,0.568294698553231,0.568294698553231,0.560705800270238,0.551286461997854,0.551286461997854,0.545558641506793
1.91918120705001,2.62733828875044,1,1,0,-0.0711858756137623,-0.701360869000831,1,-0.612293472518118,0,5,213,2.48272495228418,8.07463202084978,2.48272495228418,2.48272495228418,8.07463202084978,2.48272495228418,0.661371798423379,0.759181855335479,0.661371798423379,0.622922769855203,0.703438026048689,0.622922769855203
0.206289331995189,-2.31962419801621,0,0,0,-1.75730858319556,0.291677754597983,1,-0.612293472518118,0,5,213,-0.889520462879424,4.2955554496479,-0.889520462879424,-0.889520462879424,4.2955554496479,-0.889520462879424,0.678453209362115,0.938496672663301,0.678453209362115,0.636481166212742,0.890949113494899,0.636481166212742
0.730382360183362,0.311592610322973,0,0,0,-1.42314864621872,-2.14097095848274,0,-0.612293472518118,0,5,213,-0.221200588925732,6.46255605614078,-0.221200588925732,-0.221200588925732,6.46255605614078,-0.221200588925732,0.473914973644139,0.701419477938923,0.473914973644139,0.48046147893044,0.654997666132732,0.48046147893044
2.55015255696759,2.85001784855428,0,1,0,-0.0224779731487965,0.83095322939082,0,-0.612293472518118,0,5,213,2.58014075721411,5.37062402664914,2.58014075721411,2.58014075721411,5.37062402664914,2.58014075721411,0.6528826170812,0.652936918322282,0.6528826170812,0.61624407704215,0.616286680124542,0.61624407704215
3.28794763731261,1.74465217700408,1,0,0,-0.247564665075469,0.486772943583009,0,-0.612293472518118,0,5,213,2.12996737336077,4.46691527196523,2.12996737336077,2.12996737336077,4.46691527196523,2.12996737336077,0.672126966959726,0.678509113045804,0.672126966959726,0.631440048223167,0.636525821261104,0.631440048223167
2.03261925840153,4.27384774834965,1,1,1,0.520218659597659,0.65258711617156,0,-1.80727025677269,1,5,214,3.95266859854478,3.95266859854478,1.42679865435167,3.95266859854478,3.95266859854478,1.42679865435167,0.711626255482506,0.711626255482506,0.684503008428391,0.66334677650795,0.66334677650795,0.641324962635905
0.807236488718254,-1.52301829283678,0,1,0,0.935149949361538,-0.570837344913004,0,-1.80727025677269,1,5,214,1.03323677279486,3.45909204714219,1.03323677279486,1.03323677279486,3.45909204714219,1.03323677279486,0.688595102143973,0.770447406959809,0.688595102143973,0.644614591554058,0.713275686519409,0.644614591554058
3.55386060999224,2.91448027278605,1,1,1,0.61410925719082,-1.23142902371706,0,-1.80727025677269,1,5,214,3.34698115010212,3.34698115010212,-0.269436290350625,3.34698115010212,3.34698115010212,-0.269436290350625,0.678408682711897,0.678408682711897,0.638197884857556,0.63644560034543,0.63644560034543,0.604774881970434
-2.65434507085692,-4.01842445288153,1,1,1,-3.07521580739042,-1.90132452144611,0,-1.80727025677269,1,5,214,-2.60294698138988,-2.60294698138988,-8.31798191724215,-2.60294698138988,-2.60294698138988,-8.31798191724215,0.991726956900793,0.991726956900793,0.542538141455947,0.980073864394186,0.980073864394186,0.531885540383549
2.63286229776223,1.09827024741468,0,1,1,0.571460342374666,-0.321204994547854,0,-1.80727025677269,1,5,214,2.75866255770876,2.75866255770876,0.555489909186271,2.75866255770876,2.75866255770876,0.555489909186271,0.729381097114246,0.729381097114246,0.697604965119885,0.678069567189795,0.678069567189795,0.65189725613712
4.79638009221822,7.05048937405987,0,0,1,-1.27533947255646,-2.27665606389793,0,-0.601962808458824,1,5,215,5.09346860150475,5.09346860150475,-2.18969423177849,5.09346860150475,5.09346860150475,-2.18969423177849,0.518307892512876,0.518307892512876,0.332725957136022,0.513710157393167,0.513710157393167,0.372411128951692
8.18006687889932,8.17978458887016,0,1,1,0.245957380204221,1.14552523791449,0,-0.601962808458824,1,5,215,7.68730884625436,7.68730884625436,4.2750807755553,7.68730884625436,7.68730884625436,4.2750807755553,0.516230489763823,0.516230489763823,0.509095207610132,0.51215390196945,0.51215390196945,0.506809988040135
10.9813141512513,10.0518354642126,1,1,1,0.465487471294194,-0.732717181142127,1,-0.601962808458824,1,5,215,8.47277300621949,8.47277300621949,2.83589853867863,8.47277300621949,8.47277300621949,2.83589853867863,0.681103596888072,0.681103596888072,0.545578951462997,0.638600382244587,0.638600382244587,0.534170748229661
8.04559057231262,11.0610254178209,0,1,1,0.582479833633147,0.76216698595898,0,-0.601962808458824,1,5,215,7.24566594494344,7.24566594494344,4.56476743045764,7.24566594494344,7.24566594494344,4.56476743045764,0.582928289425477,0.582928289425477,0.543516339341908,0.56236530244944,0.56236530244944,0.532620540040492
7.08214133698748,8.71064982710607,0,0,1,0.436015440622216,0.32360467639196,0,-0.601962808458824,1,5,215,6.0379963214515,6.0379963214515,3.83327633486876,6.0379963214515,6.0379963214515,3.83327633486876,0.587667138329631,0.587667138329631,0.565736924975944,0.565963884000296,0.565963884000296,0.549354720060788
6.42369875342203,5.12669264301181,1,0,1,0.720240147536106,-0.199640290472197,0,0.722348087691227,0,6,216,6.05854978086086,6.05854978086086,3.91869353528104,6.05854978086086,6.05854978086086,3.91869353528104,0.591130895838524,0.591130895838524,0.530850174055066,0.568597902004855,0.568597902004855,0.523111785160771
0.853587866171676,-2.14455804341027,0,1,0,-0.783530025110593,-1.31791223410421,0,0.722348087691227,0,6,216,0.911153189987642,4.74804584678918,0.911153189987642,0.911153189987642,4.74804584678918,0.911153189987642,0.450923240208127,0.523212548975376,0.450923240208127,0.463199075772202,0.51738535799795,0.463199075772202
8.43961762958058,7.78907623929024,0,0,1,-0.298067249204534,-1.55904050340138,1,0.722348087691227,0,6,216,9.4126860330458,9.4126860330458,1.88207874179976,9.4126860330458,9.4126860330458,1.88207874179976,0.546403139814768,0.546403139814768,0.418715502903237,0.534790344030357,0.534790344030357,0.438881635942368
-0.18555627958399,0.931549063457403,0,0,0,-0.866563144210305,1.02387268018048,0,0.722348087691227,0,6,216,0.745086951788218,3.89340221700819,0.745086951788218,0.745086951788218,3.89340221700819,0.745086951788218,0.483285234583961,0.571437443478771,0.483285234583961,0.487483322272813,0.55366180933757,0.487483322272813
3.13292238057369,1.00299504298053,1,1,0,-0.273064842990196,-0.0491135224585401,0,0.722348087691227,0,6,216,1.93208355422843,4.03449569231672,1.93208355422843,1.93208355422843,4.03449569231672,1.93208355422843,0.532611088268991,0.541365267268027,0.532611088268991,0.52443274855649,0.531004420189236,0.52443274855649
6.53230233183341,6.89325668368217,0,0,1,1.09533891388741,0.994613033578871,0,0.722348087691227,0,6,216,7.75814615454861,7.75814615454861,4.66889106798365,7.75814615454861,7.75814615454861,4.66889106798365,0.625085324275555,0.625085324275555,0.486070900174432,0.594614460046913,0.594614460046913,0.489569908811432
3.58218651774123,2.27475094759492,1,0,0,0.605468163530673,-0.0417691143850111,0,0.107479095172562,1,5,217,4.15761545677722,6.25936011569373,4.15761545677722,4.15761545677722,6.25936011569373,4.15761545677722,0.4872353617818,0.530462720991215,0.4872353617818,0.490442046142039,0.522821171930856,0.490442046142039
6.29759387601891,6.43349349872626,0,1,1,0.672661049203146,0.306050110897445,0,0.107479095172562,1,5,217,6.83348712378496,6.83348712378496,4.63982045340462,6.83348712378496,6.83348712378496,4.63982045340462,0.536234458737668,0.536234458737668,0.482899537076322,0.527151785874695,0.527151785874695,0.487194389771135
2.55328190072439,2.26775398908669,1,0,0,0.186768009199225,1.15118835834215,0,0.107479095172562,1,5,217,4.51317262084149,7.93840725722399,4.51317262084149,4.51317262084149,7.93840725722399,4.51317262084149,0.425288740116038,0.429322682708229,0.425288740116038,0.443861550545503,0.446912889388532,0.443861550545503
2.08184949878623,0.520307299051256,1,0,0,0.186590399915614,-0.578974302029481,0,0.107479095172562,1,5,217,2.78265474190263,5.21786598431316,2.78265474190263,2.78265474190263,5.21786598431316,2.78265474190263,0.471519516085395,0.475617619683159,0.471519516085395,0.478665415739185,0.481737821685165,0.478665415739185
-1.32720457535372,-2.31977474526509,0,1,0,-0.96827781199929,-0.877347149598281,0,0.107479095172562,1,5,217,0.174545470504026,3.04428349141225,0.174545470504026,0.174545470504026,3.04428349141225,0.174545470504026,0.451125651961965,0.561334207144919,0.451125651961965,0.463351325299505,0.546032532019913,0.463351325299505
2.98500126149564,4.06132371704515,1,0,0,0.000843519786607928,0.815226545201942,0,-0.792443544504023,1,5,218,3.18894681354906,5.95354113355095,3.18894681354906,3.18894681354906,5.95354113355095,3.18894681354906,0.561848115282904,0.561848198034717,0.561848115282904,0.546420130217382,0.546420192634048,0.546420130217382
6.75739751486815,6.29032599101153,1,0,1,0.911035838065579,0.611868948800261,0,-0.792443544504023,1,5,218,7.28035746421126,7.28035746421126,4.80597385370532,7.28035746421126,7.28035746421126,4.80597385370532,0.667418840576925,0.667418840576925,0.575302255350115,0.627703582381763,0.627703582381763,0.556585778688141
11.2222747609327,10.4685045402958,1,1,1,2.24205003380502,1.11773469754338,0,-0.792443544504023,1,5,218,11.3231988480197,11.3231988480197,7.97386799392731,11.3231988480197,11.3231988480197,7.97386799392731,0.927881139420287,0.927881139420287,0.534494182104487,0.876730561733366,0.876730561733366,0.525845690027141
10.3120579317816,10.3975466570622,0,0,1,0.395007537791374,-0.954377538262042,1,-0.792443544504023,1,5,218,8.21850725163372,8.21850725163372,2.20767076609461,8.21850725163372,8.21850725163372,2.20767076609461,0.679061941913134,0.679061941913134,0.55036323037483,0.636967516362738,0.636967516362738,0.537768709320604
5.79450323197021,5.88059699064878,1,0,1,0.173061105951394,0.643357016044867,0,-0.792443544504023,1,5,218,5.87542070681571,5.87542070681571,3.36151245672156,5.87542070681571,5.87542070681571,3.36151245672156,0.576934264922483,0.576934264922483,0.573475699526911,0.557821485960162,0.557821485960162,0.555203471621865
5.74083980028747,3.63914693469038,1,0,0,1.73118726682097,-1.52605542610835,1,-0.809200776211922,1,4,219,4.28151321131162,11.7103583748663,4.28151321131162,4.28151321131162,11.7103583748663,4.28151321131162,0.485565306842034,0.86399902017912,0.485565306842034,0.489191222023116,0.802530116657554,0.489191222023116
2.03163588859867,-0.253913844033659,0,0,0,-0.414712908555922,-1.4822886273878,1,-0.809200776211922,1,4,219,0.0334796592783764,7.33065923416159,0.0334796592783764,0.0334796592783764,7.33065923416159,0.0334796592783764,0.491777978425856,0.627368500770802,0.491777978425856,0.493843858452599,0.5963785257115,0.493843858452599
2.92268780232751,3.22484107448155,0,0,0,-0.570820964726611,0.747747586011936,0,-0.809200776211922,1,4,219,1.95129976033674,4.61042621272341,1.95129976033674,1.95129976033674,4.61042621272341,1.95129976033674,0.56869181164148,0.606009775141165,0.56869181164148,0.551586495947908,0.579951688701785,0.551586495947908
1.59143063828751,1.00302217829534,0,0,0,-0.446797953734191,-0.192310406094033,1,-0.809200776211922,1,4,219,1.25928779021561,6.39627108250766,1.25928779021561,1.25928779021561,6.39627108250766,1.25928779021561,0.592724494842895,0.720008093650452,0.592724494842895,0.569810852374049,0.670264212885403,0.569810852374049
10.7075280199283,11.8320184132719,1,1,1,1.11233253895724,-1.7464863477131,1,-0.492660138609072,1,6,220,11.3856792807753,11.3856792807753,3.23546471802708,11.3856792807753,11.3856792807753,3.23546471802708,0.671325337171536,0.671325337171536,0.414942499473691,0.63080295657686,0.63080295657686,0.436018520880798
6.88555127461802,4.33573702895889,1,1,1,-0.80143342589947,0.173636544567655,1,-0.492660138609072,1,6,220,6.4582053302038,6.4582053302038,1.3280556805944,6.4582053302038,6.4582053302038,1.3280556805944,0.732227614700018,0.732227614700018,0.556490923373314,0.680455368011249,0.680455368011249,0.542381923805928
2.97466188527167,5.15633572759839,0,1,1,0.0309438320279845,-0.866838781490346,0,-0.492660138609072,1,6,220,4.80374434348698,4.80374434348698,1.95233487039131,4.80374434348698,4.80374434348698,1.95233487039131,0.522769645866828,0.522769645866828,0.522656859180489,0.517053416860661,0.517053416860661,0.51696888906168
8.59571970133863,10.5945777792312,0,1,1,-0.884781647236726,1.12858080361385,1,-0.492660138609072,1,6,220,8.48999812725178,8.48999812725178,2.11630349696609,8.48999812725178,8.48999812725178,2.11630349696609,0.697606937336184,0.697606937336184,0.498015150760467,0.651898856446617,0.651898856446617,0.498513925571839
9.83343491107121,10.9595750048021,1,1,1,1.49805734012146,0.276061599028962,1,-0.492660138609072,1,6,220,11.205672273556,11.205672273556,6.02946226709758,11.205672273556,11.205672273556,6.02946226709758,0.854119544878628,0.854119544878628,0.55434191066819,0.792277628605057,0.792277628605057,0.540763375294672
4.79088546836976,3.14200334066852,1,0,0,-0.289266012837606,1.23840626049457,0,-0.492660138609072,1,6,220,3.41716022264505,7.05081028867721,3.41716022264505,3.41716022264505,7.05081028867721,3.41716022264505,0.4857466121825,0.495618529491517,0.4857466121825,0.48932701998702,0.49671952580213,0.48932701998702
12.2103379566286,12.2090869145944,0,0,1,1.93345552811077,1.81768368895945,0,1.30650366123134,1,5,221,12.3816169214793,12.3816169214793,6.97764292837008,12.3816169214793,12.3816169214793,6.97764292837008,0.628236225081335,0.628236225081335,0.223119672742007,0.59704950602462,0.59704950602462,0.281038282864794
2.60358872968364,1.98726886773448,1,0,0,0.82945789221222,-0.406425782883505,1,1.30650366123134,1,5,221,2.54553818473003,7.8107201017225,2.54553818473003,2.54553818473003,7.8107201017225,2.54553818473003,0.343207044526843,0.537161680557044,0.343207044526843,0.380684174937249,0.527847804383457,0.380684174937249
-0.0934043651855437,-0.680334493639969,0,0,0,0.0736963395356072,-0.549492021333229,0,1.30650366123134,1,5,221,0.890948840927085,3.29289032243596,0.890948840927085,0.890948840927085,3.29289032243596,0.890948840927085,0.337380689542986,0.337957074725063,0.337380689542986,0.37609257744629,0.376547617254044,0.37609257744629
0.0232041781879149,-1.25749076984359,0,0,0,0.427868093685903,-1.54876597238752,0,1.30650366123134,1,5,221,0.60001839817338,5.09869443539886,0.60001839817338,0.60001839817338,5.09869443539886,0.60001839817338,0.254591944375061,0.27152989194029,0.254591944375061,0.308398150144448,0.322692429190201,0.308398150144448
-2.07853958693241,-0.115548075885799,0,0,0,0.00386745757986596,-0.893535035821958,0,1.30650366123134,1,5,221,0.407248062526874,3.30565292276822,0.407248062526874,0.407248062526874,3.30565292276822,0.407248062526874,0.316632833145591,0.316634371104298,0.316632833145591,0.359586212566378,0.35958744576581,0.359586212566378
-8.96165956419707,-9.19835300475645,0,0,0,-2.70030941575649,-1.06642799493441,0,1.91338421259978,1,6,222,-7.12808597147346,-3.89081730309363,-7.12808597147346,-7.12808597147346,-3.89081730309363,-7.12808597147346,0.245422208494609,0.913748482994589,0.245422208494609,0.300540923705982,0.858829961808942,0.300540923705982
0.716186710981858,1.07040496241213,0,0,0,0.491705638941031,0.134690175827278,0,1.91338421259978,1,6,222,0.457062308683264,2.57520375214765,0.457062308683264,0.457062308683264,2.57520375214765,0.457062308683264,0.287095867774734,0.311207354949627,0.287095867774734,0.335602265555735,0.35522632279271,0.335602265555735
-0.72671809899651,-1.26151024295716,0,1,0,-0.49446803838228,1.28478799641514,0,1.91338421259978,1,6,222,-0.365187225375499,3.38549297035692,-0.365187225375499,-0.365187225375499,3.38549297035692,-0.365187225375499,0.227674950905657,0.248903944074666,0.227674950905657,0.285069986607472,0.303534674730482,0.285069986607472
5.05214509636023,3.73753901855942,1,0,1,0.324214035824353,-0.171154761862289,1,1.91338421259978,1,6,222,4.94552811726848,4.94552811726848,-0.183765835239658,4.94552811726848,4.94552811726848,-0.183765835239658,0.404358692861353,0.404358692861353,0.286661149465499,0.427967193930008,0.427967193930008,0.335244447834773
-1.50930800848744,-3.68277081111771,0,0,0,-0.362105641452804,-0.856749396352889,1,1.91338421259978,1,6,222,-2.24199982428457,3.59201970386647,-2.24199982428457,-2.24199982428457,3.59201970386647,-2.24199982428457,0.259975321805821,0.37556360398002,0.259975321805821,0.31297103804722,0.405886543955101,0.31297103804722
-2.44963914346028,-4.03151340854851,0,0,0,-1.32097455856504,-0.303836472705677,0,1.91338421259978,1,6,222,-3.60682473486184,-1.41450813271561,-3.60682473486184,-3.60682473486184,-1.41450813271561,-3.60682473486184,0.284211673645936,0.475783721051556,0.284211673645936,0.333225445914314,0.48186232395257,0.333225445914314
3.88756361001896,7.0761320007057,1,0,0,1.10466766165262,0.272542746924315,0,0.935876357939532,0,5,223,4.33347076595508,6.50775031485613,4.33347076595508,4.33347076595508,6.50775031485613,4.33347076595508,0.504061278888579,0.644085794644984,0.504061278888579,0.503040729977453,0.609361374112889,0.503040729977453
3.49671833802968,5.95693410590592,1,1,0,0.58330891722865,0.311380369552272,1,0.935876357939532,0,5,223,3.29075327710714,8.48771101164965,3.29075327710714,3.29075327710714,8.48771101164965,3.29075327710714,0.50299071812441,0.656045533432946,0.50299071812441,0.502239176103292,0.618728085719297,0.502239176103292
-2.93957319113176,0.304870941255997,0,1,0,-2.09009815782337,0.405141925956624,0,0.935876357939532,0,5,223,-2.05606087299691,0.208079107170933,-2.05606087299691,-2.05606087299691,0.208079107170933,-2.05606087299691,0.499819153231605,0.889769463911575,0.499819153231605,0.499864595638707,0.830588031763343,0.499864595638707
3.01184150428909,3.54843872586542,0,0,0,0.0547379039002077,-2.12448496489846,1,0.935876357939532,0,5,223,2.23361125045025,11.8470476165299,2.23361125045025,2.23361125045025,11.8470476165299,2.23361125045025,0.304884373949452,0.413700211212615,0.304884373949452,0.350120470194227,0.4350750359379,0.350120470194227
0.198553630433711,3.61612265440954,1,0,0,-0.565121490765864,-0.575832157389294,0,0.935876357939532,0,5,223,0.99389246111811,3.42547513460172,0.99389246111811,0.99389246111811,3.42547513460172,0.99389246111811,0.491915041434244,0.529573315859529,0.491915041434244,0.493946491369823,0.522154114018868,0.493946491369823
4.4228191972252,5.27852013935561,0,1,0,2.03431370901577,-1.01557698281452,0,1.66297692569715,1,4,224,3.28755817981589,6.41895478783853,3.28755817981589,3.28755817981589,6.41895478783853,3.28755817981589,0.272225542368851,0.726578574130386,0.272225542368851,0.323273809269483,0.675727747226533,0.323273809269483
-1.08527475862384,-2.25063666086074,0,0,0,-0.93941640399005,0.234433958809379,0,1.66297692569715,1,4,224,-1.40989110457185,0.745068176471189,-1.40989110457185,-1.40989110457185,0.745068176471189,-1.40989110457185,0.310586640627887,0.406356897151792,0.310586640627887,0.35472628800664,0.429489630821314,0.35472628800664
2.48283790414188,0.083818535101591,0,0,0,0.111632557033795,0.54185573824178,1,1.66297692569715,1,4,224,0.999628596908242,6.39323623797379,0.999628596908242,0.999628596908242,6.39323623797379,0.999628596908242,0.300949921442075,0.41029807134676,0.300949921442075,0.346929394068462,0.43248914138811,0.346929394068462
0.75827838051203,-0.647568881986189,0,0,0,-0.0850242205754874,-0.446180137862129,0,1.66297692569715,1,4,224,-0.381720834414232,1.91735588100844,-0.381720834414232,-0.381720834414232,1.91735588100844,-0.381720834414232,0.304747633863324,0.305476623572188,0.304747633863324,0.350009748582451,0.350599878176524,0.350009748582451
6.4456871518409,4.0309626874316,0,0,0,1.76941434045223,0.840501862740909,0,1.33147193459575,0,5,225,4.76601116828832,7.57245454955926,4.76601116828832,4.76601116828832,7.57245454955926,4.76601116828832,0.428008112561538,0.767498439985445,0.428008112561538,0.445918910620724,0.710686093862893,0.445918910620724
-0.0291034928911457,-4.82776138745472,0,0,0,-1.00105828600724,0.106154975245673,0,1.33147193459575,0,5,225,-0.774934084630609,1.3363347941388,-0.774934084630609,-0.774934084630609,1.3363347941388,-0.774934084630609,0.460425928321755,0.578007661355195,0.460425928321755,0.47034088915827,0.558634559424985,0.47034088915827
3.10796407703327,0.177714623622658,0,1,0,0.18846824635852,0.78871146818591,0,1.33147193459575,0,5,225,1.6041189801009,4.32618476014888,1.6041189801009,1.6041189801009,4.32618476014888,1.6041189801009,0.431916996143073,0.436039518165184,0.431916996143073,0.448873461468122,0.451986172191548,0.448873461468122
6.29467897017565,1.67590973941916,0,1,0,1.70288206436933,0.830103865309924,1,1.33147193459575,0,5,225,4.63294661612252,10.422019043325,4.63294661612252,4.63294661612252,10.422019043325,4.63294661612252,0.428812157142418,0.827392029588442,0.428812157142418,0.446526911716791,0.765681134775481,0.446526911716791
5.65760087583259,2.13042464897232,0,1,0,0.905733701786152,0.0200468883617863,0,1.33147193459575,0,5,225,3.03864989095617,5.13905176868916,3.03864989095617,3.03864989095617,5.13905176868916,3.03864989095617,0.460935926263405,0.557437481949372,0.460935926263405,0.470723866047942,0.543095073405809,0.470723866047942
-4.57621082988388,-0.861948097155443,1,1,0,0.0227507205243771,-1.07864120794177,0,2.64209935402644,0,4,226,-3.93518755549817,-0.671720700028101,-3.93518755549817,-3.93518755549817,-0.671720700028101,-3.93518755549817,0.26921644443567,0.269265030514292,0.26921644443567,0.320755881823127,0.320796602013988,0.320755881823127
-10.617338924465,-8.55874339818149,1,1,0,-2.25276074270049,-1.55678477088311,0,2.64209935402644,0,4,226,-8.48621048194791,-3.96263165909433,-8.48621048194791,-8.48621048194791,-3.96263165909433,-8.48621048194791,0.224498953716112,0.762906870099521,0.224498953716112,0.282261789170532,0.70667459412992,0.282261789170532
-6.66908046325543,-3.19138549053629,0,1,0,0.0559342892046904,0.00507294172943127,0,2.64209935402644,0,4,226,-3.86882041813754,-1.76879468339975,-3.86882041813754,-3.86882041813754,-1.76879468339975,-3.86882041813754,0.314964828388925,0.315285737273082,0.314964828388925,0.358247845455354,0.358505473907389,0.358247845455354
-5.71916303255537,-4.52751664652122,0,1,0,-1.22901521730957,-1.05192586654414,0,2.64209935402644,0,4,226,-6.43871943116606,-3.23217140246142,-6.43871943116606,-6.43871943116606,-3.23217140246142,-6.43871943116606,0.271358622874634,0.432619484421698,0.271358622874634,0.322549227359241,0.449404110511085,0.322549227359241
3.79520559217482,2.23042042906828,0,0,1,0.0698413279645353,-0.350022002312704,0,1.42756185060316,0,5,227,3.32426522073454,3.32426522073454,1.10174981863154,3.32426522073454,3.32426522073454,1.10174981863154,0.444548120729617,0.444548120729617,0.44397924457489,0.458400728324998,0.458400728324998,0.457972244793365
5.568217740566,5.76274404758106,1,0,1,-0.832516658732502,-1.05188412471414,1,1.42756185060316,0,5,227,5.5034940570631,5.5034940570631,-0.702966154762532,5.5034940570631,5.5034940570631,-0.702966154762532,0.595977406406907,0.595977406406907,0.398657940503452,0.572288986645943,0.572288986645943,0.423617343810189
-1.68462507641629,-1.27402696335006,1,1,0,-0.530646618323589,2.18063567148024,0,1.42756185060316,0,5,227,-0.0992260739447064,6.75594585778735,-0.0992260739447064,-0.0992260739447064,6.75594585778735,-0.0992260739447064,0.24886167494378,0.274830722939695,0.24886167494378,0.303498407081729,0.32544725560223,0.303498407081729
1.98551679458012,1.32463334437111,0,1,1,-1.25850317845631,-0.196723328516736,0,1.42756185060316,0,5,227,0.583760873772546,0.583760873772546,-1.55493919421016,0.583760873772546,0.583760873772546,-1.55493919421016,0.631618325694317,0.631618325694317,0.447891988988304,0.599667686207909,0.599667686207909,0.460918322766605
4.12645325014963,5.44278863010366,0,0,1,0.403562916291243,-0.778794398901473,0,1.42756185060316,0,5,227,4.47571371104526,4.47571371104526,1.76919299528496,4.47571371104526,4.47571371104526,1.76919299528496,0.440397562380222,0.440397562380222,0.421527594449201,0.455273243320085,0.455273243320085,0.441013317844768
10.7612339433224,7.22344407726077,1,0,1,1.30168948289809,0.231459779221396,0,0.465325312654955,0,5,228,7.54042494859597,7.54042494859597,5.38685131919875,7.54042494859597,7.54042494859597,5.38685131919875,0.740084275340557,0.740084275340557,0.560293680622551,0.687079427596883,0.687079427596883,0.545247894481957
5.82060226988487,4.69600994951106,1,0,0,0.958232621759014,0.154237164948047,0,0.465325312654955,0,5,228,4.6999375969206,6.82372669997181,4.6999375969206,4.6999375969206,6.82372669997181,4.6999375969206,0.561679846303068,0.664324010608539,0.561679846303068,0.546293213650744,0.625254288832519,0.546293213650744
8.44578909802339,5.05790284464613,0,0,0,1.18203605273901,-1.9805159757817,0,0.465325312654955,0,5,228,5.14754445888059,11.1699879892071,5.14754445888059,5.14754445888059,11.1699879892071,5.14754445888059,0.380190271184719,0.542731555840137,0.380190271184719,0.409453911596062,0.532030858882232,0.409453911596062
2.51926899759095,2.24867701664037,1,1,1,-1.19475755895187,-0.362380061959888,0,0.465325312654955,0,5,228,2.62527654480487,2.62527654480487,0.393957235498819,2.62527654480487,2.62527654480487,0.393957235498819,0.71182588169733,0.71182588169733,0.556671239943609,0.663510868580792,0.663510868580792,0.542517765169278
5.98801907472301,4.44234393867817,1,1,0,1.51365086208231,-1.46511873990455,0,0.465325312654955,0,5,228,5.81077407756718,10.0573469995867,5.81077407756718,5.81077407756718,10.0573469995867,5.81077407756718,0.461836978174074,0.717421099198314,0.461836978174074,0.471400428492922,0.66812308057899,0.471400428492922
4.07996728189269,4.32761232141814,1,1,1,-2.02389576874678,-0.273980574315847,1,0.953859175249268,1,4,229,2.94344591708582,2.94344591708582,-2.23161943801662,2.94344591708582,2.94344591708582,-2.23161943801662,0.877003168098042,0.877003168098042,0.385829724059506,0.816431691175203,0.816431691175203,0.41379143130412
3.32281704589044,4.31126221796942,0,0,0,-0.219874700267643,1.40796478653126,1,0.953859175249268,1,4,229,3.05836805978876,10.1407328999008,3.05836805978876,3.05836805978876,10.1407328999008,3.05836805978876,0.304324784490652,0.418270414116757,0.304324784490652,0.349667275081928,0.438544066430487,0.349667275081928
7.46258673366468,9.94634679939426,0,0,1,0.934436315966094,-0.978144859880014,1,0.953859175249268,1,4,229,9.03764781275465,9.03764781275465,2.98088044584496,9.03764781275465,9.03764781275465,2.98088044584496,0.563010726555877,0.563010726555877,0.347067309142604,0.547297168877544,0.547297168877544,0.383716633737231
4.68487164573351,5.16571100967709,0,0,1,0.28905821949648,-0.34336915931507,0,0.953859175249268,1,4,229,4.54280233303941,4.54280233303941,2.32489995347068,4.54280233303941,4.54280233303941,2.32489995347068,0.393303772209502,0.393303772209502,0.383909743334464,0.419522840199904,0.419522840199904,0.412315990869318
3.19544943550172,1.36169852578605,0,0,0,0.138508788772226,-0.267378136029933,0,-0.0563154168072948,1,5,230,3.00646801534434,5.17795908297118,3.00646801534434,3.00646801534434,5.17795908297118,3.00646801534434,0.503271416563003,0.505535464573607,0.503271416563003,0.502449340489677,0.504144509908,0.502449340489677
2.01414230285146,1.17270752401366,0,1,0,0.175561769532086,-1.04800583699438,0,-0.0563154168072948,1,5,230,2.29994627589961,5.49826251027391,2.29994627589961,2.29994627589961,5.49826251027391,2.29994627589961,0.454913098080467,0.45852479841398,0.454913098080467,0.466199107413475,0.468912992038516,0.466199107413475
0.965707298894021,0.401737844573193,1,0,0,0.192626683378406,0.0263436334524796,1,-0.0563154168072948,1,5,230,3.40842557403911,8.50911956106259,3.40842557403911,3.40842557403911,8.50911956106259,3.40842557403911,0.506613345001325,0.626352425537749,0.506613345001325,0.504951582121629,0.595593213792889,0.504951582121629
1.70137973912232,0.866298628519578,1,1,0,-0.354648857752341,-0.024225937920211,0,-0.0563154168072948,1,5,230,2.26330492040493,4.36389181647304,2.26330492040493,2.26330492040493,4.36389181647304,2.26330492040493,0.506618399803179,0.52145056512043,0.506618399803179,0.504955366997128,0.516064885089501,0.504955366997128
1.33684173550716,1.14194588572986,1,1,0,-0.522515078864503,0.192824665034772,0,-0.0563154168072948,1,5,230,2.14462308113559,4.28180443258136,2.14462308113559,2.14462308113559,4.28180443258136,2.14462308113559,0.504891035897717,0.537049081054271,0.504891035897717,0.503661997479432,0.527763276741475,0.503661997479432
-0.172654811932493,0.524365950067041,1,1,0,-1.04530414211638,0.652285276016688,0,-1.30518259379056,0,5,231,-0.794109887366615,1.73136619394155,-0.794109887366615,-0.794109887366615,1.73136619394155,-0.794109887366615,0.733357861894736,0.822863806309615,0.733357861894736,0.681404732981658,0.761320515544984,0.681404732981658
2.44937535836825,1.45948855257102,1,1,0,0.335501998103797,-0.728441860200357,0,-1.30518259379056,0,5,231,1.96750239307374,4.5981299367659,1.96750239307374,1.96750239307374,4.5981299367659,1.96750239307374,0.72941531853528,0.739886958894823,0.72941531853528,0.678098206275986,0.686912347829322,0.678098206275986
0.171993507279708,-0.0261424449912206,1,1,0,-0.046105455934575,1.00174702780992,0,-1.30518259379056,0,5,231,1.20428748499699,4.307784592723,1.20428748499699,1.20428748499699,4.307784592723,1.20428748499699,0.711258040164935,0.711465912637617,0.711258040164935,0.663044187090881,0.663214997970259,0.663044187090881
2.84098922830472,4.55375024237971,1,1,1,0.596612361988989,-0.000945743273641482,0,-1.30518259379056,0,5,231,4.58972401527446,4.58972401527446,2.48972312084412,4.58972401527446,4.58972401527446,2.48972312084412,0.779614023393221,0.779614023393221,0.748947363840278,0.721393878083311,0.721393878083311,0.694624173527633
2.31806249795615,2.90456674909511,0,1,0,0.736814291469858,1.25234057677417,1,-1.30518259379056,0,5,231,2.77012697980586,9.43848390004093,2.77012697980586,2.77012697980586,9.43848390004093,2.77012697980586,0.68868803066869,0.822377006844808,0.68868803066869,0.644689424365855,0.760854015334392,0.644689424365855
4.90730423347854,4.64334885187221,1,1,0,0.454002710231088,-0.480630468569525,1,-0.936748435219499,0,5,232,3.030507789576,8.36151343689336,3.030507789576,3.030507789576,8.36151343689336,3.030507789576,0.705411346469969,0.810074387988315,0.705411346469969,0.658253615748297,0.749204463824085,0.658253615748297
-2.2303506166606,-3.55596263033501,0,0,0,-2.01883642475119,1.76067126287043,1,-0.936748435219499,0,5,232,-1.91517048038855,6.28479281550921,-1.91517048038855,-1.91517048038855,6.28479281550921,-1.91517048038855,0.581534386660407,0.941443755137473,0.581534386660407,0.561307875419852,0.895032956654776,0.561307875419852
1.5932296314945,1.78519332783715,0,1,0,0.21007978746829,1.06296500178267,0,-0.936748435219499,0,5,232,2.5426619440504,5.77255653906523,2.5426619440504,2.5426619440504,5.77255653906523,2.5426619440504,0.668694073154297,0.67331981229624,0.668694073154297,0.628714381225643,0.632388752408859,0.628714381225643
11.1422547382718,13.4220993450757,1,1,1,2.93630996299528,0.133783815424554,1,-0.936748435219499,0,5,232,13.1130204043739,13.1130204043739,7.99512229510439,13.1130204043739,13.1130204043739,7.99512229510439,0.996500910762134,0.996500910762134,0.713775763375544,0.991063348180025,0.991063348180025,0.665115325285803
0.830228628274699,2.5218397484713,0,1,0,-0.383262252077017,-0.785051783785738,0,-0.936748435219499,0,5,232,1.35597786495979,4.07228416818496,1.35597786495979,1.35597786495979,4.07228416818496,1.35597786495979,0.689949116525229,0.704695632461083,0.689949116525229,0.645705510878993,0.65766897492401,0.645705510878993
8.30066381736358,8.40599073797617,0,0,1,0.79982086792147,0.670304661654538,0,-0.173538648002619,1,6,233,7.7891390745827,7.7891390745827,5.2398307351469,7.7891390745827,7.7891390745827,5.2398307351469,0.574244053122987,0.574244053122987,0.499270074530399,0.555784859300352,0.555784859300352,0.49945349728809
11.5950466128681,7.93800780435964,1,0,1,0.132027415225794,1.77895017063643,0,-0.173538648002619,1,6,233,10.2775530483448,10.2775530483448,5.01288933873744,10.2775530483448,10.2775530483448,5.01288933873744,0.375671981934645,0.375671981934645,0.373738025961044,0.405970202146162,0.405970202146162,0.404476668102353
4.01161502279968,3.37061333786487,1,1,1,-1.35276305131591,0.755360187925771,0,-0.173538648002619,1,6,233,3.69028743644663,3.69028743644663,1.01971842294338,3.69028743644663,3.69028743644663,1.01971842294338,0.69853525277552,0.69853525277552,0.493545834217912,0.652652423876746,0.652652423876746,0.495167599160792
1.45654748389735,1.88718226871002,0,1,1,-1.67478672588012,0.912823315446526,0,-0.173538648002619,1,6,233,3.46638060655849,3.46638060655849,0.5331342013357,3.46638060655849,3.46638060655849,0.5331342013357,0.778294741897118,0.778294741897118,0.481153290918776,0.720218911130217,0.720218911130217,0.485886153203325
8.884559765332,8.1329801514675,1,1,1,1.0366855297636,-1.00102942147083,1,-0.173538648002619,1,6,233,10.144285878356,10.144285878356,4.0422259757058,10.144285878356,10.144285878356,4.0422259757058,0.705716469153579,0.705716469153579,0.473199765390894,0.658502976466533,0.658502976466533,0.479925278036841
2.96727456365411,4.13587058657673,0,1,1,-0.22575200877887,-0.828519102942648,0,-0.173538648002619,1,6,233,4.47630512108993,4.47630512108993,1.68986121714904,4.47630512108993,4.47630512108993,1.68986121714904,0.494090310966222,0.494090310966222,0.48807732064999,0.495575281771054,0.495575281771054,0.491072609918088
1.81115990943542,2.37732102247878,1,0,0,-0.0493041921093296,0.0172833730139022,0,-0.286731006732198,1,6,234,2.83646031857358,4.93675903355632,2.83646031857358,2.83646031857358,4.93675903355632,2.83646031857358,0.533777479292442,0.534063122588042,0.533777479292442,0.525307885855369,0.52552222267256,0.525307885855369
6.6459159387427,2.69695018926387,0,1,1,-0.0113468153387703,0.478155986754394,0,-0.286731006732198,1,6,234,5.70188083352426,5.70188083352426,3.37324768585519,5.70188083352426,5.70188083352426,3.37324768585519,0.523046753263016,0.523046753263016,0.523031588594936,0.51726109810551,0.51726109810551,0.517249732643518
8.37488356170612,6.31713785013966,0,1,1,-0.0423744727453001,-0.19377225414161,1,-0.286731006732198,1,6,234,7.77681181662125,7.77681181662125,2.63926413014613,7.77681181662125,7.77681181662125,2.63926413014613,0.646126613512131,0.646126613512131,0.532026248967694,0.610954823801485,0.610954823801485,0.523993995180896
7.63333423793397,4.54479205770244,1,1,1,0.830885583901688,-0.194256712481491,0,-0.286731006732198,1,6,234,6.52303545544434,6.52303545544434,4.38529978510023,6.52303545544434,6.52303545544434,4.38529978510023,0.611713927262397,0.611713927262397,0.532017409117533,0.584322831602137,0.584322831602137,0.523987363665063
2.72802230058959,3.73906974688076,1,1,1,-0.519470002670042,0.213312791587163,0,-0.286731006732198,1,6,234,4.23766046308013,4.23766046308013,2.09215811602542,4.23766046308013,4.23766046308013,2.09215811602542,0.563216925165649,0.563216925165649,0.531652168250203,0.547452744839535,0.547452744839535,0.523713372043232
6.86305664122309,7.8182197497971,1,1,1,-0.118809743129789,-0.114436295683539,1,-0.286731006732198,1,6,234,7.67882521360499,7.67882521360499,2.56572954783522,7.67882521360499,7.67882521360499,2.56572954783522,0.648518633402376,0.648518633402376,0.533175928268278,0.612824996385507,0.612824996385507,0.524856528843444
0.221813545388363,2.53344275790008,1,1,0,-0.639117304562435,-0.609931615947435,0,0.560187834999138,1,5,235,0.798023364446674,3.27003994057892,0.798023364446674,0.798023364446674,3.27003994057892,0.798023364446674,0.417059272345421,0.464588088834613,0.417059272345421,0.437625252728665,0.473465576522574,0.437625252728665
0.192287685572219,5.08018665819288,1,0,0,0.200920098848972,-0.581153620644014,0,0.560187834999138,1,5,235,2.50687616657291,4.94461569736056,2.50687616657291,2.50687616657291,4.94461569736056,2.50687616657291,0.418635816723612,0.423286744794723,0.418635816723612,0.438821202940605,0.442345884183008,0.438821202940605
0.829275037056002,2.44296821456346,1,0,0,0.0794766020918151,-2.1021710848522,0,0.560187834999138,1,5,235,0.742971708850412,7.26209497883907,0.742971708850412,0.742971708850412,7.26209497883907,0.742971708850412,0.24902198080281,0.249587096516989,0.24902198080281,0.303635942331728,0.30412057083874,0.303635942331728
0.02776746683928,3.88415570472972,0,0,0,-0.10613118612992,-0.679205609023105,0,0.560187834999138,1,5,235,1.79472160823603,4.35604186756448,1.79472160823603,1.79472160823603,4.35604186756448,1.79472160823603,0.412959478580751,0.414251026803718,0.412959478580751,0.434512279817581,0.435493414585626,0.434512279817581
4.2897584251915,7.97247748738838,0,0,0,1.67445196058657,-0.128866716206155,0,0.560187834999138,1,5,235,5.90622679448596,8.02283342503172,5.90622679448596,5.90622679448596,8.02283342503172,5.90622679448596,0.43347905202505,0.74276863853101,0.43347905202505,0.450053281698932,0.689356219140007,0.450053281698932
2.56858254625556,3.06693523072758,1,0,1,-1.06488104652086,-0.687725011221618,1,-2.02151842194923,1,5,236,1.66894185651634,1.66894185651634,-3.90402383454343,1.66894185651634,1.66894185651634,-3.90402383454343,0.86914280113301,0.86914280113301,0.704221569685105,0.807970810172086,0.807970810172086,0.657281941421566
-4.8319044376305,-1.11530191542371,1,0,0,-0.291146158731714,-2.5027827535157,1,-2.02151842194923,1,5,236,-4.17161180125922,7.19230971003642,-4.17161180125922,-4.17161180125922,7.19230971003642,-4.17161180125922,0.443106906448407,0.57044868396773,0.443106906448407,0.457315087299171,0.552914265483062,0.457315087299171
2.86627890876873,3.0746080899201,1,1,1,0.124621601693784,-1.4747550958888,0,-2.02151842194923,1,5,236,1.96285397006866,1.96285397006866,-2.31204862278132,1.96285397006866,1.96285397006866,-2.31204862278132,0.634512331072248,0.634512331072248,0.632804455394532,0.601911792021491,0.601911792021491,0.600587022965225
0.895748497770011,3.63572620679063,0,0,0,0.751196404757317,-0.046466136550558,1,-2.02151842194923,1,5,236,0.369389942683983,5.47154904452992,0.369389942683983,0.369389942683983,5.47154904452992,0.369389942683983,0.722558934752195,0.846640737509472,0.722558934752195,0.672380913688747,0.784676772849974,0.672380913688747
-2.6860408672706,2.12008337360396,1,0,1,-1.22273907897545,-1.02911386771898,0,-2.02151842194923,1,5,236,-1.40205340321845,-1.40205340321845,-4.56112875594997,-1.40205340321845,-1.40205340321845,-4.56112875594997,0.813204090967153,0.813204090967153,0.680483755500916,0.752143157834008,0.752143157834008,0.638104374043426
3.09669123763062,2.47137044359073,0,0,1,-0.891279431495759,0.896279585456313,0,0.937495686051744,1,5,237,4.1381396564049,4.1381396564049,1.23482256109916,4.1381396564049,4.1381396564049,1.23482256109916,0.445393524642841,0.445393524642841,0.355466649038662,0.45903739872059,0.45903739872059,0.390289342538021
4.35445157333939,3.09554516331976,0,0,1,0.152502079138848,-0.692743929787694,0,0.937495686051744,1,5,237,4.31325621938207,4.31325621938207,1.73336206712437,4.31325621938207,4.31325621938207,1.73336206712437,0.372201965428069,0.372201965428069,0.369631793028039,0.403289361861487,0.403289361861487,0.401300610084902
5.22368082953116,4.19794513281532,1,0,1,0.112048865618062,0.282277918386196,0,0.937495686051744,1,5,237,4.80715831146513,4.80715831146513,2.62747748825669,4.80715831146513,4.80715831146513,2.62747748825669,0.388870106781058,0.388870106781058,0.387459067204037,0.416125215053993,0.416125215053993,0.415042506436856
4.53692541661243,4.99932964075261,1,1,1,-0.887048059218091,-0.0496482709870172,1,0.937495686051744,1,5,237,5.39982240002317,5.39982240002317,0.297357449211169,5.39982240002317,5.39982240002317,0.297357449211169,0.598870566790699,0.598870566790699,0.390933544613363,0.574495631015515,0.574495631015515,0.417707294741484
6.27414017186321,4.82923676845778,1,0,1,1.00392818968842,-0.524478985176728,0,0.937495686051744,1,5,237,5.9795574387265,5.9795574387265,3.60447923283449,5.9795574387265,5.9795574387265,3.60447923283449,0.495319945232519,0.495319945232519,0.378716097198643,0.496495965347471,0.496495965347471,0.408318140310207
-5.5010812609097,-7.43784897893207,1,0,0,-0.972970812867424,-0.317795613087575,0,-2.711642584895,0,5,238,-6.29894713395088,-4.09795308225317,-6.29894713395088,-6.29894713395088,-4.09795308225317,-6.29894713395088,0.851987536739106,0.901220558478289,0.851987536739106,0.790097287331831,0.843778933930882,0.790097287331831
-2.29795003319842,-4.18141097625154,1,0,1,-0.356479390146074,0.786143517343016,0,-2.711642584895,0,5,238,-2.34794265864773,-2.34794265864773,-5.06596428850817,-2.34794265864773,-2.34794265864773,-5.06596428850817,0.847052570371425,0.847052570371425,0.838918047017173,0.785091922598453,0.785091922598453,0.776961976261896
-4.10010871732054,-7.61733432891944,0,1,0,-0.129057175596223,0.153244743230091,0,-2.711642584895,0,5,238,-4.61111985940847,-2.48763590808082,-4.61111985940847,-4.61111985940847,-2.48763590808082,-4.61111985940847,0.853871661736424,0.854875834824511,0.853871661736424,0.792023558344739,0.793053726831427,0.792023558344739
2.24659982802442,-1.02266740714698,1,1,1,0.105462988315692,1.04364991565398,1,-2.711642584895,0,5,238,2.04712561485992,2.04712561485992,-4.14207953158464,2.04712561485992,2.04712561485992,-4.14207953158464,0.885892162748906,0.885892162748906,0.826234936148881,0.826230870935027,0.826230870935027,0.764563183764924
3.07822090923336,-2.28804365719508,1,1,1,-0.21378250727131,-0.0627893531861936,1,-2.711642584895,0,5,238,0.323371980114892,0.323371980114892,-4.78057052275865,0.323371980114892,0.323371980114892,-4.78057052275865,0.907059590103524,0.907059590103524,0.85434361740245,0.85070733250273,0.85070733250273,0.792507423416885
6.22647062671705,4.79755980667554,1,1,1,1.3317197899296,1.37245275149519,0,1.30829665053878,0,5,239,7.93542600913494,7.93542600913494,3.95179945404821,7.93542600913494,7.93542600913494,3.95179945404821,0.583255128643265,0.583255128643265,0.377133269468272,0.562613314863975,0.562613314863975,0.407097742556684
4.35782808996612,4.47674901977357,1,1,1,0.835202106685896,0.328587864578282,0,1.30829665053878,0,5,239,5.16673407230892,5.16673407230892,2.9587640875608,5.16673407230892,5.16673407230892,2.9587640875608,0.540758594928037,0.540758594928037,0.45860740105082,0.530548723508565,0.530548723508565,0.46897504196987
-4.3293943792258,-2.07624571129176,0,1,0,-2.18586981066128,0.178698523707894,0,1.30829665053878,0,5,239,-3.08337974713355,-0.951446584758165,-3.08337974713355,-3.08337974713355,-0.951446584758165,-3.08337974713355,0.462175549156788,0.894000575699519,0.462175549156788,0.471654624046006,0.835404034127455,0.471654624046006
0.760902647167086,-1.93609009451833,0,1,0,-0.835100806424986,-0.93689752303521,0,1.30829665053878,0,5,239,-0.381841738660963,2.59593523000855,-0.381841738660963,-0.381841738660963,2.59593523000855,-0.381841738660963,0.422768484082696,0.504483072303363,0.422768484082696,0.441953372759862,0.503356540050126,0.441953372759862
2.45420006337845,-0.552389683032171,0,1,1,-1.85101912011744,0.925040331158336,0,1.30829665053878,0,5,239,0.54202124822366,0.54202124822366,-2.41367836604587,0.54202124822366,0.54202124822366,-2.41367836604587,0.788914213110337,0.788914213110337,0.423787345759339,0.729742509723925,0.729742509723925,0.442724962688763
3.73807305565631,4.84807257034515,1,1,1,0.307298511628418,-0.0487098216138597,0,0.652137572413137,1,5,240,5.24297643501173,5.24297643501173,3.14060378829008,5.24297643501173,5.24297643501173,3.14060378829008,0.434427987523466,0.434427987523466,0.423497678102657,0.450769778157808,0.450769778157808,0.442505619701206
-0.761559999855653,-1.08883855350434,1,0,0,-0.934362442789918,0.787326681170117,0,0.652137572413137,1,5,240,1.49331838223738,4.21320168511973,1.49331838223738,1.49331838223738,4.21320168511973,1.49331838223738,0.395266924068444,0.496806634078386,0.395266924068444,0.421025183738046,0.497609090789793,0.421025183738046
-0.710299210814567,-0.816112352088963,1,0,0,-1.32213907581162,-0.621448944238155,0,0.652137572413137,1,5,240,-0.691010509214298,1.79518828108042,-0.691010509214298,-0.691010509214298,1.79518828108042,-0.691010509214298,0.405882469491663,0.609399114441044,0.405882469491663,0.429128266243299,0.582547657603711,0.429128266243299
2.81850017840922,2.11198392164373,0,0,0,-0.164957167197096,0.116618318875457,0,0.652137572413137,1,5,240,2.36142057112837,4.4750204034257,2.36142057112837,2.36142057112837,4.4750204034257,2.36142057112837,0.422979559728305,0.4261213510895,0.422979559728305,0.442113241028812,0.444491639152187,0.442113241028812
8.69562736195793,7.39841432047439,1,0,1,0.502905383889558,0.26852047484305,1,0.652137572413137,1,5,240,9.02115107467921,9.02115107467921,3.84904782926927,9.02115107467921,9.02115107467921,3.84904782926927,0.567113147769755,0.567113147769755,0.420282346929707,0.550393942799561,0.550393942799561,0.440069600415201
-4.80227374837526,-4.468013072816,1,0,0,-3.36061430822522,-1.53261934002223,0,-1.29444442760185,0,5,241,-5.39681499259992,-0.947892951189757,-5.39681499259992,-5.39681499259992,-0.947892951189757,-5.39681499259992,0.654897889525859,0.997974439573234,0.654897889525859,0.617826192146751,0.994707622966765,0.617826192146751
0.234936362303595,0.72570636506508,0,1,0,-0.349601645082941,-0.763773645240885,0,-1.29444442760185,0,5,241,0.625210333684636,3.30856051484919,0.625210333684636,0.625210333684636,3.30856051484919,0.625210333684636,0.726408728833596,0.737844797557076,0.726408728833596,0.675586045991423,0.685185333672697,0.675586045991423
2.51524082534372,1.73706578828663,0,1,0,0.545110278716276,0.571519878389939,0,-1.29444442760185,0,5,241,2.41463418128307,4.84126915267792,2.41463418128307,2.41463418128307,4.84126915267792,2.41463418128307,0.73603692777956,0.762693434176359,0.73603692777956,0.683659781431622,0.7064887185072,0.683659781431622
8.94756158231315,6.10246652416368,0,1,1,0.353449887082792,1.90230351786017,0,-1.29444442760185,0,5,241,7.75007207207928,7.75007207207928,2.0313133980161,7.75007207207928,7.75007207207928,2.0313133980161,0.612821674275596,0.612821674275596,0.598707891761649,0.585172985093681,0.585172985093681,0.574371491209343
2.44130220800079,1.01882770365088,1,1,0,0.394270551367865,-0.588544731583938,0,-1.29444442760185,0,5,241,2.11295472658625,4.55933962766146,2.11295472658625,2.11295472658625,4.55933962766146,2.11295472658625,0.735303656111409,0.749500332887148,0.735303656111409,0.683041898248086,0.69509753548358,0.683041898248086
12.0478832559642,12.3161918368715,1,1,1,1.98948832947399,0.0527504445547263,1,0.200086365314632,1,5,242,12.0944751593186,12.0944751593186,6.99169254991789,12.0944751593186,12.0944751593186,6.99169254991789,0.907104767977082,0.907104767977082,0.476270988006958,0.850761511256968,0.850761511256968,0.48222754671993
8.7969976313947,8.01599933287665,0,0,1,-0.120267847172986,0.71892817558205,0,0.200086365314632,1,5,242,6.05521564929699,6.05521564929699,3.43835792765126,6.05521564929699,6.05521564929699,3.43835792765126,0.45381787406905,0.45381787406905,0.45212514338858,0.465375808505669,0.465375808505669,0.464103035018438
1.74965461139316,4.65299333214575,0,1,1,-1.19358685107938,-0.406995899540245,0,0.200086365314632,1,5,242,2.43144150695875,2.43144150695875,0.165795844716173,2.43144150695875,2.43144150695875,0.165795844716173,0.633546870005273,0.633546870005273,0.46860479483096,0.601162749016452,0.601162749016452,0.47647937899781
2.85995286477818,5.48807390947431,0,1,0,0.0192740719658616,0.675051188766193,0,0.200086365314632,1,5,242,3.6735647791131,6.22925888656775,3.6735647791131,3.6735647791131,6.22925888656775,3.6735647791131,0.454988876171834,0.455032382177828,0.454988876171834,0.466256065258981,0.466288765774163,0.466256065258981
2.26644899333802,3.44117431409185,0,1,1,-2.04057248132525,0.573394482156741,0,0.200086365314632,1,5,242,1.88099619808922,1.88099619808922,-0.547785034078577,1.88099619808922,1.88099619808922,-0.547785034078577,0.861567090026218,0.861567090026218,0.460939895456991,0.799982899449562,0.799982899449562,0.470726846550606
7.74402599442292,6.92920849818515,0,0,0,2.00006341199066,1.50748154428271,1,-1.0865846167234,1,5,243,7.32694223896408,14.6994428453171,7.32694223896408,7.32694223896408,14.6994428453171,7.32694223896408,0.520947225793069,0.92308617526785,0.520947225793069,0.515687706497798,0.870535901532838,0.515687706497798
2.57165866463657,1.84728508801295,1,1,1,-1.97650510666619,-0.62652251118795,1,-1.0865846167234,1,5,243,2.73233160320498,2.73233160320498,-2.76019885382027,2.73233160320498,2.73233160320498,-2.76019885382027,0.943149866372226,0.943149866372226,0.608062264700149,0.897426796503012,0.897426796503012,0.581523282107015
-0.816387206721196,-1.19466483793692,1,0,0,-1.23148188965426,0.133527908910854,1,-1.0865846167234,1,5,243,-0.510101999697621,4.60772770276049,-0.510101999697621,-0.510101999697621,4.60772770276049,-0.510101999697621,0.624833999342049,0.847333844266852,0.624833999342049,0.594420402794544,0.785375685057403,0.594420402794544
3.55924019223928,3.96284708758866,1,0,1,-0.813682312051396,0.0851798449849853,0,-1.0865846167234,1,5,243,2.38440469757391,2.38440469757391,0.277149091582248,2.38440469757391,2.38440469757391,0.277149091582248,0.695570094596249,0.695570094596249,0.625303377050659,0.650247571023719,0.650247571023719,0.594782846686856
3.72817472720166,3.35655209478135,1,1,1,-0.39368342087417,-0.110997643589769,0,-1.0865846167234,1,5,243,3.03328986224443,3.03328986224443,0.920969385361945,3.03328986224443,3.03328986224443,0.920969385361945,0.642121179996785,0.642121179996785,0.625078578511489,0.607829252140223,0.607829252140223,0.594609251070676
-1.20360397020007,1.31725863774259,0,0,0,-1.09854659449669,-0.494663218638928,0,0.567926695564937,1,5,244,-0.0142971391676135,2.33039456070661,-0.0142971391676135,-0.0142971391676135,2.33039456070661,-0.0142971391676135,0.42203094897909,0.563521654930616,0.42203094897909,0.441394684727515,0.547682676602372,0.441394684727515
4.71452808170338,6.32187245787495,0,0,0,1.77742915686402,-0.574362369364952,1,0.567926695564937,1,5,244,5.65795521282779,11.0878473441703,5.65795521282779,5.65795521282779,11.0878473441703,5.65795521282779,0.418106716981335,0.838587034692938,0.418106716981335,0.438419901182709,0.776634200915293,0.438419901182709
2.6323137198389,3.09211578924841,1,0,0,0.196895594051098,0.185519826751649,0,0.567926695564937,1,5,244,3.25677028331854,5.3911878894365,3.25677028331854,3.25677028331854,5.3911878894365,3.25677028331854,0.431755213507752,0.436254711378612,0.431755213507752,0.448751239311277,0.452148564217588,0.448751239311277
11.2117123801794,11.6490499524353,1,0,1,1.79473995825684,0.0480839291247979,1,0.567926695564937,1,5,244,11.4173351783432,11.4173351783432,6.31502311410316,11.4173351783432,11.4173351783432,6.31502311410316,0.850822987760656,0.850822987760656,0.433244561648454,0.788910957928279,0.788910957928279,0.449876201987543
2.1125763642073,4.37729289974075,0,0,0,-1.12339999642616,2.36364462648238,0,0.567926695564937,1,5,244,2.79430390209475,10.4811198223938,2.79430390209475,2.79430390209475,10.4811198223938,2.79430390209475,0.208938208674508,0.32545908412762,0.208938208674508,0.268312718676333,0.366639196628584,0.268312718676333
3.34348163851173,3.15335944114351,0,1,1,-0.402481514137548,-0.202051451451679,0,0.240847023311609,0,5,245,4.27785447212057,4.27785447212057,2.13702968308684,4.27785447212057,4.27785447212057,2.13702968308684,0.605267118559543,0.605267118559543,0.586823566159232,0.579383373649832,0.579383373649832,0.565322871277232
0.825891616994212,0.36783438121907,1,0,0,-1.31923395057593,-0.0921611552421259,0,0.240847023311609,0,5,245,0.303524810210076,2.41201848874564,0.303524810210076,0.303524810210076,2.41201848874564,0.303524810210076,0.588305257466156,0.765729733037136,0.588305257466156,0.566448901423014,0.709137909928226,0.566448901423014
5.8407314501123,6.0142646606644,1,0,0,1.10948101095274,-0.0401732617403601,0,0.240847023311609,0,5,245,5.16095473326743,7.26256862422628,5.16095473326743,5.16095473326743,7.26256862422628,5.16095473326743,0.588620353019454,0.719567785103828,0.588620353019454,0.566688436916997,0.669899397326638,0.566688436916997
3.73942137044179,3.66686371530662,1,1,0,0.583906607185409,0.36849557258895,0,0.240847023311609,0,5,245,4.10980592573276,6.34559491275041,4.10980592573276,4.10980592573276,6.34559491275041,4.10980592573276,0.582462901912491,0.621089770240445,0.582462901912491,0.562012202298214,0.591532237324021,0.562012202298214
4.14105121051981,3.92660502749945,1,1,0,0.243146319640244,0.426012799721357,0,0.240847023311609,0,5,245,3.42828535064243,5.70977225616885,3.42828535064243,3.42828535064243,5.70977225616885,3.42828535064243,0.58036006746336,0.587150830846923,0.58036006746336,0.560417393286956,0.565571530741715,0.560417393286956
3.27315400709436,3.76696239555636,0,1,0,-0.204618192936454,1.52359917441837,0,0.272317486283458,0,5,246,2.51660680079135,6.93796124507969,2.51660680079135,2.51660680079135,6.93796124507969,2.51660680079135,0.476311046741005,0.481243957871494,0.476311046741005,0.482257571343958,0.485954082177236,0.482257571343958
7.0723422993398,5.59432160369009,0,0,0,1.08708788951636,0.509320143019678,0,0.272317486283458,0,5,246,5.10001896569699,7.45942597378257,5.10001896569699,5.10001896569699,7.45942597378257,5.10001896569699,0.573133447066982,0.701572626719615,0.573133447066982,0.554944541968462,0.655122364322804,0.554944541968462
7.04158264080306,5.84947181472359,0,1,1,-1.09841488243721,-2.02086701751218,0,0.272317486283458,0,5,246,6.91291692425841,6.91291692425841,0.729013421789832,6.91291692425841,6.91291692425841,0.729013421789832,0.535425173129831,0.535425173129831,0.394612578237436,0.526544369945968,0.526544369945968,0.420524569887842
2.58542757860144,3.76740346285714,1,0,0,0.336833405540547,0.738534845107223,0,0.272317486283458,0,5,246,3.59950999774535,6.2449437151829,3.59950999774535,3.59950999774535,6.2449437151829,3.59950999774535,0.559858789077434,0.573023152550385,0.559858789077434,0.544920009523937,0.55486110452615,0.544920009523937
4.25363890555599,2.96997661016293,1,0,0,0.643943992646745,-1.05579117852878,0,0.272317486283458,0,5,246,4.21373117195775,7.42842618461694,4.21373117195775,4.21373117195775,7.42842618461694,4.21373117195775,0.53321256942482,0.581500481731622,0.53321256942482,0.524884020512096,0.561282160757329,0.524884020512096
2.23035881029666,2.50469247249175,1,1,0,-0.449731541561844,-0.0347292104780536,0,0.814112658055969,1,6,247,1.4030282863913,3.50423440445173,1.4030282863913,1.4030282863913,3.50423440445173,1.4030282863913,0.404973004034951,0.42820626048174,0.404973004034951,0.428435360779093,0.446068758503728,0.428435360779093
5.10449527586483,5.65078645975056,1,1,0,0.236543199845596,1.34904126295845,0,0.814112658055969,1,6,247,4.15934824264269,8.07926057180724,4.15934824264269,4.15934824264269,8.07926057180724,4.15934824264269,0.325307709157245,0.33116561543328,0.325307709157245,0.366518634320006,0.371174343295034,0.366518634320006
5.77668908864718,7.18109312725331,1,1,1,0.807918670698378,-0.182333221818451,0,0.814112658055969,1,6,247,5.90397010335005,5.90397010335005,3.77072469957135,5.90397010335005,5.90397010335005,3.77072469957135,0.479395207751011,0.479395207751011,0.403513361590274,0.484568881339126,0.484568881339126,0.427322788098104
1.9017324161057,5.15875076692624,0,1,0,-0.0944497340467252,0.747944794093788,0,0.814112658055969,1,6,247,2.89626590599338,5.55568732100538,2.89626590599338,2.89626590599338,5.55568732100538,2.89626590599338,0.379791148269893,0.380786399428693,0.379791148269893,0.409146489405071,0.409912965582844,0.409146489405071
5.28331532361869,5.84553010630978,0,1,0,1.2558869062515,-0.666593842758935,0,0.814112658055969,1,6,247,4.18240054973712,6.72674790094124,4.18240054973712,4.18240054973712,6.72674790094124,4.18240054973712,0.384936665181491,0.568674441359554,0.384936665181491,0.413105308814234,0.551573371376364,0.413105308814234
6.09891297750168,6.47790674022044,1,1,1,0.385193134253027,0.235708096942004,0,0.814112658055969,1,6,247,5.49887325240513,5.49887325240513,3.3433149454411,5.49887325240513,5.49887325240513,3.3433149454411,0.419478324160319,0.419478324160319,0.402497792139167,0.439460072431868,0.439460072431868,0.426548331805159
9.98084789329578,8.46590933653958,1,1,1,2.46942297878418,-0.170447215841103,0,0.365568150727451,1,6,248,9.76381092228895,9.76381092228895,7.63475866890097,9.76381092228895,9.76381092228895,7.63475866890097,0.940026642671759,0.940026642671759,0.455594985502054,0.893061289227334,0.893061289227334,0.46671161434571
1.90921898257973,-0.647206870697282,0,1,1,-1.36563992728652,-0.260875956417366,0,0.365568150727451,1,6,248,2.04226038081999,2.04226038081999,-0.125795883816686,2.04226038081999,2.04226038081999,-0.125795883816686,0.667366720560674,0.667366720560674,0.453768057313087,0.627662289570798,0.627662289570798,0.465338356582607
11.7598224535011,10.1726923299528,0,0,1,0.0523189975198749,1.35695877823562,1,0.365568150727451,1,6,248,11.2692938262798,11.2692938262798,4.32795670044908,11.2692938262798,11.2692938262798,4.32795670044908,0.488274689096937,0.488274689096937,0.372655061517162,0.491220420435274,0.491220420435274,0.403639682903783
3.92758289932294,3.3854013093324,0,0,1,-0.632184951120797,0.715117011507013,0,0.365568150727451,1,6,248,4.92849937658585,4.92849937658585,2.31710703643913,4.92849937658585,4.92849937658585,2.31710703643913,0.479891411002496,0.479891411002496,0.433096810891054,0.484940687459356,0.484940687459356,0.449764619741042
3.52108613385842,1.41962258528342,0,0,0,-0.343864377257829,1.01152291998793,1,0.365568150727451,1,6,248,3.19015409264598,9.31333271030689,3.19015409264598,3.19015409264598,9.31333271030689,3.19015409264598,0.409511047048682,0.540444891119714,0.409511047048682,0.431890501402231,0.530313104723786,0.431890501402231
3.9311247581129,0.437624746131451,0,0,0,0.305106459203267,-0.880699340006777,0,0.365568150727451,1,6,248,2.59587350557347,5.47150483306184,2.59587350557347,2.59587350557347,5.47150483306184,2.59587350557347,0.420876489500104,0.431635001510664,0.420876489500104,0.440519920022648,0.44866041917302,0.440519920022648
1.27414590043098,1.35787364289097,0,0,0,-1.041529801395,0.284480419705255,0,-0.969212410919578,0,5,249,-0.0224323002705349,2.15849680892514,-0.0224323002705349,-0.0224323002705349,2.15849680892514,-0.0224323002705349,0.714480994255095,0.807929375586729,0.714480994255095,0.665696370362399,0.747199781506444,0.665696370362399
3.28251924880174,5.97404724737747,1,0,0,0.732551696874859,0.00288839923351584,1,-0.969212410919578,0,5,249,3.52573069626918,8.62573903911931,3.52573069626918,3.52573069626918,8.62573903911931,3.52573069626918,0.717616644633731,0.841605203562609,0.717616644633731,0.66828473067653,0.779631538633451,0.66828473067653
0.399553884952054,1.67930929375049,0,0,0,-0.587133365822194,1.6078215859088,0,-0.969212410919578,0,5,249,0.886360570875072,5.57145082298936,0.886360570875072,0.886360570875072,5.57145082298936,0.886360570875072,0.608694005189366,0.646819410015288,0.608694005189366,0.582007285803931,0.611496197888051,0.582007285803931
2.01461219249547,5.55539430921742,0,1,0,1.0851680954333,1.29868912681645,1,-0.969212410919578,0,5,249,4.23096349338606,11.0175569414973,4.23096349338606,4.23096349338606,11.0175569414973,4.23096349338606,0.648406937615772,0.83942244879911,0.648406937615772,0.612737607344471,0.777461893693011,0.612737607344471
4.73023382322711,4.43778894338648,0,0,0,1.13423404265219,0.163733638042204,0,-0.969212410919578,0,5,249,4.32909538782384,6.45590409205037,4.32909538782384,4.32909538782384,6.45590409205037,4.32909538782384,0.716580360134879,0.824078356393331,0.716580360134879,0.667428430640916,0.762486332251468,0.667428430640916
-0.791115595034773,-0.297861797422833,0,1,0,-1.61479680379337,-0.597747828477421,0,0.0423565869707686,0,5,250,-0.231387688046542,2.22591477840293,-0.231387688046542,-0.231387688046542,2.22591477840293,-0.231387688046542,0.595041514219646,0.836146598239768,0.595041514219646,0.57157569538909,0.774224753434742,0.57157569538909
2.74926547806559,3.8779710636118,1,1,0,0.399189656231602,-1.24505254117096,0,0.0423565869707686,0,5,250,3.79658523200339,7.44674106227965,3.79658523200339,3.79658523200339,7.44674106227965,3.79658523200339,0.539761971603388,0.558394364465982,0.539761971603388,0.529800212713883,0.543816154339801,0.529800212713883
-0.481410632519904,2.49133916403451,0,1,0,-0.69825410479955,1.48867146090789,0,0.0423565869707686,0,5,250,1.60169770994109,5.91784042846273,1.60169770994109,1.60169770994109,5.91784042846273,1.60169770994109,0.508400819383128,0.565582569896984,0.508400819383128,0.506290019366173,0.549238185407704,0.506290019366173
1.82044492294086,4.17321873803407,0,1,1,-1.10995446883749,0.607866098919302,0,0.0423565869707686,0,5,250,3.24779817608059,3.24779817608059,0.778296981865215,3.24779817608059,3.24779817608059,0.778296981865215,0.724579406596975,0.724579406596975,0.594485349139323,0.674061449503252,0.674061449503252,0.571151932820495
11.5546678830633,11.3466028701974,1,1,1,1.80229289020837,-0.32590060203468,1,0.0423565869707686,0,5,250,11.8090029023635,11.8090029023635,6.60279169995692,11.8090029023635,11.8090029023635,6.60279169995692,0.922582322624095,0.922582322624095,0.606435808789883,0.86989252263571,0.86989252263571,0.580277789865488
2.59031855337106,3.19260879236186,1,0,0,-0.306862522174474,-1.23594498747168,0,-0.375089773093933,0,5,251,2.24558261777139,5.87314262982777,2.24558261777139,2.24558261777139,5.87314262982777,2.24558261777139,0.589256575023173,0.599990129812372,0.589256575023173,0.567172173163255,0.575350202650536,0.567172173163255
2.45894728526853,5.00692113484152,0,0,0,-0.102932915390268,1.78623372681916,1,-0.375089773093933,0,5,251,2.6534418313398,10.9440727581661,2.6534418313398,2.6534418313398,10.9440727581661,2.6534418313398,0.511662998858296,0.628156091490152,0.511662998858296,0.508732907113328,0.596987528876663,0.508732907113328
1.55435315670075,2.28152859257048,0,1,0,-0.782826922719544,1.36687714243998,0,-0.375089773093933,0,5,251,1.29365381668125,5.26200693920614,1.29365381668125,1.29365381668125,5.26200693920614,1.29365381668125,0.573576064271404,0.642548388066376,0.573576064271404,0.555279406971932,0.608162263066047,0.555279406971932
3.85405383956889,3.93364286736266,1,0,0,0.292713968632189,0.697502299455213,1,-0.375089773093933,0,5,251,3.44473559938472,9.03124505713003,3.44473559938472,3.44473559938472,9.03124505713003,3.44473559938472,0.635983111330908,0.745425592650344,0.635983111330908,0.603053648187053,0.691616790961005,0.603053648187053
6.16084180058566,6.2345000353432,0,1,0,1.55817128727755,1.86809965295843,0,-0.375089773093933,0,5,251,5.97565023667543,11.5654465500588,5.97565023667543,5.97565023667543,11.5654465500588,5.97565023667543,0.497541768030404,0.757996473508933,0.497541768030404,0.498159498011229,0.702411354235251,0.498159498011229
12.3391379365145,9.9503598563666,1,1,1,1.79737595767974,0.934929710043893,0,-0.212203393003097,1,5,252,10.4587449081241,10.4587449081241,7.48465134540135,10.4587449081241,10.4587449081241,7.48465134540135,0.813214857478233,0.813214857478233,0.483785151171622,0.752153295808288,0.752153295808288,0.487857807576844
10.5327427549598,7.3552353513545,1,1,1,1.50752482298261,-1.89055710256951,0,-0.212203393003097,1,5,252,9.7536684214697,9.7536684214697,4.07946226339367,9.7536684214697,9.7536684214697,4.07946226339367,0.6221329469025,0.6221329469025,0.359968598055273,0.592336367174498,0.592336367174498,0.393798542308866
7.31835640396882,6.37030848902473,0,0,1,-0.0893134489176211,-0.358820415882745,1,-0.212203393003097,1,5,252,7.64627449713425,7.64627449713425,2.41752240627999,7.64627449713425,7.64627449713425,2.41752240627999,0.634687167195116,0.634687167195116,0.518957819581475,0.602047479304634,0.602047479304634,0.514197086145288
0.918819438706667,1.08379475603968,1,0,1,-1.59213591149089,0.410458869953472,0,-0.212203393003097,1,5,252,2.44963325089314,2.44963325089314,0.181156766969661,2.44963325089314,2.44963325089314,0.181156766969661,0.781141405553803,0.781141405553803,0.517084796809494,0.72275702003097,0.72275702003097,0.512793867506244
1.11086929772321,1.66551890725224,1,1,1,-1.50315791541503,-1.35961048948617,0,-0.212203393003097,1,5,252,2.53758408280256,2.53758408280256,-1.41095660031826,2.53758408280256,2.53758408280256,-1.41095660031826,0.694209714410675,0.694209714410675,0.438081292334425,0.649146317761304,0.649146317761304,0.453526617200818
7.05897301022011,9.31605431168352,0,0,1,0.678472601768161,1.06818263634734,0,0.985851148543517,1,5,253,7.69423949739304,7.69423949739304,4.45322535279909,7.69423949739304,7.69423949739304,4.45322535279909,0.386048842347811,0.386048842347811,0.335793686098801,0.413959733248836,0.413959733248836,0.37483875048224
5.70628106607073,6.10039879164264,0,0,0,1.46373704535983,1.17556733439677,0,0.985851148543517,1,5,253,6.13113893803186,9.61309749573258,6.13113893803186,6.13113893803186,9.61309749573258,6.13113893803186,0.325666690573525,0.570816356316059,0.325666690573525,0.366804522205177,0.553192217350816,0.366804522205177
2.93428291184737,6.67818062576016,1,0,1,0.106741658749728,0.537992063459547,0,0.985851148543517,1,5,253,5.16900835421989,5.16900835421989,2.77957289387443,5.16900835421989,5.16900835421989,2.77957289387443,0.373970290840019,0.373970290840019,0.372707947482113,0.404656116804686,0.404656116804686,0.403680567470899
9.63961340874157,12.2814980518118,0,1,1,2.03506527715243,-0.987162045387071,1,0.985851148543517,1,5,253,11.185554925686,11.185554925686,5.11106602183322,11.185554925686,11.185554925686,5.11106602183322,0.857675839940968,0.857675839940968,0.342878819900627,0.795939431076417,0.795939431076417,0.380425983901044
1.01611222961123,4.44645831234,1,1,1,-1.77117716957711,-0.307767268382391,1,0.985851148543517,1,5,253,3.37269659686638,3.37269659686638,-1.82202409462118,3.37269659686638,3.37269659686638,-1.82202409462118,0.814688499423229,0.814688499423229,0.38136933400418,0.753542779140318,0.753542779140318,0.410361732356198
4.18937745681824,4.04820047704614,1,1,1,0.218655473485312,-1.12275076244785,0,-0.451387993363037,1,6,254,5.4713783385477,5.4713783385477,2.11080906397046,5.4713783385477,5.4713783385477,2.11080906397046,0.499406412071498,0.499406412071498,0.493764052256766,0.499555574022144,0.499555574022144,0.495330992814801
4.58365860996345,3.49349608710164,0,1,1,-1.5783829684916,-0.336402181643836,1,-0.451387993363037,1,6,254,4.51624718863539,4.51624718863539,-0.696919239179339,4.51624718863539,4.51624718863539,-0.696919239179339,0.865290918919205,0.865290918919205,0.547792030619204,0.803889725121588,0.803889725121588,0.535834671629841
5.51353779149318,6.41268950707851,0,1,1,-0.952846829114825,0.0881359976545749,1,-0.451387993363037,1,6,254,6.08645917295518,6.08645917295518,0.978691218872617,6.08645917295518,6.08645917295518,0.978691218872617,0.753505199082051,0.753505199082051,0.552719859192227,0.698535430087341,0.698535430087341,0.539542199722754
1.9518827511228,2.96826231965183,0,1,1,-0.47668503668635,-0.762992544819962,0,-0.451387993363037,1,6,254,3.76204388470587,3.76204388470587,1.07988626125503,3.76204388470587,3.76204388470587,1.07988626125503,0.552424729024416,0.552424729024416,0.525769046400161,0.539320052326475,0.539320052326475,0.519301632299045
3.12345923776171,4.63434399920536,0,1,1,-0.306995904732225,-0.469642025691129,0,-0.451387993363037,1,6,254,4.03317867658738,4.03317867658738,1.71261504429211,4.03317867658738,4.03317867658738,1.71261504429211,0.553785551181871,0.553785551181871,0.542761563358442,0.540344468786139,0.540344468786139,0.532053404919312
5.137982781529,4.0582039592265,1,1,1,-1.15501053571533,-0.712526938294619,1,-0.451387993363037,1,6,254,5.38139550751791,5.38139550751791,-0.226299130277594,5.38139550751791,5.38139550751791,-0.226299130277594,0.773057554502225,0.773057554502225,0.529274206327,0.715576571669904,0.715576571669904,0.521929795796296
8.44790302495182,7.79368270426644,1,0,1,0.321242710647226,1.45086774006853,0,-0.725047286537779,1,6,255,8.77267679281877,8.77267679281877,4.56765959364719,8.77267679281877,8.77267679281877,4.56765959364719,0.498375704070828,0.498375704070828,0.486199512619432,0.498783875462483,0.498783875462483,0.489666237216282
1.81531025133089,0.929960277007806,1,1,0,-0.157025228785389,0.251711204409629,0,-0.725047286537779,1,6,255,2.41196717912305,4.5753257095484,2.41196717912305,2.41196717912305,4.5753257095484,2.41196717912305,0.581872628678217,0.584705721085634,0.581872628678217,0.561564425100653,0.563714376637079,0.561564425100653
0.0672401137647024,0.838320218349082,1,0,0,-1.20978643235794,0.0163767286050153,0,-0.725047286537779,1,6,255,0.0711102961733408,2.17137849341314,0.0711102961733408,0.0711102961733408,2.17137849341314,0.0711102961733408,0.584772209317366,0.738324507237535,0.584772209317366,0.563764856747627,0.685590654154831,0.563764856747627
1.45524023109031,-3.5364876566461,1,0,0,-1.06459258177044,-1.22710934313205,0,-0.725047286537779,1,6,255,-0.881988074388713,2.72380926561325,-0.881988074388713,-0.881988074388713,2.72380926561325,-0.881988074388713,0.514480819459944,0.644236083362411,0.514480819459944,0.510843320031794,0.609478651535037,0.510843320031794
8.3223912480602,8.52476029386532,1,0,1,0.36193893363969,-0.71926959322103,1,-0.725047286537779,1,6,255,8.0962634540749,8.0962634540749,2.47891470634255,8.0962634540749,8.0962634540749,2.47891470634255,0.6857523496823,0.6857523496823,0.560859545417474,0.642328149050558,0.642328149050558,0.545674576369924
11.8206779203958,10.2140478142909,0,1,1,0.368589075542582,2.10787132395738,0,-0.725047286537779,1,6,255,11.8624774256886,11.8624774256886,5.31935590732675,11.8624774256886,11.8624774256886,5.31935590732675,0.393430454980901,0.393430454980901,0.378195532620157,0.419619824561844,0.419619824561844,0.407916877856696
2.29405058224545,0.908878578492327,0,1,0,0.387206175647281,-1.26161784683709,0,-0.11999477114113,1,5,256,2.49839575935626,6.19007535081412,2.49839575935626,2.49839575935626,6.19007535081412,2.49839575935626,0.439306944070532,0.456818206516022,0.439306944070532,0.454450961574913,0.467630838103284,0.454450961574913
0.46273463612262,1.49703137449072,0,0,0,-1.33358994967064,1.57674338237515,0,-0.11999477114113,1,5,256,1.89516473793267,6.4812844317965,1.89516473793267,1.89516473793267,6.4812844317965,1.89516473793267,0.398169610279941,0.605176080512239,0.398169610279941,0.423244276002735,0.579313719367246,0.423244276002735
0.370325774262831,0.270379128185652,0,1,0,-0.0465251622608164,-1.02667285479708,0,-0.11999477114113,1,5,256,1.86587807558008,5.01993522635726,1.86587807558008,1.86587807558008,5.01993522635726,1.86587807558008,0.46445835201037,0.464712601412916,0.46445835201037,0.473368206227758,0.473559024284506,0.473368206227758
1.58942300969444,4.06091703707757,1,1,0,1.27293805682393,-1.49378196701756,0,-0.11999477114113,1,5,256,4.03769540152908,8.36907996651594,4.03769540152908,4.03769540152908,8.36907996651594,4.03769540152908,0.409771821879805,0.598806897189155,0.409771821879805,0.432088875033973,0.574447042823357,0.432088875033973
1.88138634810812,0.948617011276024,1,1,1,-1.21901081387974,-0.75006068430237,0,-0.11999477114113,1,5,256,2.46010997297308,2.46010997297308,-0.202481057163061,2.46010997297308,2.46010997297308,-0.202481057163061,0.657687330446414,0.657687330446414,0.48760517590939,0.620019494776224,0.620019494776224,0.490719012175954
6.12800589730776,8.98102121877287,0,0,1,0.0661879715947769,0.0568366843310027,1,1.24408253187228,1,5,257,6.74470169009657,6.74470169009657,1.64147128141082,6.74470169009657,6.74470169009657,1.64147128141082,0.47158655133561,0.47158655133561,0.35692836837211,0.478715683580549,0.478715683580549,0.391429748858442
1.57240415154321,4.84221183833084,0,0,0,-0.123039553980794,0.519959791565039,0,1.24408253187228,1,5,257,1.72613933749372,4.09649752233808,1.72613933749372,1.72613933749372,4.09649752233808,1.72613933749372,0.345386212244353,0.347011325053227,0.345386212244353,0.382396966939779,0.383672708917093,0.382396966939779
4.26572648103868,7.33992000772228,1,0,0,0.948695223942975,1.66180806805289,1,1.24408253187228,1,5,257,5.01145716982911,12.8730632248748,5.01145716982911,5.01145716982911,12.8730632248748,5.01145716982911,0.247159091487787,0.447230929154061,0.247159091487787,0.302035989571755,0.460420750012991,0.302035989571755
3.25806047772851,5.62995334268585,0,0,0,0.899348761606111,0.00107398318293094,0,1.24408253187228,1,5,257,3.25203016028542,5.3520313137253,3.25203016028542,3.25203016028542,5.3520313137253,3.25203016028542,0.357068905125314,0.44880169537431,0.357068905125314,0.391539340980555,0.461602940679311,0.391539340980555
0.309111650111844,2.20286186739687,0,0,0,-0.251587269665636,0.578282370500066,1,1.24408253187228,1,5,257,1.52736648505906,6.96177698509024,1.52736648505906,1.52736648505906,6.96177698509024,1.52736648505906,0.342643717586524,0.462940867188959,0.342643717586524,0.380241011280092,0.472229170686857,0.380241011280092
-0.667704853147091,-2.90377470011828,1,0,0,-2.35452661300172,0.930277427618527,0,-0.271372835248793,0,5,258,-1.78269644171442,1.18271965062213,-1.78269644171442,-1.78269644171442,1.18271965062213,-1.78269644171442,0.607569829980536,0.957761370944077,0.607569829980536,0.581146098271966,0.918940090159779,0.581146098271966
5.82586433574391,6.10250564003394,1,1,1,0.253592712374649,0.862507424315789,0,-0.271372835248793,0,5,258,6.27746126603819,6.27746126603819,3.43354220903833,6.27746126603819,6.27746126603819,3.43354220903833,0.620234870924236,0.620234870924236,0.613039205470352,0.590873546775591,0.590873546775591,0.585339981939479
0.000347659043542503,2.14617046671579,1,0,0,-0.557128290237567,0.645066973875015,0,-0.271372835248793,0,5,258,1.8121002038139,4.32821160459817,1.8121002038139,1.8121002038139,4.32821160459817,1.8121002038139,0.627657693691197,0.661349435500284,0.627657693691197,0.596602114697556,0.622905126646649,0.596602114697556
6.51615372537559,8.68116727083418,1,0,1,-0.510565474876716,1.8804746287975,0,-0.271372835248793,0,5,258,7.54141066408668,7.54141066408668,1.9052258345356,7.54141066408668,7.54141066408668,1.9052258345356,0.513873194050597,0.513873194050597,0.483117009346969,0.510388211859345,0.510388211859345,0.487357302803889
14.9131131381931,15.187797063147,1,0,1,0.83379915484824,-2.80753087611952,0,-0.271372835248793,0,5,258,14.5761847143499,14.5761847143499,4.59395509398551,14.5761847143499,14.5761847143499,4.59395509398551,0.363379629376333,0.363379629376333,0.290924333486388,0.396451315699528,0.396451315699528,0.338747048918187
-0.862100762343443,-0.301956526653891,0,0,1,-0.554833708190499,-0.832621984038118,0,-2.0250803579244,1,4,259,-0.249980488166745,-0.249980488166745,-3.04323985647032,-0.249980488166745,-0.249980488166745,-3.04323985647032,0.72588835121309,0.72588835121309,0.69577304127727,0.675152054675405,0.675152054675405,0.650411970756297
1.17628894946725,1.58983781831358,1,1,0,0.793033878905402,0.0769802031613994,1,-2.0250803579244,1,4,259,0.562097504921002,5.66802345659977,0.562097504921002,0.562097504921002,5.66802345659977,0.562097504921002,0.722755308381064,0.850784425323209,0.722755308381064,0.672544094509111,0.788871729509541,0.672544094509111
1.30527774111738,3.81364806463565,1,1,1,-0.531672848304097,-0.424028395039744,1,-2.0250803579244,1,4,259,2.69147553210084,2.69147553210084,-2.58832454769914,2.69147553210084,2.69147553210084,-2.58832454769914,0.823438359069582,0.823438359069582,0.71606444073769,0.761871673200804,0.761871673200804,0.667002445004006
1.24887050290406,1.08725263142866,1,0,1,0.362830779430507,-1.16411398513587,0,-2.0250803579244,1,4,259,1.91575848806286,1.91575848806286,-1.53940288232606,1.91575848806286,1.91575848806286,-1.53940288232606,0.682214098845279,0.682214098845279,0.668507392968604,0.639489628477031,0.639489628477031,0.628566353702983
3.99908471370385,3.02727022476591,1,0,1,-0.374771916545531,-0.144255872332105,0,0.263879253659871,1,4,260,4.15737779076704,4.15737779076704,2.03656803406474,4.15737779076704,4.15737779076704,2.03656803406474,0.484455447133302,0.484455447133302,0.467916011673472,0.488359905061776,0.488359905061776,0.475962682646279
0.162058473617652,0.487515929521235,1,0,0,-0.830587467046645,-0.879329634980767,1,0.263879253659871,1,4,260,0.389863170413853,6.26308377736926,0.389863170413853,0.389863170413853,6.26308377736926,0.389863170413853,0.432743896303994,0.628960564190152,0.432743896303994,0.449498079124087,0.597609844208879,0.449498079124087
-0.590447146106392,-0.953928214957714,0,0,0,-2.08264059405319,0.15771003785307,0,0.263879253659871,1,4,260,-1.07720341076541,1.04766904527421,-1.07720341076541,-1.07720341076541,1.04766904527421,-1.07720341076541,0.467724972608658,0.874425352688998,0.467724972608658,0.47581936536239,0.813636663119138,0.47581936536239
-2.75459912491262,-0.114757982294367,0,0,0,-1.54398201634583,-0.748912606939768,0,0.263879253659871,1,4,260,-0.906508900143526,1.75436119268979,-0.906508900143526,-0.906508900143526,1.75436119268979,-0.906508900143526,0.442620046977835,0.710462169061827,0.442620046977835,0.456948267043207,0.662390525252286,0.456948267043207
7.41026210179337,8.39051676068233,1,0,1,-0.649503737002338,0.695643757362437,1,-0.286135837982728,1,5,261,7.89868280273701,7.89868280273701,2.31476256557968,7.89868280273701,7.89868280273701,2.31476256557968,0.671803400540481,0.671803400540481,0.510923399320025,0.631182850218242,0.631182850218242,0.508179029212504
2.65806889996316,4.27675387077261,1,1,1,-1.18470901519806,0.811862150230415,0,-0.286135837982728,1,5,261,4.11969055303297,4.11969055303297,1.36057040205622,4.11969055303297,4.11969055303297,1.36057040205622,0.662485952306701,0.662485952306701,0.502654038051127,0.623802121178414,0.623802121178414,0.501987098065578
4.68598348566594,5.93138155965281,1,0,1,0.00431080549019267,0.608929466559832,0,-0.286135837982728,1,5,261,6.00647245500698,6.00647245500698,3.53567735976214,6.00647245500698,6.00647245500698,3.53567735976214,0.51626229659764,0.51626229659764,0.516260105594245,0.512177727999663,0.512177727999663,0.512176086749807
8.31055796173933,7.8405755458738,1,0,1,-0.549372395712029,1.28514704578937,0,-0.286135837982728,1,5,261,6.85613146588838,6.85613146588838,3.10452853658723,6.85613146588838,6.85613146588838,3.10452853658723,0.491421145588273,0.491421145588273,0.455909361609049,0.493576659564874,0.493576659564874,0.46694787931647
3.39573049992445,4.64180536764385,1,0,1,-2.05857067168786,-0.21306373229295,1,-0.286135837982728,1,5,261,3.73331736057186,3.73331736057186,-1.41207879344674,3.73331736057186,3.73331736057186,-1.41207879344674,0.933770573571082,0.933770573571082,0.531587186763111,0.884528038665095,0.884528038665095,0.52366462636384
7.01571591196004,7.43553908600405,1,0,0,1.66881298359488,-0.350976085554268,0,0.639132265912342,0,6,262,5.92913591385951,8.15232012649051,5.92913591385951,5.92913591385951,8.15232012649051,5.92913591385951,0.536712014148154,0.81346380133736,0.536712014148154,0.52751025114306,0.752387761715829,0.52751025114306
1.49687366420491,2.58463647373982,1,1,0,-0.890573493972922,0.0300601377052798,1,0.639132265912342,0,6,262,0.810362958723911,5.91126657060277,0.810362958723911,0.810362958723911,5.91126657060277,0.810362958723911,0.542450234463899,0.735093372301602,0.542450234463899,0.531819494538803,0.682864798076262,0.531819494538803
3.99453358959544,6.50977758260569,1,0,0,0.585751877197153,-0.0188010137422833,0,0.639132265912342,0,6,262,3.76301370106406,5.8633671791818,3.76301370106406,3.76301370106406,5.8633671791818,3.76301370106406,0.542476027284726,0.582347270891766,0.542476027284726,0.53183887297402,0.561924478674435,0.53183887297402
3.57973233339286,2.41905551654982,0,0,0,0.176503612171858,1.18628586375424,0,0.639132265912342,0,6,262,2.94451717101347,6.45179132155661,2.94451717101347,2.94451717101347,6.45179132155661,2.94451717101347,0.476171766401577,0.479841785428985,0.476171766401577,0.482153178160016,0.484903503562893,0.482153178160016
4.02992763429318,3.45354113799354,0,0,0,-0.237579694153585,-1.15432168607338,0,0.639132265912342,0,6,262,2.11635055836259,5.54880911330188,2.11635055836259,2.11635055836259,5.54880911330188,2.11635055836259,0.479697164084015,0.486351418109381,0.479697164084015,0.484795139562087,0.489780010846076,0.484795139562087
7.06270482840258,8.38085513414819,0,1,0,2.02970857280937,-0.519728061709852,1,0.639132265912342,0,6,262,6.65092709228849,12.0210443504172,6.65092709228849,6.65092709228849,12.0210443504172,6.65092709228849,0.529804798993712,0.929605546042557,0.529804798993712,0.522327720835946,0.878991326165199,0.522327720835946
-2.29677767274692,2.71518131525901,0,1,0,-2.05537422939853,1.62466195281838,0,-1.26618743040178,1,5,263,-1.08931711488612,3.65020934604952,-1.08931711488612,-1.08931711488612,3.65020934604952,-1.08931711488612,0.524809732449738,0.892978387988055,0.524809732449738,0.5185825047637,0.834234524712759,0.5185825047637
1.65254033573079,5.96480339263132,0,1,1,-0.134146660779124,-0.955612328480545,0,-1.26618743040178,1,5,263,3.18605866339776,3.18605866339776,0.172863741053754,3.18605866339776,3.18605866339776,0.172863741053754,0.606858718581239,0.606858718581239,0.604825647790135,0.580601558347715,0.580601558347715,0.579045623982957
1.45446085979692,5.40101853606364,0,1,0,0.199889716368279,0.102506008735037,0,-1.26618743040178,1,5,263,1.89905483256414,4.00956231439093,1.89905483256414,1.89905483256414,4.00956231439093,1.89905483256414,0.644876668377501,0.649202633428248,0.644876668377501,0.609978648434079,0.613360278827378,0.609978648434079
0.676767329891252,5.42041682113058,0,1,0,-0.522046356955045,0.720953750747017,0,-1.26618743040178,1,5,263,1.07363042792947,3.69340473864567,1.07363042792947,1.07363042792947,3.69340473864567,1.07363042792947,0.622480779751401,0.652313855601369,0.622480779751401,0.592604585133666,0.615797932823469,0.592604585133666
4.51918009320095,9.22632727726328,1,1,1,0.900091422485695,-0.638186471527495,0,-1.26618743040178,1,5,263,5.06604773697716,5.06604773697716,2.55876576453644,5.06604773697716,5.06604773697716,2.55876576453644,0.71220155649212,0.71220155649212,0.627474655683263,0.663819757287037,0.663819757287037,0.596460595297804
1.33445160678406,2.03208241315382,0,1,0,-0.446070681897285,0.468318342731638,0,0.899906756087445,1,5,264,1.76634480928524,4.08566687942415,1.76634480928524,1.76634480928524,4.08566687942415,1.76634480928524,0.385409209195328,0.407932154406647,0.385409209195328,0.41346839180232,0.430689027218572,0.41346839180232
-2.10067782424937,-1.66802715409286,0,1,0,-1.59124121457341,-1.65484660327793,1,0.899906756087445,1,5,264,-2.64716120207658,5.19135607830391,-2.64716120207658,-2.64716120207658,5.19135607830391,-2.64716120207658,0.279869147200203,0.674135166276661,0.279869147200203,0.329634043821993,0.633037709238156,0.329634043821993
8.38581761012719,9.53259225994023,1,1,1,1.88161757416836,0.490600362222621,0,0.899906756087445,1,5,264,8.78469205632048,8.78469205632048,6.44400334090752,8.78469205632048,8.78469205632048,6.44400334090752,0.769842669643158,0.769842669643158,0.384451488612714,0.712743790267622,0.712743790267622,0.412732436877707
7.02157705700385,6.41944382332952,0,0,1,0.282292901010926,0.825911497026301,0,0.899906756087445,1,5,264,6.36279493031655,6.36279493031655,3.58066512939632,6.36279493031655,6.36279493031655,3.58066512939632,0.373655725751438,0.373655725751438,0.364864868831097,0.404413077531295,0.404413077531295,0.397604800922027
3.15653110033086,4.14544371434924,1,1,1,-0.109777493590284,-0.878516801962303,0,0.899906756087445,1,5,264,3.96388781253537,3.96388781253537,1.0920960412053,3.96388781253537,3.96388781253537,1.0920960412053,0.362254202309813,0.362254202309813,0.360935994855281,0.395576633701996,0.395576633701996,0.394551414297648
1.87530240182257,0.367069773124829,1,0,1,-0.158014696081423,0.0718729764400089,0,1.32249263804216,1,5,265,3.1120225313438,3.1120225313438,1.00685680660146,3.1120225313438,3.1120225313438,1.00685680660146,0.351051167689469,0.351051167689469,0.348358779570998,0.386838363479124,0.386838363479124,0.384729480535939
5.76061259932657,5.1996067680496,0,0,1,0.279222640604035,1.017175085873,0,1.32249263804216,1,5,265,5.96127874472611,5.96127874472611,2.82663358940536,5.96127874472611,5.96127874472611,2.82663358940536,0.313298132924737,0.313298132924737,0.305378531126887,0.356908734774861,0.356908734774861,0.350520492179183
4.19100721104461,1.27200657908294,0,0,1,-0.25878070840037,-0.884893513092023,0,1.32249263804216,1,5,265,2.73159482194387,2.73159482194387,-0.151441707568469,2.73159482194387,2.73159482194387,-0.151441707568469,0.322534473165667,0.322534473165667,0.315621710758281,0.364307461757066,0.364307461757066,0.358775125289088
3.59378501780185,2.96466088702205,0,0,1,0.0753573727843451,0.360126250587499,0,1.32249263804216,1,5,265,3.99154513484269,3.99154513484269,1.76185421848048,3.99154513484269,3.99154513484269,1.76185421848048,0.343622694628171,0.343622694628171,0.343015393974293,0.381011057523641,0.381011057523641,0.380533423811819
3.50234605171886,2.6494396454149,0,0,0,0.549123057557823,0.749219077755158,0,1.32249263804216,1,5,265,3.0984784151951,5.75980764166739,3.0984784151951,3.0984784151951,5.75980764166739,3.0984784151951,0.324792287714284,0.35691602063099,0.324792287714284,0.366108025352122,0.391420119518154,0.366108025352122
-1.128878289833,-1.46114420607328,0,0,0,-0.467930901345343,-1.36709847009192,0,0.199657926281769,1,6,266,0.657176439690258,4.62613466661793,0.657176439690258,0.657176439690258,4.62613466661793,0.657176439690258,0.38994707426535,0.414844239197738,0.38994707426535,0.416951127499583,0.435943909187932,0.416951127499583
4.04369586090661,2.11393602904388,1,0,0,0.357046259354105,-0.471779823007357,0,0.199657926281769,1,6,266,3.20244940817372,5.52502560957057,3.20244940817372,3.20244940817372,5.52502560957057,3.20244940817372,0.465978484008946,0.480982809360777,0.465978484008946,0.474508991130724,0.485758424778145,0.474508991130724
0.933181275343652,-1.65572549333572,1,0,0,-1.3855810009602,-0.420742219985353,0,0.199657926281769,1,6,266,-0.231767509432881,2.04525650624532,-0.231767509432881,-0.231767509432881,2.04525650624532,-0.231767509432881,0.468120055825792,0.685778938035872,0.468120055825792,0.476115752591782,0.642349509738735,0.476115752591782
4.481827474069,2.31168472617251,1,0,1,-0.815350988558845,0.0302268835391116,0,0.199657926281769,1,6,266,3.46057528338277,3.46057528338277,1.35966161889429,3.46057528338277,3.46057528338277,1.35966161889429,0.554645029079907,0.554645029079907,0.476409488236502,0.540991626575374,0.540991626575374,0.482331354260782
5.65976400359082,3.54767753836562,1,0,0,0.83264873421627,0.477060185486419,0,0.199657926281769,1,6,266,5.10249436639182,7.43008078696816,5.10249436639182,5.10249436639182,7.43008078696816,5.10249436639182,0.465743007115982,0.547381346032529,0.465743007115982,0.474332292363723,0.535525844204039,0.474332292363723
8.7429658756061,7.93404887030071,1,0,1,2.22780583685639,-0.61299585182217,0,0.199657926281769,1,6,266,9.27851644871466,9.27851644871466,6.80275253436347,9.27851644871466,9.27851644871466,6.80275253436347,0.901013259143435,0.901013259143435,0.458785764192366,0.843535588314236,0.843535588314236,0.46910902304238
7.68475387015134,9.82373756566717,0,0,1,0.367726955037484,0.232391314508196,1,0.178043545035565,1,5,267,9.09015144371318,9.09015144371318,3.93614572065433,9.09015144371318,9.09015144371318,3.93614572065433,0.60873919426307,0.60873919426307,0.47645395418147,0.582041912193907,0.582041912193907,0.482364681729028
10.3430069459056,10.0460079339977,1,0,1,0.163730343084161,-1.39190054756992,1,0.178043545035565,1,5,267,8.94124776899502,8.94124776899502,1.90386063466957,8.94124776899502,8.94124776899502,1.90386063466957,0.508710293644191,0.508710293644191,0.389299187145208,0.506521756995386,0.506521756995386,0.416454318501124
11.0409140322162,9.71459637436541,1,0,1,0.883749104432828,-2.29859043647322,0,0.178043545035565,1,5,267,9.82072626310976,9.82072626310976,2.4372082684636,9.82072626310976,9.82072626310976,2.4372082684636,0.328613877459104,0.328613877459104,0.252288590361684,0.369148744734362,0.369148744734362,0.306432702067142
5.42044968791405,7.60461638664067,1,0,1,-0.41519573542354,-1.03259431528459,1,0.178043545035565,1,5,267,7.27156572989755,7.27156572989755,1.1053147099395,7.27156572989755,7.27156572989755,1.1053147099395,0.566638500707682,0.566638500707682,0.429108129895791,0.550035482169534,0.550035482169534,0.446750685566238
9.91714546042309,10.6176917007695,0,0,1,-0.200131087492102,1.7626541723816,0,0.178043545035565,1,5,267,9.53764222488281,9.53764222488281,4.33069249346856,9.53764222488281,9.53764222488281,4.33069249346856,0.342331335447844,0.342331335447844,0.338065976031718,0.379995192422387,0.379995192422387,0.376633571608684
0.851958109204503,1.83034583545528,1,0,1,-1.68895808479089,-1.27778302629545,0,-0.972926873914126,1,5,268,1.13044356442722,1.13044356442722,-2.60228589786153,1.13044356442722,1.13044356442722,-2.60228589786153,0.818948400447109,0.818948400447109,0.537679514148737,0.757580626608552,0.757580626608552,0.528236556001932
5.17149800333821,5.53176572128274,1,1,1,0.520143456814472,-0.0309539333283573,0,-0.972926873914126,1,5,268,5.16370442430477,5.16370442430477,3.06274627831627,5.16370442430477,5.16370442430477,3.06274627831627,0.642823353458126,0.642823353458126,0.612897560621303,0.608376644265796,0.608376644265796,0.585231240524528
6.75293314436759,6.56684527283861,1,1,1,1.13148688563511,-0.638956124534926,0,-0.972926873914126,1,5,268,6.18569587383168,6.18569587383168,3.67743094475099,6.18569587383168,6.18569587383168,3.67743094475099,0.729128241806172,0.729128241806172,0.594460036270081,0.677857991212798,0.677857991212798,0.571132648120172
7.75615018337896,7.82889856164446,0,1,1,0.632191271768546,-0.539763215115869,1,-0.972926873914126,1,5,268,8.16937695482913,8.16937695482913,2.77803262643691,8.16937695482913,8.16937695482913,2.77803262643691,0.7445076778917,0.7445076778917,0.599781093466497,0.690835017803758,0.690835017803758,0.57519061474774
4.91920432686922,5.42934602272044,1,0,1,0.174028563186682,-0.341064554670387,0,-0.972926873914126,1,5,268,4.27673090017117,4.27673090017117,2.06040586971866,4.27673090017117,4.27673090017117,2.06040586971866,0.61111525266795,0.61111525266795,0.607704120239834,0.583863547654357,0.583863547654357,0.581248950901472
12.2285686948227,9.26059834856719,1,1,1,1.68977261509287,0.781672939527361,1,0.227294330238151,1,5,269,12.820568041544,12.820568041544,7.1095554571547,12.820568041544,12.820568041544,7.1095554571547,0.833571690068879,0.833571690068879,0.444547051886986,0.771695929185716,0.771695929185716,0.458399923310809
4.09878387924419,1.23598221828167,0,0,0,-0.104069229010227,1.54782589313482,0,0.227294330238151,1,5,269,4.28802472255595,8.78378971801454,4.28802472255595,4.28802472255595,8.78378971801454,4.28802472255595,0.363456100369562,0.364644082172939,0.363456100369562,0.39651072889577,0.39743339109508,0.39651072889577
1.59832855624805,0.410712630015288,1,1,0,-0.164389979480242,-0.848897576681727,0,0.227294330238151,1,5,269,1.77065975179938,4.59128684749549,1.77065975179938,1.77065975179938,4.59128684749549,1.77065975179938,0.439438662048907,0.442585805856876,0.439438662048907,0.454550282726695,0.456922466858266,0.454550282726695
-2.89328107169288,-4.88491898416471,0,1,0,-1.56465166089622,-1.17461812592652,0,0.227294330238151,1,5,269,-1.35558416027737,2.12414358147776,-1.35558416027737,-1.35558416027737,2.12414358147776,-1.35558416027737,0.409014245882415,0.6877811980441,0.409014245882415,0.431512529295873,0.643959421078323,0.431512529295873
2.25373634922131,-1.11559951570319,1,0,0,-0.808817219120837,0.70316513340656,0,0.227294330238151,1,5,269,2.03386798260647,4.62830918744514,2.03386798260647,2.03386798260647,4.62830918744514,2.03386798260647,0.449991906068273,0.527015530969881,0.449991906068273,0.462498471493839,0.520236133300643,0.462498471493839
10.1375953943304,7.80795858479782,0,1,1,1.87660427750042,-1.15741028081257,0,-0.0732885034347822,0,5,270,10.1874359083957,10.1874359083957,6.74783735026513,10.1874359083957,10.1874359083957,6.74783735026513,0.874186475484258,0.874186475484258,0.563108824845337,0.813378677144219,0.813378677144219,0.547371182630704
3.78415355633996,6.17837518369323,1,1,1,-0.61069379094462,-1.34215721680783,0,-0.0732885034347822,0,5,270,5.6746272080044,5.6746272080044,1.77324121337505,5.6746272080044,5.6746272080044,1.77324121337505,0.584857265703371,0.584857265703371,0.541539106421712,0.563829436061341,0.563829436061341,0.531135006083123
8.45238310565268,9.14565202665333,1,0,1,0.671484432566606,-0.779204438894867,1,-0.0732885034347822,0,5,270,10.044757217991,10.044757217991,4.3375976603975,10.044757217991,10.044757217991,4.3375976603975,0.746796721253922,0.746796721253922,0.596829675033985,0.692786145803859,0.692786145803859,0.572938765111114
5.87407190861926,4.3201016383542,1,0,1,-0.244730601128824,-0.803290087383016,0,-0.0732885034347822,0,5,270,5.25044255749445,5.25044255749445,2.50516759300664,5.25044255749445,5.25044255749445,2.50516759300664,0.601900503659078,0.601900503659078,0.595093487695488,0.576809287768127,0.576809287768127,0.571615300413027
0.376257951904486,1.2923878815915,1,0,0,-0.530810158108069,0.741372398599251,0,-0.0732885034347822,0,5,270,1.93300847904815,4.58264151245296,1.93300847904815,1.93300847904815,4.58264151245296,1.93300847904815,0.599445668436031,0.631001623237907,0.599445668436031,0.574934563585845,0.599189928717767,0.574934563585845
0.938715769051193,1.76089233679671,1,1,0,-0.587133949210493,-0.0414441956718355,0,-0.212594275155436,0,5,271,1.78053577575015,3.88225339710503,1.78053577575015,1.78053577575015,3.88225339710503,1.78053577575015,0.639422857139223,0.67620777570096,0.639422857139223,0.605727808860684,0.634689123449775,0.605727808860684
-0.330459560937187,1.03486719874546,1,0,0,-1.49717649403241,0.497566807338005,1,-0.212594275155436,0,5,271,-0.0395493138936922,5.30802341387084,-0.0395493138936922,-0.0395493138936922,5.30802341387084,-0.0395493138936922,0.628613130621581,0.889200375512483,0.628613130621581,0.597341048153403,0.829945213989758,0.597341048153403
-0.276946820123753,-0.101681282491728,0,0,0,-1.89145002143305,0.0612974364793568,0,-0.212594275155436,0,5,271,-0.828096368694968,1.27566100702397,-0.828096368694968,-0.828096368694968,1.27566100702397,-0.828096368694968,0.639333709588772,0.908407776925512,0.639333709588772,0.605658436954872,0.852328022666484,0.605658436954872
12.2162281408361,13.3748538701333,0,0,1,0.80949904242961,2.17071256724196,0,-0.212594275155436,0,5,271,11.3857948086126,11.3857948086126,4.57380175903036,11.3857948086126,11.3857948086126,4.57380175903036,0.498003758073971,0.498003758073971,0.421293326584588,0.498505395741461,0.498505395741461,0.440835804514538
6.07529835555244,8.32878137275341,0,0,0,2.16665452848531,0.673416148844596,0,-0.212594275155436,0,5,271,7.28811273114175,9.84160204066644,7.28811273114175,7.28811273114175,9.84160204066644,7.28811273114175,0.619463393056231,0.940157832871145,0.619463393056231,0.590279366307466,0.893243193661755,0.590279366307466
8.41687355548854,5.53279627916973,1,0,1,0.87108181068528,-1.26389363366236,0,-0.402949253354988,1,5,272,7.0133290041411,7.0133290041411,3.31590188692886,7.0133290041411,7.0133290041411,3.31590188692886,0.561401015782073,0.561401015782073,0.472171620315339,0.546082917525228,0.546082917525228,0.479154394726135
7.43561524662675,5.80086839962733,1,1,1,-0.736230973531532,0.762690000675926,1,-0.402949253354988,1,5,272,7.80955598996456,7.80955598996456,2.12785995283352,7.80955598996456,7.80955598996456,2.12785995283352,0.692190585094373,0.692190585094373,0.520085449981172,0.647514151989895,0.647514151989895,0.515041967946694
7.40992214381805,5.51547342959941,0,1,1,0.00303977704298763,0.873879700109713,0,-0.402949253354988,1,5,272,6.58125688368019,6.58125688368019,3.71759115341635,6.58125688368019,6.58125688368019,3.71759115341635,0.511504316403557,0.511504316403557,0.511503226399064,0.508614070073231,0.508614070073231,0.508613253773483
-0.00929663350177012,-0.0843864405968814,1,1,1,-1.88187732326116,-0.346516193110474,0,-0.402949253354988,1,5,272,0.947434531675639,0.947434531675639,-1.27263894041214,0.947434531675639,0.947434531675639,-1.27263894041214,0.865232508603616,0.865232508603616,0.541795368509417,0.803828155421928,0.803828155421928,0.53132751374974
4.64970980204898,4.61023977359269,1,1,1,-0.958076662410693,-0.322918103854921,1,-0.402949253354988,1,5,272,5.80283657234161,5.80283657234161,0.598560470544351,5.80283657234161,5.80283657234161,0.598560470544351,0.746600930792047,0.746600930792047,0.542536093842848,0.692619050706273,0.692619050706273,0.531884001970192
-4.93657511385067,-2.56187100710259,1,0,0,-1.73265343155328,-0.175443135887147,0,1.52532316442421,1,6,273,-2.96736075492279,-0.836580460992872,-2.96736075492279,-2.96736075492279,-0.836580460992872,-2.96736075492279,0.325770916762608,0.666551804777657,0.325770916762608,0.366887512155968,0.627016859565313,0.366887512155968
-2.0198241047363,-2.06183814199577,0,0,0,-1.71247846895804,-0.457971943219094,0,1.52532316442421,1,6,273,-3.20953963706425,-0.899801336288375,-3.20953963706425,-3.20953963706425,-0.899801336288375,-3.20953963706425,0.318346921129958,0.651512585512147,0.318346921129958,0.360959708316288,0.615169678869344,0.360959708316288
2.40347686763663,4.23187290552931,1,0,1,-0.126461408520524,-0.871794453154452,0,1.52532316442421,1,6,273,2.40869754242629,2.40869754242629,-0.451328026124579,2.40869754242629,2.40869754242629,-0.451328026124579,0.297664611852508,0.297664611852508,0.296075823228139,0.344256314476787,0.344256314476787,0.34296076714019
1.83927815485497,2.25706883723342,0,0,1,-0.910466664090746,-1.76071097035614,0,1.52532316442421,1,6,273,2.29184806666576,2.29184806666576,-2.90825505446672,2.29184806666576,2.29184806666576,-2.90825505446672,0.285560401283865,0.285560401283865,0.211912916870652,0.334337743926611,0.334337743926611,0.271004775281353
2.80634914574392,5.36458083617118,0,0,1,0.325649098554788,0.961149357822978,0,1.52532316442421,1,6,273,5.309644887047,5.309644887047,2.28583679900348,5.309644887047,5.309644887047,2.28583679900348,0.3001118642144,0.3001118642144,0.289616874579194,0.346248255486266,0.346248255486266,0.337674364668774
0.913137242535603,3.61706577070263,0,0,0,0.778286380734205,-0.486915150261129,1,1.52532316442421,1,6,273,1.7430468552782,7.08013321883202,1.7430468552782,1.7430468552782,7.08013321883202,1.7430468552782,0.317220018868979,0.498297184081799,0.317220018868979,0.360056933132421,0.498725086813182,0.360056933132421
6.85488968012726,4.3066674458117,0,0,0,2.24611056511636,0.594541168682289,0,1.8965629192475,1,6,274,4.48981139225042,6.94329059350852,4.48981139225042,4.48981139225042,6.94329059350852,4.48981139225042,0.275790642963176,0.806839154227717,0.275790642963176,0.326246600998384,0.746183769408433,0.326246600998384
-0.815792913990852,0.966374905139188,0,0,0,0.631149871836422,-0.486663057319414,0,1.8965629192475,1,6,274,0.178685779688841,2.51552671104832,0.178685779688841,0.178685779688841,2.51552671104832,0.178685779688841,0.280254928854355,0.32002667165117,0.280254928854355,0.329953729825496,0.362303896145432,0.329953729825496
2.13754813068474,0.801265173135959,0,0,0,-0.00977227913062472,0.0858735854117604,0,1.8965629192475,1,6,274,-0.530621879514079,1.57675239315739,-0.530621879514079,-0.530621879514079,1.57675239315739,-0.530621879514079,0.289159891971956,0.28916924031163,0.289159891971956,0.337299126366683,0.337306804127513,0.337299126366683
-0.503421467284452,-1.628967017692,0,0,0,-1.82013249910348,2.3466624977581,0,1.8965629192475,1,6,274,-1.89055340711346,5.71627147127084,-1.89055340711346,-1.89055340711346,5.71627147127084,-1.89055340711346,0.123679243258421,0.408188684680131,0.123679243258421,0.18431019241539,0.430884283174543,0.18431019241539
-1.64457708943463,-0.601741816799902,0,1,0,-1.04474956967672,0.909740355079389,1,1.8965629192475,1,6,274,-1.77670969093864,4.15091782272133,-1.77670969093864,-1.77670969093864,4.15091782272133,-1.77670969093864,0.258085094101577,0.483940994775711,0.258085094101577,0.31136865418418,0.487974546927541,0.31136865418418
-3.17459241513242,-0.500431040770332,0,0,0,0.210788617480646,-1.01204295312158,0,1.8965629192475,1,6,274,-1.18741662482487,1.93681431413817,-1.18741662482487,-1.18741662482487,1.93681431413817,-1.18741662482487,0.250956218255283,0.254968461081877,0.250956218255283,0.305293309176718,0.30871891929327,0.305293309176718
6.67068891639728,3.5513323524915,1,1,1,-0.132535238812197,0.332649272363736,1,-1.05734183835301,1,5,275,7.16026257001173,7.16026257001173,1.94960703160761,7.16026257001173,7.16026257001173,1.94960703160761,0.723512746963878,0.723512746963878,0.617439487286726,0.673173813420013,0.673173813420013,0.588721631189176
12.3765377027462,10.8874987024236,0,0,1,0.526002969378255,2.3293485111727,0,-1.05734183835301,1,5,275,12.7892471733,12.7892471733,5.26338268679748,12.7892471733,12.7892471733,5.26338268679748,0.402499060188178,0.402499060188178,0.371448933886441,0.426549298987258,0.426549298987258,0.402706956577848
7.59244255508537,7.31213669965463,1,0,1,0.353788271256179,0.254727697400691,1,-1.05734183835301,1,5,275,8.00921867660438,8.00921867660438,2.84433247678132,8.00921867660438,8.00921867660438,2.84433247678132,0.735365246531912,0.735365246531912,0.619484462323857,0.683093777297297,0.683093777297297,0.590295590592482
7.08097555412558,6.24527857938372,1,0,1,1.85669732275989,-0.223527176595216,0,-1.05734183835301,1,5,275,7.52186010446947,7.52186010446947,5.37189570579284,7.52186010446947,7.52186010446947,5.37189570579284,0.895275761397757,0.895275761397757,0.620150299211669,0.836868498719366,0.836868498719366,0.590808400097697
6.6178169171763,4.04456755140864,1,1,1,-1.26402249682878,-0.387299628559428,1,-1.05734183835301,1,5,275,4.21668461693355,4.21668461693355,-1.03331638534873,4.21668461693355,4.21668461693355,-1.03331638534873,0.847277103098768,0.847277103098768,0.615678351888228,0.785318427258647,0.785318427258647,0.587367356466699
9.67962167786203,5.77841510943542,1,1,1,-0.983342493056528,2.12360449836523,0,0.311719339101103,1,4,276,9.66944663135961,9.66944663135961,3.05975056588255,9.66944663135961,9.66944663135961,3.05975056588255,0.367517243407147,0.367517243407147,0.268455705979295,0.399662372244863,0.399662372244863,0.320118024125728
1.04800347313751,-0.680510520571692,0,0,0,-1.46700912147311,2.0690117241579,1,0.311719339101103,1,4,276,2.03782453484205,11.4186340495449,2.03782453484205,2.03782453484205,11.4186340495449,2.03782453484205,0.277117355044491,0.630215818761227,0.277117355044491,0.327350072009052,0.598581396345854,0.327350072009052
11.4648212200041,7.20091523058984,1,1,1,1.41896758124368,0.476219665067183,1,0.311719339101103,1,4,276,11.5437710505816,11.5437710505816,6.21698588118491,11.5437710505816,11.5437710505816,6.21698588118491,0.775459712819428,0.775459712819428,0.4526394930012,0.717701579862871,0.717701579862871,0.464489818896149
4.96144441573998,0.288633359170921,1,1,1,-1.39141060271681,0.743862748378121,0,0.311719339101103,1,4,276,3.51720438499953,3.51720438499953,0.863872596574874,3.51720438499953,3.51720438499953,0.863872596574874,0.660035946953279,0.660035946953279,0.437402318852536,0.621869319862688,0.621869319862688,0.453014441574046
-0.587479352630766,2.46573429556099,1,0,0,-1.248544492739,-0.162648501731688,0,-0.0924543210116998,0,5,277,0.494363213048259,2.62081774816382,0.494363213048259,0.494363213048259,2.62081774816382,0.494363213048259,0.625102557239131,0.777929256797971,0.625102557239131,0.594627767159789,0.719893804648307,0.594627767159789
10.1408538180453,10.7179480968987,1,0,1,1.00446975821433,-2.05243291257058,0,-0.0924543210116998,0,5,277,11.3128725755579,11.3128725755579,5.00039171495493,11.3128725755579,11.3128725755579,5.00039171495493,0.548996818818758,0.548996818818758,0.430498484873253,0.536740786884859,0.536740786884859,0.447801636355768
4.58078578235353,7.35643765215909,1,0,1,0.515264892721904,0.0718494721331649,0,-0.0924543210116998,0,5,277,6.12714433061589,6.12714433061589,4.02198198397007,6.12714433061589,6.12714433061589,4.02198198397007,0.655006328726518,0.655006328726518,0.626047216011341,0.61791138198991,0.61791138198991,0.595357401265012
9.05782760205402,9.13238648354332,1,0,1,0.175576631563381,-1.76085033804219,0,-0.0924543210116998,0,5,277,8.54319937463633,8.54319937463633,3.34260546165303,8.54319937463633,8.54319937463633,3.34260546165303,0.486199925692469,0.486199925692469,0.482565031591075,0.489666546599484,0.489666546599484,0.486943800147417
3.97949163960005,3.83210204519807,1,1,1,-0.729229022259933,-0.246032547658096,0,-0.0924543210116998,0,5,277,3.69352616851353,3.69352616851353,1.5329941540064,3.69352616851353,3.69352616851353,1.5329941540064,0.680703561507763,0.680703561507763,0.623588769397592,0.638280239284443,0.638280239284443,0.593459277900238
2.71427409768882,1.16496831377761,1,0,1,-0.28792051448639,-0.524215520122578,0,-1.3433798897844,1,5,278,2.47007583416489,2.47007583416489,0.0952739226275039,2.47007583416489,2.47007583416489,0.0952739226275039,0.650757851721156,0.650757851721156,0.641774336183379,0.6145782032673,0.6145782032673,0.607558946901336
9.71623162382972,7.50010621141648,1,0,1,1.45815822503892,0.206485527716086,1,-1.3433798897844,1,5,278,9.46076872267298,9.46076872267298,4.31813244951679,9.46076872267298,9.46076872267298,4.31813244951679,0.893796685891343,0.893796685891343,0.651831354489959,0.835170447870112,0.835170447870112,0.615419578741221
2.62696388266572,3.07966492356283,1,1,0,0.463709316914973,1.01240541206669,0,-1.3433798897844,1,5,278,3.13515451761949,6.26011923600141,3.13515451761949,3.13515451761949,6.26011923600141,3.13515451761949,0.608493118271603,0.632459089288211,0.608493118271603,0.581853363270679,0.600319278328838,0.581853363270679
-2.0178681522154,-4.5731797134971,1,0,0,-1.96426098595986,0.572023641801785,0,-1.3433798897844,1,5,278,-2.16116785839508,0.266043188385101,-2.16116785839508,-2.16116785839508,0.266043188385101,-2.16116785839508,0.639487124569306,0.919275249582207,0.639487124569306,0.605777822014677,0.865703792351272,0.605777822014677
3.40314062573593,2.41607012457808,1,1,0,1.51824493648409,-0.425512652197332,0,-1.3433798897844,1,5,278,3.8063076924937,6.08736870967371,3.8063076924937,3.8063076924937,6.08736870967371,3.8063076924937,0.645849948992595,0.846078906715143,0.645849948992595,0.610738692474224,0.784111040938754,0.610738692474224
0.62746240201585,1.43012625417411,1,0,1,-0.0797071312631251,-2.15546047618761,0,-2.57037795224426,1,5,279,0.824292308309648,0.824292308309648,-5.92171755609727,0.824292308309648,0.824292308309648,-5.92171755609727,0.584012947444371,0.584012947444371,0.583283128061223,0.563188465915635,0.563188465915635,0.562634562639365
-3.47425711001305,-1.53632073509914,1,1,0,0.462430092285724,-0.91210691784156,1,-2.57037795224426,1,5,279,-3.59408955065352,2.33784947892091,-3.59408955065352,-3.59408955065352,2.33784947892091,-3.59408955065352,0.742827357883476,0.838067720355754,0.742827357883476,0.689406102283823,0.776120432754272,0.689406102283823
-1.37361742407633,-0.172977030599753,1,1,1,-0.416416387459367,0.808565717233039,0,-2.57037795224426,1,5,279,-0.877331355984527,-0.877331355984527,-3.63110987506911,-0.877331355984527,-0.877331355984527,-3.63110987506911,0.764536836637549,0.764536836637549,0.749278323787877,0.708095821938018,0.708095821938018,0.69490744931763
-0.673322249528177,-1.10873894771924,1,1,1,-0.231255263964508,0.312537800381254,0,-2.57037795224426,1,5,279,-1.55913566826402,-1.55913566826402,-3.75681554493117,-1.55913566826402,-1.55913566826402,-3.75681554493117,0.773261412283183,0.773261412283183,0.768737774550387,0.715756629301409,0.715756629301409,0.711773123334824
-4.05904575282077,-1.67664736246576,0,0,0,-0.0126362862231438,1.81507438853941,1,-2.57037795224426,1,5,279,-1.81704100129029,6.57745403464143,-1.81704100129029,-1.81704100129029,6.57745403464143,-1.81704100129029,0.643855131551776,0.744206290234539,0.643855131551776,0.609181397155201,0.690578515420192,0.609181397155201
1.0800606428288,0.692223124518952,1,0,0,-0.518482915850002,-0.126723577125379,0,0.986550032521444,1,6,280,0.863029624506553,2.97908848950601,0.863029624506553,0.863029624506553,2.97908848950601,0.863029624506553,0.384810945004162,0.415318596047106,0.384810945004162,0.413008697348252,0.436304078548678,0.413008697348252
8.12721359519649,7.77538040398335,1,0,1,-0.229737261896284,0.402608828328568,1,0.986550032521444,1,6,280,7.23194720651604,7.23194720651604,1.96985333786794,7.23194720651604,7.23194720651604,1.96985333786794,0.500164247746218,0.500164247746218,0.378286136578567,0.500122969756682,0.500122969756682,0.40798672473397
0.916952445748329,0.273485297044818,1,0,0,-0.903630719539362,-1.35381497353205,1,0.986550032521444,1,6,280,-1.13435737927883,5.79845760328074,-1.13435737927883,-1.13435737927883,5.79845760328074,-1.13435737927883,0.307063287374937,0.511431208799644,0.307063287374937,0.351883037958251,0.508559320185243,0.351883037958251
1.09724334579192,-0.00795873569004935,0,0,0,-0.404676703538441,-1.29810011133493,0,0.986550032521444,1,6,280,-0.0807344850798764,3.70432941396788,-0.0807344850798764,-0.0807344850798764,3.70432941396788,-0.0807344850798764,0.313074201963537,0.330042764916923,0.313074201963537,0.356728678973246,0.370283472980261,0.356728678973246
5.45366873563945,5.3873703696529,0,0,1,-0.814724414544143,-0.849052804273103,1,0.986550032521444,1,6,280,5.36910806441457,5.36910806441457,-0.451782600029452,5.36910806441457,5.36910806441457,-0.451782600029452,0.545772907580059,0.545772907580059,0.353721790672315,0.534316549449428,0.534316549449428,0.388926730712294
1.22244734084165,1.38413656678126,1,1,0,-0.941210967327518,-0.46711001949721,0,0.986550032521444,1,6,280,-0.322812920820309,1.99537884949438,-0.322812920820309,-0.322812920820309,1.99537884949438,-0.322812920820309,0.375790693035346,0.477831733424876,0.375790693035346,0.406061831368184,0.483397269492026,0.406061831368184
9.04802209873849,9.26807713736631,1,1,1,-0.231608683869248,-1.38396754876832,1,0.0691402270112152,0,5,281,9.54736843731414,9.54736843731414,2.53200226127034,9.54736843731414,9.54736843731414,2.53200226127034,0.64012713110192,0.64012713110192,0.519430512516025,0.606275978263501,0.606275978263501,0.514551244610563
4.42375746979556,5.03481432150218,1,1,0,0.406430268009307,0.41541953933878,0,0.0691402270112152,0,5,281,3.80808016502745,6.0806535586919,3.80808016502745,3.80808016502745,6.0806535586919,3.80808016502745,0.600398744214819,0.618996543441781,0.600398744214819,0.575662195898958,0.589919913309056,0.575662195898958
1.9139350699565,4.22818147206111,1,0,0,-0.286094799009261,0.74035817155856,0,0.0691402270112152,0,5,281,2.42303003099031,5.07116025318385,2.42303003099031,2.42303003099031,5.07116025318385,2.42303003099031,0.583241036574881,0.592616098072284,0.583241036574881,0.562602620961688,0.569728325027714,0.562602620961688
-2.09419804720994,1.39278240834655,0,0,0,-2.08567627854982,-1.55231186839074,0,0.0691402270112152,0,5,281,-1.17613292809079,3.33353920865596,-1.17613292809079,-1.17613292809079,3.33353920865596,-1.17613292809079,0.496104274818542,0.887359215322469,0.496104274818542,0.497083217912997,0.827873336735209,0.497083217912997
1.30233228939758,1.22836453003678,1,0,0,-0.87667083274745,-0.890237911395654,1,0.0691402270112152,0,5,281,1.24187796351394,7.13440150240003,1.24187796351394,1.24187796351394,7.13440150240003,1.24187796351394,0.571968882065583,0.75582541199873,0.571968882065583,0.554063684413714,0.700535003885721,0.554063684413714
10.332437530124,12.1728765063729,1,1,1,2.04494056811424,1.06379434655939,0,-0.512026576704733,1,5,282,11.1231626793076,11.1231626793076,7.8915042675359,11.1231626793076,11.1231626793076,7.8915042675359,0.883610683988769,0.883610683988769,0.507005745558943,0.823691131650853,0.823691131650853,0.5052454007035
1.84744602355974,0.323053068514946,0,0,0,-0.575000104196895,0.215078041990224,0,-0.512026576704733,1,5,282,1.80290661834447,3.94916518249081,1.80290661834447,1.80290661834447,3.94916518249081,1.80290661834447,0.557997065796158,0.596115213817357,0.557997065796158,0.543516741883338,0.572394038112748,0.543516741883338
3.7211946065549,3.05845170489815,1,1,0,0.173503433949329,-0.128326965880653,0,-0.512026576704733,1,5,282,2.95650868676604,5.07297649693817,2.95650868676604,2.95650868676604,5.07297649693817,2.95650868676604,0.559384994515977,0.562887254865549,0.559384994515977,0.544562831544875,0.547204013789188,0.544562831544875
4.94479142540287,7.81195643330135,1,0,1,0.402086692845644,-0.287423537490829,0,-0.512026576704733,1,5,282,5.43719092285223,5.43719092285223,3.25457863294849,5.43719092285223,5.43719092285223,3.25457863294849,0.575067286102947,0.575067286102947,0.556302205465428,0.556407916523456,0.556407916523456,0.542239759055911
7.08051322858587,5.92907237985999,1,1,1,0.000762801733427709,0.296997818186117,1,-0.512026576704733,1,5,282,8.22455991040832,8.22455991040832,3.03635220640101,8.22455991040832,8.22455991040832,3.03635220640101,0.667847297993672,0.667847297993672,0.556041227778864,0.628043091774265,0.628043091774265,0.542043169316481
3.88841871675979,3.6742925958256,1,1,0,0.767170145037883,0.0784882188140923,0,0.381896734578081,0,4,283,4.38849517419436,6.49465557468697,4.38849517419436,4.38849517419436,6.49465557468697,4.38849517419436,0.572175814484679,0.638579192091147,0.572175814484679,0.554220183416648,0.605071436058655,0.554220183416648
1.79894525786105,2.30120823506104,1,0,0,-0.660479811935892,0.940745686571791,0,0.381896734578081,0,4,283,1.53319526024681,4.51819770705025,1.53319526024681,1.53319526024681,4.51819770705025,1.53319526024681,0.53113155311845,0.581945310256092,0.53113155311845,0.523322844858311,0.561619556238333,0.523322844858311
4.77387009612348,5.99815121271133,1,0,1,0.00914693118384668,-0.601368746089706,0,0.381896734578081,0,4,283,5.3340931152598,5.3340931152598,2.87244874648629,5.3340931152598,5.3340931152598,2.87244874648629,0.555666376765164,0.555666376765164,0.555656618837616,0.541760820394382,0.541760820394382,0.541753470739566
4.10682928363002,4.59184121182434,1,1,0,0.939596894468993,-0.359448923440013,1,0.381896734578081,0,4,283,4.73334867305658,9.96255220161877,4.73334867305658,4.73334867305658,9.96255220161877,4.73334867305658,0.566473541991532,0.761680876668062,0.566473541991532,0.54991091322742,0.705607620497969,0.54991091322742
0.185579635544925,-2.01420971175478,1,1,1,-2.44435391095668,1.24893056765171,0,1.31869943898517,1,5,284,1.28108209817338,1.28108209817338,-2.37874546464145,1.28108209817338,1.28108209817338,-2.37874546464145,0.872743533960256,0.872743533960256,0.284956667722983,0.811823930952769,0.811823930952769,0.33384002557292
-1.57848765128174,-2.49443046298698,1,1,0,-0.552737397067993,-0.492225196877345,1,1.31869943898517,1,5,284,-0.336668201393125,5.00561744304782,-0.336668201393125,-0.336668201393125,5.00561744304782,-0.336668201393125,0.338619379700659,0.487009125415081,0.338619379700659,0.377070267146763,0.490272607774375,0.377070267146763
3.9179761233012,1.68688305350392,1,1,1,1.3281135636283,-0.447942610186754,0,1.31869943898517,1,5,284,5.76996888871098,5.76996888871098,3.46931630669006,5.76996888871098,5.76996888871098,3.46931630669006,0.542968136337855,0.542968136337855,0.340391190792778,0.532208615797094,0.532208615797094,0.378467316978847
12.5144228312342,11.1740998683455,1,1,1,1.34070401648338,1.76788332008608,1,1.31869943898517,1,5,284,13.9357345761116,13.9357345761116,5.71032314267304,13.9357345761116,13.9357345761116,5.71032314267304,0.526957715215492,0.526957715215492,0.228078977073604,0.520192785658038,0.520192785658038,0.285426325099531
3.76691526156615,-0.514236917062488,0,1,1,0.357033897373965,-0.638512285792727,0,1.31869943898517,1,5,284,3.84428523768366,3.84428523768366,1.33658729857541,3.84428523768366,3.84428523768366,1.33658729857541,0.34516323912889,0.34516323912889,0.331622774461646,0.382221824965156,0.382221824965156,0.371536847579031
1.95958058601488,3.62255934085201,0,0,1,0.109986957541494,0.117397110941131,0,-0.844154729346916,1,5,285,4.73855590060268,4.73855590060268,2.62477381894535,4.73855590060268,4.73855590060268,2.62477381894535,0.599139416463176,0.599139416463176,0.597764471587129,0.574700811714894,0.574700811714894,0.573651708498963
3.97544413593085,2.6396712846026,1,0,1,0.0775670467562571,0.0893399866244379,0,-0.844154729346916,1,5,285,4.63985850626824,4.63985850626824,2.53187687305819,4.63985850626824,4.63985850626824,2.53187687305819,0.598712183201813,0.598712183201813,0.598028294599322,0.574374765971301,0.574374765971301,0.573852965683595
1.92110276026644,1.66835316433002,0,1,1,-1.29928340509851,-0.972614943510538,0,-0.844154729346916,1,5,285,1.76220086755368,1.76220086755368,-1.28377896078633,1.76220086755368,1.76220086755368,-1.28377896078633,0.735118719928173,0.735118719928173,0.554760417111606,0.682886143549179,0.682886143549179,0.541078518801317
10.9903428024159,8.74687606539307,1,1,1,2.08402620274366,0.942004360349893,0,-0.844154729346916,1,5,285,10.3848317736767,10.3848317736767,7.39745955875844,10.3848317736767,10.3848317736767,7.39745955875844,0.910171410123516,0.910171410123516,0.557494001398643,0.854460486862473,0.854460486862473,0.543137660638477
4.32624907645639,2.53589847874734,1,1,1,-1.19914888320849,0.933570245272436,0,-0.844154729346916,1,5,285,3.79422867463473,3.79422867463473,0.822675271776694,3.79422867463473,3.79422867463473,0.822675271776694,0.71415538678748,0.71415538678748,0.558231263137008,0.665428050296628,0.665428050296628,0.543693234564527
-1.69987695694344,0.27900056690744,1,0,0,-1.42754751696497,0.0624193810128508,0,-0.866847874192122,1,5,286,-0.544100889908496,1.55979528921753,-0.544100889908496,-0.544100889908496,1.55979528921753,-0.544100889908496,0.600791223293381,0.798933109603271,0.600791223293381,0.575961917123262,0.738872335980599,0.575961917123262
-2.43614136169041,0.593664799303896,1,1,0,-1.47194724374434,0.204217935952252,0,-0.866847874192122,1,5,286,-0.491101788527837,1.65060317683676,-0.491101788527837,-0.491101788527837,1.65060317683676,-0.491101788527837,0.599074307533555,0.807568354412068,0.599074307533555,0.574651119888574,0.746863120460518,0.574651119888574
5.7626476887697,8.29067037440375,1,1,1,0.801492574781725,-0.79589423138861,0,-0.866847874192122,1,5,286,5.78911330874111,5.78911330874111,3.05566568118344,5.78911330874111,5.78911330874111,3.05566568118344,0.644211471332748,0.644211471332748,0.57192474092663,0.609459444880625,0.609459444880625,0.554030302500819
2.42709351637293,4.78936809072248,0,0,0,-0.334772475200445,1.56486806715122,0,-0.866847874192122,1,5,286,3.14389787975893,7.69270994734854,3.14389787975893,3.14389787975893,7.69270994734854,3.14389787975893,0.486704605959475,0.499928678699273,0.486704605959475,0.49004453672891,0.499946597946138,0.49004453672891
1.23300201928315,1.68611953534458,1,1,0,-0.488543715982592,0.0253790614278673,0,-0.866847874192122,1,5,286,1.29686639247128,3.39751048923024,1.29686639247128,1.29686639247128,3.39751048923024,1.29686639247128,0.600938792322463,0.627694982867775,0.600938792322463,0.576074622125105,0.596630947198345,0.576074622125105
10.557220323929,12.2021405934603,1,1,1,-0.340240086412275,1.61311004533542,1,0.0205993347522869,1,5,287,11.6343295582807,11.6343295582807,3.93220553991864,11.6343295582807,11.6343295582807,3.93220553991864,0.506409972740736,0.506409972740736,0.377166450374035,0.504799303814724,0.504799303814724,0.407123335636254
4.4112278936072,2.29525562837656,0,1,1,-0.324910374660487,-0.445536716300153,0,0.0205993347522869,1,5,287,4.20272116735816,4.20272116735816,1.90421820178664,4.20272116735816,4.20272116735816,1.90421820178664,0.500656943037106,0.500656943037106,0.488199808377355,0.500491853495928,0.500491853495928,0.491164341931987
3.62334520984343,0.910227477881983,1,0,0,-0.0614471106360397,0.0616006282849233,1,0.0205993347522869,1,5,287,2.93828207442061,8.04207671182571,2.93828207442061,2.93828207442061,8.04207671182571,2.93828207442061,0.497389707513953,0.613920523058992,0.497389707513953,0.498045648082333,0.58601673105625,0.498045648082333
1.65300294143822,-0.13665944956152,1,1,0,-0.538591469023559,0.0885681704081531,0,0.0205993347522869,1,5,287,2.0109608997688,4.11880522057825,2.0109608997688,2.0109608997688,4.11880522057825,2.0109608997688,0.497198531811613,0.531395105787527,0.497198531811613,0.497902511795047,0.523520539613486,0.497902511795047
1.09396600594651,1.6879336607363,0,0,0,-0.869373375404693,0.76991554237867,0,0.0205993347522869,1,5,287,2.03074445897705,4.72351440137329,2.03074445897705,2.03074445897705,4.72351440137329,2.03074445897705,0.469620485897287,0.558530569671696,0.469620485897287,0.477241229698366,0.54391880759208,0.477241229698366
-0.120745194803712,-1.0821323507637,1,1,0,-0.751414820045635,-0.633287711503355,0,-1.14298592388954,0,4,288,0.190753537699111,2.69180686324027,0.190753537699111,0.190753537699111,2.69180686324027,0.190753537699111,0.71890459508523,0.770087570839274,0.71890459508523,0.669350219854786,0.712959139439093,0.669350219854786
5.06828858246434,4.04577400811982,1,0,1,1.11874172308585,-0.415349401823886,0,-1.14298592388954,0,4,288,6.20358174955754,6.20358174955754,3.93106662396208,6.20358174955754,6.20358174955754,3.93106662396208,0.829645138338051,0.829645138338051,0.727627431188745,0.767865426825588,0.767865426825588,0.676603367635461
-2.29938370937441,-4.45908088863285,0,1,0,-2.05215187465275,0.747414604659912,0,-1.14298592388954,0,4,288,-2.41072057151512,0.247908019743815,-2.41072057151512,-2.41072057151512,0.247908019743815,-2.41072057151512,0.712796269719219,0.950460838618163,0.712796269719219,0.664308972992407,0.907950506337524,0.664308972992407
0.36401769817877,-1.53954472143863,1,0,0,-0.683914916673203,-1.81858921799029,0,-1.14298592388954,0,4,288,0.325753344443974,5.7330200882345,0.325753344443974,0.325753344443974,5.7330200882345,0.325753344443974,0.595651815253111,0.647676352966748,0.595651815253111,0.572040808305761,0.61216615734464,0.572040808305761
6.83281211272822,9.2141182575762,1,0,1,0.877088319471338,0.250868414602479,0,0.265122935724291,1,5,289,7.09768984394325,7.09768984394325,4.93475488249809,7.09768984394325,7.09768984394325,4.93475488249809,0.556302827988098,0.556302827988098,0.465789485264533,0.542240228004295,0.542240228004295,0.474367169390116
7.22712686148729,11.7290137116876,0,1,1,1.81191105115182,-0.893663311097532,0,0.265122935724291,1,5,289,8.55850273376085,8.55850273376085,5.65986862015905,8.55850273376085,8.55850273376085,5.65986862015905,0.782674036405483,0.782674036405483,0.431421042606523,0.724127942164442,0.724127942164442,0.448498766054991
7.44373654552302,11.7290407535571,1,0,1,1.85842982330094,-0.058255779556255,0,0.265122935724291,1,5,289,8.69170743185027,8.69170743185027,6.58831369599856,8.69170743185027,8.69170743185027,6.58831369599856,0.820008537485309,0.820008537485309,0.468588827630026,0.758590497568845,0.758590497568845,0.476467401562015
5.79378477488231,7.90631991052335,0,0,0,1.41449485172637,0.484102289646508,0,0.265122935724291,1,5,289,6.24280182205219,8.57715684889318,6.24280182205219,6.24280182205219,8.57715684889318,6.24280182205219,0.457742165887821,0.685016828846363,0.457742165887821,0.468325048565822,0.641737424150015,0.468325048565822
5.04722838364804,6.94485189610371,0,0,0,-0.386909471933575,2.38939882059704,0,0.265122935724291,1,5,289,4.54528970568283,12.3545164295534,4.54528970568283,4.54528970568283,12.3545164295534,4.54528970568283,0.229774649853102,0.242702247708663,0.229774649853102,0.286919672083542,0.29819308222862,0.286919672083542
3.10944731095364,3.4915019090406,1,0,0,-0.0882330582457463,-0.651660001586912,1,0.808821120795819,1,4,290,1.51768227647619,7.04234303414444,1.51768227647619,1.51768227647619,7.04234303414444,1.51768227647619,0.386413053454616,0.503434358007001,0.386413053454616,0.414239441785425,0.502571338257457,0.414239441785425
6.82331457213048,6.13084691028823,0,0,1,0.839166738434707,-0.444389261014922,0,0.808821120795819,1,4,290,5.87723442571448,5.87723442571448,3.57975261040909,5.87723442571448,5.87723442571448,3.57975261040909,0.47834249753852,0.47834249753852,0.396656054444852,0.483780034535266,0.483780034535266,0.422087499386267
8.87381504783762,9.86001423810212,0,1,1,0.340973788956576,0.884960803525577,1,0.808821120795819,1,4,290,9.79587239976996,9.79587239976996,3.91271677599332,9.79587239976996,9.79587239976996,3.91271677599332,0.499313086724677,0.499313086724677,0.370445508897509,0.499485700779575,0.499485700779575,0.401930540651116
-1.00371690949073,-1.14779928957254,1,1,0,-1.14304186216901,-1.00367971746978,0,0.808821120795819,1,4,290,-0.943955047253202,2.16341792800702,-0.943955047253202,-0.943955047253202,2.16341792800702,-0.943955047253202,0.360592105791677,0.511183711220562,0.360592105791677,0.394283832123458,0.50837397188971,0.394283832123458
-0.583000514428599,-1.01023634648116,1,1,1,-1.16356092616977,-0.636739705758666,0,-1.63534685716394,1,5,291,-0.132783448444527,-0.132783448444527,-2.63822090133416,-0.132783448444527,-0.132783448444527,-2.63822090133416,0.792991634106401,0.792991634106401,0.667471044474452,0.733440480228962,0.733440480228962,0.627744943181875
9.19867561135945,7.63225369967353,0,1,1,1.14501200065575,0.307939832905329,1,-1.63534685716394,1,5,291,8.11843143167063,8.11843143167063,2.92360449098087,8.11843143167063,8.11843143167063,2.92360449098087,0.865915224832848,0.865915224832848,0.680434975086899,0.804548383165237,0.804548383165237,0.638065349263142
1.0318103833071,3.30873432310726,1,1,1,0.312081151381762,0.191041853529047,0,-1.63534685716394,1,5,291,3.27734180285642,3.27734180285642,1.14084481305661,3.27734180285642,3.27734180285642,1.14084481305661,0.69278154587299,0.69278154587299,0.682840741529948,0.647991566367158,0.647991566367158,0.639991762723781
4.09721214884981,3.98452343239702,1,1,1,-2.00682046080012,0.83493369712619,1,-1.63534685716394,1,5,291,2.9440477108868,2.9440477108868,-2.85306656771,2.9440477108868,2.9440477108868,-2.85306656771,0.956024536078962,0.956024536078962,0.655072118443086,0.91627790268914,0.91627790268914,0.617963069313769
6.96382822661507,5.12554771044546,1,1,1,-0.723972116990599,1.02368651673641,1,-1.63534685716394,1,5,291,6.04931702406718,6.04931702406718,-0.0986170604807493,6.04931702406718,6.04931702406718,-0.0986170604807493,0.786071568247165,0.786071568247165,0.639888821535305,0.727178240895707,0.727178240895707,0.606090465912792
3.72551799871909,4.63425318838799,1,0,1,-0.670156247526788,-0.108582189732796,0,-0.699208524837774,1,5,292,3.17400284593498,3.17400284593498,1.06221275400781,3.17400284593498,3.17400284593498,1.06221275400781,0.631928361166392,0.631928361166392,0.581273171949984,0.599907929463718,0.599907929463718,0.561109768417682
4.09765864651557,5.66924969545972,1,0,1,-0.245830129662674,0.0812835419417651,0,-0.699208524837774,1,5,292,4.2073377356012,4.2073377356012,2.1007307214106,4.2073377356012,4.2073377356012,2.1007307214106,0.588447551923658,0.588447551923658,0.581511679619335,0.566557070341306,0.566557070341306,0.561290653589092
-0.168853083327409,0.359990066475015,1,0,0,-0.896693061471297,-0.786188342331109,1,-0.699208524837774,1,5,292,-0.0684670264795181,5.64962508313782,-0.0684670264795181,-0.0684670264795181,5.64962508313782,-0.0684670264795181,0.553150813345278,0.744505422482531,0.553150813345278,0.539866607277514,0.690833097951594,0.539866607277514
4.93133954871423,4.34148647767419,1,0,0,-0.396696717358877,1.79396325925503,1,-0.699208524837774,1,5,292,3.51167726333146,11.8299814388884,3.51167726333146,3.51167726333146,11.8299814388884,3.51167726333146,0.431011175497127,0.566802273926879,0.431011175497127,0.448189071839631,0.550159161164727,0.448189071839631
6.74374970656154,6.72179757928289,1,1,1,-0.545602454085503,0.121880044478449,1,-0.699208524837774,1,5,292,6.65663732034369,6.65663732034369,1.54178257510163,6.65663732034369,6.65663732034369,1.54178257510163,0.719711364518578,0.719711364518578,0.581132129952196,0.670018341551359,0.670018341551359,0.561002808087569
4.45062649981117,7.2177142938875,1,0,1,-0.0396984893796229,0.415154590698335,0,-0.0520826779013194,1,4,293,5.60539834077962,5.60539834077962,3.33304500660172,5.60539834077962,5.60539834077962,3.33304500660172,0.498196315656657,0.498196315656657,0.498010318736558,0.498649565636479,0.498649565636479,0.498510307782188
5.49390590319386,5.61172284391969,1,0,1,0.590589265608582,-0.697220472756141,0,-0.0520826779013194,1,4,293,6.06736184075395,6.06736184075395,3.48124545312365,6.06736184075395,6.06736184075395,3.48124545312365,0.524345200948615,0.524345200948615,0.483203923653006,0.518234303295567,0.518234303295567,0.48742241148586
6.81508154962508,6.58623544666017,0,0,1,0.406696606280393,-0.609132792529969,0,-0.0520826779013194,1,4,293,5.6725905736288,5.6725905736288,3.20154781469344,5.6725905736288,5.6725905736288,3.20154781469344,0.5081508401822,0.5081508401822,0.488632267922941,0.506102833967308,0.506102833967308,0.49148821021657
-0.0574635467333554,2.08876456043403,1,0,0,-0.736101959001153,0.305335659012357,1,-0.0520826779013194,1,4,293,1.83041913567268,7.02364900033719,1.83041913567268,1.83041913567268,7.02364900033719,1.83041913567268,0.501745632697984,0.676208121495331,0.501745632697984,0.501306963695407,0.634689399186927,0.501306963695407
3.53306050165341,1.38586181517815,1,0,0,0.367729255568156,1.17331160361901,1,-1.32555926468245,0,6,294,1.97835114695083,8.45501126613784,1.97835114695083,1.97835114695083,8.45501126613784,1.97835114695083,0.698496809760719,0.799468418555422,0.698496809760719,0.652621205256332,0.739364322740061,0.652621205256332
-1.88688040721434,-1.359373937937,1,0,0,-1.19588081962784,0.261980772544466,0,-1.32555926468245,0,6,294,-1.14886900344117,1.01976492174182,-1.14886900344117,-1.14886900344117,1.01976492174182,-1.14886900344117,0.748310898555362,0.855436013985868,0.748310898555362,0.694079727996338,0.793629486864575,0.694079727996338
2.33056801647949,1.65258497038202,1,1,0,0.423288954365914,0.68080513412159,0,-1.32555926468245,0,6,294,2.08947054454634,4.65296617519266,2.08947054454634,2.08947054454634,4.65296617519266,2.08947054454634,0.733839934426098,0.750217136784071,0.733839934426098,0.681810014335411,0.695711620001702,0.681810014335411
3.478396125412,7.70958148058999,1,0,1,0.515912011451738,-1.61139532713844,0,-1.32555926468245,0,6,294,6.97131155904161,6.97131155904161,2.27471665871799,6.97131155904161,6.97131155904161,2.27471665871799,0.675838806530711,0.675838806530711,0.647579247752152,0.634394947723091,0.634394947723091,0.612090222698971
9.95183511128872,9.92098571676003,1,1,1,2.2065020296858,-1.35680041706966,0,-1.32555926468245,0,6,294,9.59680406694652,9.59680406694652,5.65589669518611,9.59680406694652,9.59680406694652,5.65589669518611,0.957537656682657,0.957537656682657,0.679585231188402,0.918595422879779,0.918595422879779,0.637385783759215
3.68837120411938,4.55906575860049,1,1,1,0.394348663298456,0.28138749626721,0,-1.32555926468245,0,6,294,4.21076888546696,4.21076888546696,2.03158996241143,4.21076888546696,4.21076888546696,2.03158996241143,0.761692551511968,0.761692551511968,0.747931041887006,0.705617772932562,0.705617772932562,0.693754990049986
12.3956352735647,10.933993360912,0,0,1,0.00981511818213435,-1.67941676186005,1,0.104962690733791,1,6,295,9.24963696807463,9.24963696807463,1.32919630805815,9.24963696807463,9.24963696807463,1.32919630805815,0.472522181618614,0.472522181618614,0.358260553389612,0.479417248204966,0.479417248204966,0.392468237544294
10.6635252771248,11.3479895193146,0,1,1,1.39599226496031,-1.5427525276288,1,0.104962690733791,1,6,295,11.7183001973508,11.7183001973508,4.23821483584574,11.7183001973508,11.7183001973508,4.23821483584574,0.710084323230698,0.710084323230698,0.377661752877893,0.662080367721647,0.662080367721647,0.407505321988919
7.06625614397105,8.00623046413161,0,1,1,0.556423876186982,0.317635851110142,0,0.104962690733791,1,6,295,6.62035897094849,6.62035897094849,4.41946643703803,6.62035897094849,6.62035897094849,4.41946643703803,0.519380368807696,0.519380368807696,0.482855453010541,0.51451367456155,0.51451367456155,0.487161365191075
13.0793402855575,11.4547344904729,1,1,1,2.08129944332648,1.21545684261754,0,0.104962690733791,1,6,295,11.9443738990902,11.9443738990902,8.36703856282442,11.9443738990902,11.9443738990902,8.36703856282442,0.849816531057989,0.849816531057989,0.41856527611424,0.787888271612018,0.787888271612018,0.43876770454008
5.43937546363555,7.8978968642268,1,0,0,0.618662759666556,1.39658865658435,0,0.104962690733791,1,6,295,5.62289700947139,9.67335688517147,5.62289700947139,5.62289700947139,9.67335688517147,5.62289700947139,0.396958056033935,0.440968593008177,0.396958056033935,0.422318369629588,0.455703693989955,0.422318369629588
1.07215441510509,1.82594125408284,0,0,0,-0.232264637554789,-0.897035781174694,0,0.104962690733791,1,6,295,1.62741777726965,4.53209096997734,1.62741777726965,1.62741777726965,4.53209096997734,1.62741777726965,0.449786039020518,0.456099174528492,0.449786039020518,0.462343589221402,0.467090524426217,0.462343589221402
4.91794685144807,5.78275132216426,1,1,1,0.841211197731301,0.465500542304609,0,0.944031569100752,1,4,296,6.57341808919427,6.57341808919427,4.25672733430838,6.57341808919427,6.57341808919427,4.25672733430838,0.461940602280124,0.461940602280124,0.380591373825701,0.471478229729488,0.471478229729488,0.409762798865851
2.36308626733262,2.09271632031254,0,1,0,0.898323178404755,0.630016960584051,0,0.944031569100752,1,4,296,4.53546771393473,7.0323890845583,4.53546771393473,4.53546771393473,7.0323890845583,4.53546771393473,0.372577884176598,0.465141119067421,0.372577884176598,0.403580017387851,0.473880618401079,0.403580017387851
10.6370038645958,10.0273153859812,0,1,1,-0.385733134646328,1.58773727819502,1,0.944031569100752,1,4,296,10.5459850700137,10.5459850700137,2.92507540544354,10.5459850700137,10.5459850700137,2.92507540544354,0.406225953524224,0.406225953524224,0.284009664620671,0.429389899349331,0.429389899349331,0.333058721836999
4.49138933680158,2.57863223065976,0,0,1,0.116335267839975,-0.62001479195725,0,0.944031569100752,1,4,296,4.20587848250966,4.20587848250966,1.72146014026387,4.20587848250966,4.20587848250966,1.72146014026387,0.374631992393873,0.374631992393873,0.373131702411935,0.405167233107847,0.405167233107847,0.404008119462205
0.619626670658836,0.692874788257233,1,1,1,-1.4858566524373,-0.250070422466128,0,0.241647691495498,1,4,297,1.88235788204655,1.88235788204655,-0.280177334145839,1.88235788204655,1.88235788204655,-0.280177334145839,0.714895544527715,0.714895544527715,0.468567505033295,0.666038108092765,0.666038108092765,0.47645140686069
12.9343225745846,11.7723736724595,1,1,1,1.48168439037141,0.968158166313603,1,0.241647691495498,1,4,297,12.910463575251,12.910463575251,6.87313334025132,12.910463575251,12.910463575251,6.87313334025132,0.772758910203801,0.772758910203801,0.427715381089055,0.715312886844956,0.715312886844956,0.44569751932978
-3.23626932179626,-3.19469398830076,0,1,0,-2.47845382971871,-0.993503785390104,1,0.241647691495498,1,4,297,-3.00880505163264,3.07824471995183,-3.00880505163264,-3.00880505163264,3.07824471995183,-3.00880505163264,0.425416425152897,0.958500678966728,0.425416425152897,0.443958187689106,0.920082890491338,0.443958187689106
9.51222547257196,5.44193372004559,1,1,1,1.32909224568756,-0.192075995351394,0,0.241647691495498,1,4,297,7.54460807720886,7.54460807720886,5.40771488921863,7.54460807720886,7.54460807720886,5.40771488921863,0.671348724324526,0.671348724324526,0.469773653976336,0.630821538115511,0.630821538115511,0.477356110247628
8.93429090523552,10.6219368781728,0,1,1,0.944739303848983,-0.0402226325951933,1,-0.653510753658792,1,6,298,9.52379753012798,9.52379753012798,4.42217966995509,9.52379753012798,9.52379753012798,4.42217966995509,0.76993547172653,0.76993547172653,0.576476596527642,0.712825385443587,0.712825385443587,0.557474892784664
12.4231065760948,10.6673626712784,1,1,1,0.755817962133311,1.23637450971037,1,-0.653510753658792,1,6,298,11.9495560570909,11.9495560570909,5.32093412882931,11.9495560570909,11.9495560570909,5.32093412882931,0.682076124425624,0.682076124425624,0.504964097414999,0.639379101740874,0.639379101740874,0.503716701580803
1.23195096589527,1.56407250781748,0,1,1,-1.10729522752903,-1.48237654226581,0,-0.653510753658792,1,6,298,3.17339691058838,3.17339691058838,-1.12404330247155,3.17339691058838,3.17339691058838,-1.12404330247155,0.6160474168872,0.6160474168872,0.473413980744433,0.587651066843953,0.587651066843953,0.480085882166966
6.89172644610806,6.10766038939425,0,1,1,1.1668044365362,0.20935027110676,0,-0.653510753658792,1,6,298,7.25971037504395,7.25971037504395,5.11588283903148,7.25971037504395,7.25971037504395,5.11588283903148,0.72033241391077,0.72033241391077,0.574527225445024,0.67053303077378,0.67053303077378,0.555999159074748
1.10227475760913,3.08874184621369,0,1,0,0.226702532548893,0.290013506944987,0,-0.653510753658792,1,6,298,3.31634226689509,5.50045010110562,3.31634226689509,3.31634226689509,5.50045010110562,3.31634226689509,0.572664897122852,0.578598209589387,0.572664897122852,0.554590103580879,0.559081999973365,0.554590103580879
4.20067620758042,5.53152541792224,1,1,1,0.130692214845978,0.390652481612749,0,-0.653510753658792,1,6,298,5.47756996754722,5.47756996754722,3.22496060615702,5.47756996754722,5.47756996754722,3.22496060615702,0.571471001002522,0.571471001002522,0.569493297276875,0.553687183844848,0.553687183844848,0.552192146177056
0.921494991774571,-0.116215723159783,1,1,0,-1.00182936150699,0.702859869146045,0,-1.28048844106407,1,6,299,0.0595504984333756,2.65356249408937,0.0595504984333756,0.0595504984333756,2.65356249408937,0.0595504984333756,0.625214756225474,0.728813673608927,0.625214756225474,0.594714408880957,0.677594857102066,0.594714408880957
-0.719104480370127,1.82849994321464,0,1,0,-0.885541814352934,0.227197595381843,0,-1.28048844106407,1,6,299,-0.183536681022712,1.96808206632458,-0.183536681022712,-0.183536681022712,1.96808206632458,-0.183536681022712,0.644643947851641,0.724787123951727,0.644643947851641,0.609796980548235,0.674234418932144,0.609796980548235
6.86232675879043,9.4809782868004,1,0,1,-0.0943919296541004,0.253306908909977,1,-1.28048844106407,1,6,299,6.58903679200462,6.58903679200462,1.42487240190309,6.58903679200462,6.58903679200462,1.42487240190309,0.745204763821833,0.745204763821833,0.644098857479092,0.691428637096299,0.691428637096299,0.609371567246016
3.3540829265862,4.21022471170441,1,1,1,0.460236361146294,-0.360752244497167,0,-1.28048844106407,1,6,299,4.15021201200648,4.15021201200648,1.92006983009673,4.15021201200648,4.15021201200648,1.92006983009673,0.663993771417782,0.663993771417782,0.641226368165801,0.624993245657678,0.624993245657678,0.607132011436118
0.118027667125453,0.678157338011374,1,1,0,0.391316423720893,-0.338123947489394,0,-1.28048844106407,1,6,299,1.8048582522537,4.01918605611951,1.8048582522537,1.8048582522537,4.01918605611951,1.8048582522537,0.641915772795736,0.658428166421723,0.641915772795736,0.607669165847713,0.62060268181476,0.607669165847713
1.63746143519279,2.025236624048,1,1,0,0.0573662899154062,0.460364114941261,1,-1.28048844106407,1,6,299,1.93544604707339,7.24738116539904,1.93544604707339,1.93544604707339,7.24738116539904,1.93544604707339,0.637651876550195,0.73929029524743,0.637651876550195,0.604350346597629,0.686407346096161,0.604350346597629
4.89770495698499,4.46960854448333,0,0,1,-0.101113654490531,0.425149033066185,0,0.951453790129854,1,4,300,4.59840910964977,4.59840910964977,2.31765740933266,4.59840910964977,4.59840910964977,2.31765740933266,0.382510110951395,0.382510110951395,0.381367653733842,0.411239587412175,0.411239587412175,0.410360438995885
0.86858962278023,1.73910158880984,0,0,1,-1.52238849330897,-1.41250881634842,0,0.951453790129854,1,4,300,1.7326310385432,1.7326310385432,-2.36255011771883,1.7326310385432,1.7326310385432,-2.36255011771883,0.566672951247518,0.566672951247518,0.30405082998692,0.550061498245223,0.550061498245223,0.349445327521074
0.387980516463455,0.508235450816259,0,0,0,-0.00468244061835466,-2.41551435170358,1,0.951453790129854,1,4,300,-0.330143547692756,10.6045660355932,-0.330143547692756,-0.330143547692756,10.6045660355932,-0.330143547692756,0.173116407372003,0.252842046867976,0.173116407372003,0.234810414582182,0.306905459499398,0.234810414582182
0.54297360725891,2.38510764671637,1,0,0,-0.141745095258016,-0.238414852910625,0,0.951453790129854,1,4,300,1.57283064182088,3.72967228390927,1.57283064182088,1.57283064182088,3.72967228390927,1.57283064182088,0.386917555364952,0.389175398152963,0.386917555364952,0.41462681475798,0.41635937912981,0.41462681475798
13.0339296198349,15.3540593610513,0,0,1,0.659701677498011,2.05324216237464,1,-1.23405719734501,1,4,301,14.1655517284045,14.1655517284045,4.84974835105165,14.1655517284045,14.1655517284045,4.84974835105165,0.614064502711934,0.614064502711934,0.446815049261743,0.586127316522483,0.586127316522483,0.460107687166649
4.20719417520535,4.87036873547572,1,1,1,0.347870807553747,0.189809258991798,0,-1.23405719734501,1,4,301,4.49868126257929,4.49868126257929,2.36265370778028,4.49868126257929,4.49868126257929,2.36265370778028,0.653372563531004,0.653372563531004,0.640267977881175,0.616628527426658,0.616628527426658,0.606385632580771
1.93473472792011,0.781819768418826,1,0,0,-1.02926316691642,1.35394836949183,0,-1.23405719734501,1,4,301,0.772524869339982,4.70570105658958,0.772524869339982,0.772524869339982,4.70570105658958,0.772524869339982,0.558843180592354,0.676575381276197,0.558843180592354,0.544154423900825,0.634982293657856,0.544154423900825
1.89249691664218,3.38753407441984,1,0,1,-0.882019536236204,0.117041950600972,0,-1.23405719734501,1,4,301,1.94380453001003,1.94380453001003,-0.169894288190452,1.94380453001003,1.94380453001003,-0.169894288190452,0.72120768149368,0.72120768149368,0.641242297195917,0.671258951485534,0.671258951485534,0.60714442021465
2.88389485513215,6.2657293690569,1,1,0,-0.118076428213316,0.277945379556972,0,-0.497026001813467,0,5,302,2.51681229709469,4.69406593111176,2.51681229709469,2.51681229709469,4.69406593111176,2.51681229709469,0.666728163217074,0.668197068723416,0.666728163217074,0.627156507499282,0.628320326751822,0.627156507499282
3.4024953632703,6.11844316470023,1,0,0,-0.348765701658433,-0.712970206130515,0,-0.497026001813467,0,5,302,2.05543375020445,4.66376026503424,2.05543375020445,2.05543375020445,4.66376026503424,2.05543375020445,0.648311855191315,0.661350785532513,0.648311855191315,0.612663221077004,0.622906191745785,0.612663221077004
4.88438375133361,8.41566366479218,1,0,1,0.0656404197483595,-1.23267921880285,0,-0.497026001813467,0,5,302,6.50374404948644,6.50374404948644,2.88424599301804,6.50374404948644,6.50374404948644,2.88424599301804,0.603991544382049,0.603991544382049,0.603503907337763,0.578407658509848,0.578407658509848,0.578034790772598
2.75121522414103,5.50868660434417,1,1,0,-0.468748988533644,1.5001737972269,0,-0.497026001813467,0,5,302,1.81546717645403,6.16598859834021,1.81546717645403,1.81546717645403,6.16598859834021,1.81546717645403,0.569997225144438,0.595248969350295,0.569997225144438,0.552573011421579,0.57173378576297,0.552573011421579
-2.32481518918687,1.39820417268066,1,0,0,-2.03953180770736,-0.274474382078107,0,-0.497026001813467,0,5,302,-1.3260984618934,0.849237724523757,-1.3260984618934,-1.3260984618934,0.849237724523757,-1.3260984618934,0.666809051401757,0.937355560766366,0.666809051401757,0.627220563945839,0.889384660869907,0.627220563945839
1.14075001106623,0.950162024754751,1,1,0,-1.38351072853262,0.301416548915643,0,-1.09397942214457,1,5,303,-0.662395884225371,1.52845605173485,-0.662395884225371,-0.662395884225371,1.52845605173485,-0.662395884225371,0.622409673743366,0.804177076591558,0.622409673743366,0.592549750707148,0.74371093577968,0.592549750707148
8.20898720066638,10.2149533625774,1,1,1,1.84801888722517,0.259543612257007,0,-1.09397942214457,1,5,303,7.926153297295,7.926153297295,5.75879041063159,7.926153297295,7.926153297295,5.75879041063159,0.895162556854084,0.895162556854084,0.623454587148417,0.836738242095327,0.836738242095327,0.59335574583786
0.845144306162571,3.18007508426107,0,1,0,0.477950197889006,-1.23975182745576,0,-1.09397942214457,1,5,303,1.51935759224648,5.15634218592637,1.51935759224648,1.51935759224648,5.15634218592637,1.51935759224648,0.556325982216736,0.582782992749139,0.556325982216736,0.542257670206536,0.562255056797345,0.542257670206536
3.05985146545541,4.68316137060084,1,1,0,0.234416976090233,0.487183057700814,0,-1.09397942214457,1,5,303,2.75922603380551,5.09657336551622,2.75922603380551,2.75922603380551,5.09657336551622,2.75922603380551,0.615868619535358,0.622003805308469,0.615868619535358,0.587513614323233,0.592236796330388,0.587513614323233
2.8218296429818,5.08962489296849,1,1,0,0.0179039755633995,1.22696527040409,0,-1.09397942214457,1,5,303,3.06598224545511,6.67142602023289,3.06598224545511,3.06598224545511,6.67142602023289,3.06598224545511,0.557796515913819,0.5578338663841,0.557796515913819,0.543365613557624,0.543393759225826,0.543365613557624
8.71586412552787,5.07850286320611,1,1,1,0.0764770382515163,-0.22537890683897,1,1.03900665269216,1,5,304,6.99883599697342,6.99883599697342,1.84804034532549,6.99883599697342,6.99883599697342,1.84804034532549,0.493688947157217,0.493688947157217,0.377402720791822,0.495274756972233,0.495274756972233,0.407305563414933
4.68961151053238,4.69507763448259,0,1,1,-1.01680686700695,0.19299249699591,1,1.03900665269216,1,5,304,5.21709004254016,5.21709004254016,0.0798439386434462,5.21709004254016,5.21709004254016,0.0798439386434462,0.613733458249641,0.613733458249641,0.378005856463807,0.585873064353124,0.585873064353124,0.407770645810678
5.01289440789907,4.05273943381929,1,1,0,1.80552270403788,-0.315349619756017,0,1.03900665269216,1,5,304,5.21616096398117,7.41560634666143,5.21616096398117,5.21616096398117,7.41560634666143,5.21616096398117,0.375240152788667,0.737641746999218,0.375240152788667,0.405636841041484,0.685013836685306,0.405636841041484
2.96336634937309,1.7187141443518,0,1,0,0.106807896108846,-0.400853807356105,0,1.03900665269216,1,5,304,1.73322716052302,3.9939109353949,1.73322716052302,1.73322716052302,3.9939109353949,1.73322716052302,0.372524742242816,0.373788414196644,0.372524742242816,0.40353893216928,0.404515600052706,0.40353893216928
4.79775022521402,5.63217311046145,0,1,1,-0.408085689248795,-0.39821547236827,1,1.03900665269216,1,5,304,5.96465388722906,5.96465388722906,0.706078324795572,5.96465388722906,5.96465388722906,0.706078324795572,0.507564330864769,0.507564330864769,0.37261809745868,0.505663659181342,0.505663659181342,0.403611106424693
6.87684981420861,5.5464517023083,1,1,1,1.77006300447632,-0.560437263686403,0,-1.29029539837414,1,5,305,6.72891645672908,6.72891645672908,4.31482653020077,6.72891645672908,6.72891645672908,4.31482653020077,0.886418055968471,0.886418055968471,0.6342454834388,0.826818794393847,0.826818794393847,0.601704721367572
15.013819773739,16.1760533220393,1,1,1,3.13693699346183,1.45744521422111,1,-1.29029539837414,1,5,305,16.2906035385353,16.2906035385353,9.0664569860793,16.2906035385353,16.2906035385353,9.0664569860793,0.995996768903025,0.995996768903025,0.551827085374744,0.989848275290766,0.989848275290766,0.538870240783486
-1.02831520365432,0.805945212216718,0,1,0,-0.0852722033260031,-0.777648289826685,0,-1.29029539837414,1,5,305,0.386945088455839,3.09168195112621,0.386945088455839,0.386945088455839,3.09168195112621,0.386945088455839,0.621381231127664,0.622190819748592,0.621381231127664,0.591756867644785,0.592380990398977,0.591756867644785
4.55142927983324,2.25932222300401,1,1,1,0.0172019062279867,0.619390184991889,0,-1.29029539837414,1,5,305,4.47257598364668,4.47257598364668,1.98893178238239,4.47257598364668,4.47257598364668,1.98893178238239,0.631215434931258,0.631215434931258,0.631182807357302,0.599355550107052,0.599355550107052,0.599330275128401
1.04198359731865,0.138735177990334,0,1,0,0.400792702115835,0.363192018884812,0,-1.29029539837414,1,5,305,2.49991520805101,4.73182365063264,2.49991520805101,2.49991520805101,4.73182365063264,2.49991520805101,0.642217993917591,0.659524264795417,0.642217993917591,0.607904711781922,0.621466059627522,0.607904711781922
7.47753743158291,5.11894693471475,1,0,1,0.3860841358952,-1.02175191335707,0,-0.0197701752772395,1,5,306,5.89400247105167,5.89400247105167,2.75002549860284,5.89400247105167,5.89400247105167,2.75002549860284,0.470672923452373,0.470672923452373,0.453179306059542,0.478030547714474,0.478030547714474,0.46489571171671
1.68552423124871,2.43434470563505,0,0,0,-0.90334783287415,0.245941874943298,0,-0.0197701752772395,1,5,306,1.43885534936451,3.59934275521513,1.43885534936451,1.43885534936451,3.59934275521513,1.43885534936451,0.499477781589549,0.594687073446749,0.499477781589549,0.499609008794889,0.571305623742954,0.499609008794889
11.6777893122257,12.08254996269,1,0,1,1.07145850396848,0.522537549146124,1,-0.0197701752772395,1,5,306,11.0381091875202,11.0381091875202,5.6650636972526,11.0381091875202,11.0381091875202,5.6650636972526,0.726168964629596,0.726168964629596,0.489444644590501,0.675386054820804,0.675386054820804,0.492096581484806
8.30325201047983,8.25371375734918,1,1,1,0.267176267438742,0.107989833979905,1,-0.0197701752772395,1,5,306,8.75361331326991,8.75361331326991,3.6419515090269,8.75361331326991,8.75361331326991,3.6419515090269,0.625614670971797,0.625614670971797,0.501782776390131,0.5950232691852,0.5950232691852,0.501334773543113
1.05793634355646,1.62516454182853,0,0,1,-1.45862261018829,-0.385048340384916,0,-0.0197701752772395,1,5,306,1.94557780384118,1.94557780384118,-0.302684420591994,1.94557780384118,1.94557780384118,-0.302684420591994,0.728955020823483,0.728955020823483,0.495334159101256,0.677713082108517,0.677713082108517,0.496506607793632
4.10650241475959,2.21110321411698,1,1,0,0.475957283460026,0.165717109817624,1,-0.425274551943241,1,5,307,3.93677323220715,9.06423539269346,3.93677323220715,3.93677323220715,9.06423539269346,3.93677323220715,0.548747510245858,0.684903430125602,0.548747510245858,0.53655326630826,0.641646380422108,0.53655326630826
4.95548536079394,0.0330904404560223,0,0,0,0.97112038583105,-1.9512861884184,0,-0.425274551943241,1,5,307,2.81009613871317,8.71761392782559,2.81009613871317,2.81009613871317,8.71761392782559,2.81009613871317,0.373139051084593,0.481754669605304,0.373139051084593,0.404013799170998,0.486336706452486,0.404013799170998
6.7517523585669,5.04516608501521,1,0,1,-0.371475298403905,0.770308395601057,0,-0.425274551943241,1,5,307,5.5398743785962,5.5398743785962,2.84649935426272,5.5398743785962,5.5398743785962,2.84649935426272,0.538393527993611,0.538393527993611,0.522165435100073,0.528772633529816,0.528772633529816,0.516600601730264
7.25185357286976,4.77086250009647,1,1,1,-0.335838849015481,-0.236463862285292,1,-0.425274551943241,1,5,307,7.0669151533201,7.0669151533201,1.91099999515322,7.0669151533201,7.0669151533201,1.91099999515322,0.671936696362968,0.671936696362968,0.54741610665895,0.631288797632268,0.631288797632268,0.53555198266608
0.965164277415916,0.830720039698214,1,1,0,-0.676807561516889,0.151423166944805,0,-0.425274551943241,1,5,307,1.6169495993805,3.7398785748681,1.6169495993805,1.6169495993805,3.7398785748681,1.6169495993805,0.548959571073805,0.601798470164253,0.548959571073805,0.536712769962675,0.576731329315161,0.536712769962675
6.60487059061433,3.35399653451677,1,1,1,0.11811604721779,-0.00918782519830088,0,0.189090069198777,1,4,308,5.29137363109955,5.29137363109955,3.19128921496768,5.29137363109955,5.29137363109955,3.19128921496768,0.479336976460434,0.479336976460434,0.477693297282693,0.484525247560811,0.484525247560811,0.483293523019432
4.60979464605468,7.25822572211073,0,1,0,0.282845175880236,1.57134179166076,1,0.189090069198777,1,4,308,5.10127708915164,12.6703921153713,5.10127708915164,5.10127708915164,12.6703921153713,5.10127708915164,0.364428298059442,0.488585051637986,0.364428298059442,0.39726584476837,0.491452850315619,0.39726584476837
5.74615620786518,5.06912510518558,0,0,0,0.536699807281883,0.57781364219649,0,0.189090069198777,1,4,308,4.61545820249066,7.04932680759903,4.61545820249066,4.61545820249066,7.04932680759903,4.61545820249066,0.46199155115427,0.495917604926505,0.46199155115427,0.471516481836294,0.496943452890901,0.471516481836294
2.75564941935852,4.37957013342622,0,0,0,0.182023506877203,-0.457536637880599,0,0.189090069198777,1,4,308,2.87075532160421,5.18009509660729,2.87075532160421,2.87075532160421,5.18009509660729,2.87075532160421,0.467842793591371,0.471739561073098,0.467842793591371,0.47590775492775,0.478830419881949,0.47590775492775
2.89034744690579,3.03578628235387,1,1,0,0.54400529866965,0.969726534741256,0,-0.826834482483751,0,5,309,3.40435533591513,6.44472488809641,3.40435533591513,3.40435533591513,6.44472488809641,3.40435533591513,0.665098040640221,0.695657426477561,0.665098040640221,0.625866369027901,0.65031831187555,0.625866369027901
1.99104150396754,0.898617393771662,1,0,0,-0.180929102394139,-2.33386988127724,0,-0.826834482483751,0,5,309,1.95448653378755,9.5014351565206,1.95448653378755,1.95448653378755,9.5014351565206,1.95448653378755,0.458553427837745,0.462393915023428,0.458553427837745,0.468934498149268,0.471818564181236,0.468934498149268
7.76767649093841,5.46453417808989,0,1,1,0.39248672432073,-1.53501948146545,0,-0.826834482483751,0,5,309,7.55760299569574,7.55760299569574,3.10131818721729,7.55760299569574,7.55760299569574,3.10131818721729,0.620262960989095,0.620262960989095,0.602948402531357,0.590895185505702,0.590895185505702,0.577610119873203
2.43195225192604,1.28486816670128,0,0,0,-0.0656482655938763,0.983864975644738,0,-0.826834482483751,0,5,309,2.18504820738807,5.25303849768849,2.18504820738807,2.18504820738807,5.25303849768849,2.18504820738807,0.663929106660182,0.664385311116569,0.663929106660182,0.624942137301734,0.625302751446652,0.624942137301734
6.25185702197061,0.885519198170571,1,1,0,0.975066270435771,-0.254509276795619,1,-0.826834482483751,0,5,309,4.26647727944737,9.4312522514224,4.26647727944737,4.26647727944737,9.4312522514224,4.26647727944737,0.701098633603068,0.856835505494684,0.701098633603068,0.65473648086178,0.795071314142227,0.65473648086178
-0.0740593410649442,3.47824187293214,0,0,0,-0.220723833840608,-1.66513008243036,0,0.881988343556491,1,5,310,0.115518811718898,4.98817700313344,0.115518811718898,0.115518811718898,4.98817700313344,0.115518811718898,0.280278740302308,0.284985582168015,0.280278740302308,0.329973457595666,0.333863869364516,0.329973457595666
3.79285708485779,8.43527571354569,0,0,0,0.99903232034325,-0.117334783186731,0,0.881988343556491,1,5,310,4.10282641933025,6.21659387067572,4.10282641933025,4.10282641933025,6.21659387067572,4.10282641933025,0.396692116107353,0.513046930048754,0.396692116107353,0.42211506884474,0.50976936809388,0.42211506884474
-1.04785071080105,4.66713225167708,0,1,0,-0.58670154077078,-0.847364354558472,0,0.881988343556491,1,5,310,0.201329125730447,3.01935547510674,0.201329125730447,0.201329125730447,3.01935547510674,0.201329125730447,0.365255781605901,0.403790073746042,0.365255781605901,0.397908238448988,0.427533751843,0.397908238448988
-1.74498906235072,4.46268520929487,0,0,0,-0.674235521775406,-0.457162484873613,0,0.881988343556491,1,5,310,0.416463033406053,2.72546057098187,0.416463033406053,0.416463033406053,2.72546057098187,0.416463033406053,0.387883783556041,0.439968380874683,0.387883783556041,0.415368468866715,0.454949682980248,0.415368468866715
2.6794931797559,7.56569584323119,0,1,0,-0.515284201886077,1.10217803157078,0,0.881988343556491,1,5,310,2.29370618962911,5.60850260290635,2.29370618962911,2.29370618962911,5.60850260290635,2.29370618962911,0.343706508115291,0.372623386902795,0.343706508115291,0.381076960755105,0.403615195665288,0.381076960755105
9.1904871443558,7.22250539690779,1,1,1,1.70345007852451,0.35989873812253,0,-0.971715623039395,0,6,311,7.69219600669236,7.69219600669236,5.46266890499018,7.69219600669236,7.69219600669236,5.46266890499018,0.909741373807948,0.909741373807948,0.712832376550109,0.853939209886844,0.853939209886844,0.664338683788491
8.9389819123472,9.09034755298212,1,1,1,0.106719050708968,-0.980321073880261,1,-0.971715623039395,0,6,311,8.33023625725284,8.33023625725284,2.2692068493591,8.33023625725284,8.33023625725284,2.2692068493591,0.774427913947153,0.774427913947153,0.679389430912638,0.716787939332481,0.716787939332481,0.637229259931434
12.0927079645588,12.6918267518333,1,1,1,1.11931283355824,-1.22973453135769,1,-0.971715623039395,0,6,311,10.9066414326712,10.9066414326712,4.29439441505763,10.9066414326712,10.9066414326712,4.29439441505763,0.848810674824069,0.848810674824069,0.65617684889415,0.786868574517139,0.786868574517139,0.618831324998896
1.39163553011543,1.38921495782012,1,0,0,-1.05948031656208,2.17852333984012,0,-0.971715623039395,0,6,311,-0.0631918851829952,6.78277205704514,-0.0631918851829952,-0.0631918851829952,6.78277205704514,-0.0631918851829952,0.508653755955513,0.637664378257917,0.508653755955513,0.506479420794053,0.604360065526661,0.506479420794053
10.7519252810833,10.4322056631026,1,1,1,0.715401164478644,-1.12313084306244,1,-0.971715623039395,0,6,311,9.84799396753659,9.84799396753659,3.48657107689845,9.84799396753659,9.84799396753659,3.48657107689845,0.804722304389735,0.804722304389735,0.666835936102027,0.744216482840126,0.744216482840126,0.627241855114845
4.8861214565206,2.58982075149626,1,0,0,0.901994064073712,-1.47007486882707,1,-0.971715623039395,0,6,311,3.85975687608858,11.1208769960455,3.85975687608858,3.85975687608858,11.1208769960455,3.85975687608858,0.627916567370261,0.800295021136081,0.627916567370261,0.596802290884042,0.740124887278426,0.596802290884042
4.09450983234738,4.46448460427471,0,0,0,0.8237612387529,1.29140342687949,0,-1.13687180278747,1,5,312,4.64644840841207,8.41417121936816,4.64644840841207,4.64644840841207,8.41417121936816,4.64644840841207,0.555229385340399,0.632453024653003,0.555229385340399,0.541431694333683,0.600314577175419,0.541431694333683
5.44104459753024,7.75403416352875,0,0,0,0.826070954825365,2.48308081613359,0,-1.13687180278747,1,5,312,5.84274522981109,14.1084355692617,5.84274522981109,5.84274522981109,14.1084355692617,5.84274522981109,0.347837359798776,0.424198874310786,0.347837359798776,0.384320652514844,0.443036548927898,0.384320652514844
4.04763567413092,4.67966136753617,0,0,1,0.20512303809048,0.00955093469278271,0,-1.13687180278747,1,5,312,4.22741073525402,4.22741073525402,2.12731951490052,4.22741073525402,4.22741073525402,2.12731951490052,0.63581031639676,0.63581031639676,0.631182542364993,0.602919448669184,0.602919448669184,0.599330069853684
6.61497495691889,9.66515720929482,1,1,1,2.08435835042652,-0.543134934994221,0,-1.13687180278747,1,5,312,7.72809982749678,7.72809982749678,5.3331042698856,7.72809982749678,7.72809982749678,5.3331042698856,0.929311904801953,0.929311904801953,0.618087105399109,0.878605077364789,0.878605077364789,0.589219918330783
1.48251075148601,5.34569282899617,1,0,1,-0.375913047117155,-1.41404680509047,0,-1.13687180278747,1,5,312,3.64117797168857,3.64117797168857,-0.458350395298008,3.64117797168857,3.64117797168857,-0.458350395298008,0.556231012029689,0.556231012029689,0.539700895762181,0.542186129226562,0.542186129226562,0.529754345651851
5.04805927584436,6.41269880982626,0,0,1,0.217047239400897,-1.7868850818879,0,0.244607437235856,1,4,313,6.88033489443633,6.88033489443633,1.5873765985628,6.88033489443633,6.88033489443633,1.5873765985628,0.332369954429246,0.332369954429246,0.327425703057569,0.372129068948343,0.372129068948343,0.368204272336011
7.28294833479702,5.54873605091455,0,0,0,1.60478618312717,0.306814941567526,0,0.244607437235856,1,4,313,6.45655450947076,8.65068991783985,6.45655450947076,6.45655450947076,8.65068991783985,6.45655450947076,0.466733719708349,0.747858000340031,0.466733719708349,0.475075673429859,0.693692564153965,0.475075673429859
4.05759809234897,1.86147271717406,0,0,0,0.057396227462405,0.676182114677878,0,0.244607437235856,1,4,313,3.73114177125159,6.28836402346184,3.73114177125159,3.73114177125159,6.28836402346184,3.73114177125159,0.449708382927517,0.450093468972287,0.449708382927517,0.462285163728986,0.462574879178729,0.462285163728986
2.54356440428097,2.80395300185969,0,0,0,0.381283232756036,0.0381599407309882,0,0.244607437235856,1,4,313,3.74089360789197,5.84234978896856,3.74089360789197,3.74089360789197,5.84234978896856,3.74089360789197,0.471092872138401,0.488221927586686,0.471092872138401,0.478345478788006,0.491180907125809,0.478345478788006
4.96120180848779,3.10603201513059,1,0,1,0.834606679675977,0.385192299623879,0,-1.68177547887796,1,5,314,4.47441000531019,4.47441000531019,2.22603689762065,4.47441000531019,4.47441000531019,2.22603689762065,0.750186679142975,0.750186679142975,0.683013420554939,0.695685516082345,0.695685516082345,0.640130175694891
-1.10211613728549,-1.01010952297285,0,1,1,-1.42819938039572,0.367053434990937,0,-1.68177547887796,1,5,314,-0.0829858630170324,-0.0829858630170324,-2.31771408715568,-0.0829858630170324,-0.0829858630170324,-2.31771408715568,0.851767058026931,0.851767058026931,0.683574693663536,0.789872436396824,0.789872436396824,0.64058020204396
8.20149358971441,7.16836741930142,1,0,1,-0.241122067742176,1.90954453019582,0,-1.68177547887796,1,5,314,7.34529194615705,7.34529194615705,1.59893163335629,7.34529194615705,7.34529194615705,1.59893163335629,0.533161644529491,0.533161644529491,0.526323072118528,0.524845811863649,0.524845811863649,0.519716975896414
4.02497146024721,0.975795819586799,1,1,1,0.509392726371622,-0.0502684655949857,0,-1.68177547887796,1,5,314,3.24267514442635,3.24267514442635,1.14014822579308,3.24267514442635,3.24267514442635,1.14014822579308,0.714811782023607,0.714811782023607,0.688986069644665,0.665969046656299,0.665969046656299,0.644929465735266
1.54038491802172,0.787311049669272,0,1,1,-0.753672541338521,-0.581253474199448,0,-1.68177547887796,1,5,314,0.520888283037259,0.520888283037259,-1.91696731823167,0.520888283037259,0.520888283037259,-1.91696731823167,0.731455999368822,0.731455999368822,0.675166981333975,0.679807913441938,0.679807913441938,0.633859517789723
8.51180137020359,6.95977081539365,0,0,1,0.763389326448552,-0.0515743966280721,0,-0.452886834054272,1,5,315,6.37275769019688,6.37275769019688,4.27009777180933,6.37275769019688,6.37275769019688,4.27009777180933,0.619841352829645,0.619841352829645,0.553133438923036,0.590570437433081,0.590570437433081,0.539853527850352
8.32370915389952,7.37321713404761,0,0,1,0.992496996527414,-0.192284597242666,0,-0.452886834054272,1,5,315,6.72457627768924,6.72457627768924,4.58760291135246,6.72457627768924,6.72457627768924,4.58760291135246,0.662180793513495,0.662180793513495,0.551530442038466,0.623561206578205,0.623561206578205,0.538646994732729
9.05792450647016,10.1292264604282,1,0,1,0.0213382050835473,0.14552753935359,1,-0.452886834054272,1,5,315,8.1042757297713,8.1042757297713,2.98309746506098,8.1042757297713,8.1042757297713,2.98309746506098,0.664482954920206,0.664482954920206,0.552268459161009,0.625379950405722,0.625379950405722,0.539202431856801
5.13529256164079,5.39644504539725,0,1,1,-0.684993951921568,0.419027196706149,0,-0.452886834054272,1,5,315,4.11951659998273,4.11951659998273,1.84393280840331,4.11951659998273,4.11951659998273,1.84393280840331,0.599267889301296,0.599267889301296,0.545045014131338,0.574798867288812,0.574798867288812,0.533769401102159
-1.90942780244169,-3.40074801207819,1,0,0,-2.68171245060873,0.0805574950510052,0,-0.452886834054272,1,5,315,-2.48797389062616,-0.381484380617265,-2.48797389062616,-2.48797389062616,-0.381484380617265,-2.48797389062616,0.552954586176042,0.975936288797794,0.552954586176042,0.539718890612378,0.949019606946149,0.539718890612378
1.43479601371291,-2.44362798693185,1,0,0,-0.116389360622061,-0.77366276241679,1,-1.05713529377772,1,5,316,0.876023486988586,6.57457755693896,0.876023486988586,0.876023486988586,6.57457755693896,0.876023486988586,0.595382341231398,0.704115277778634,0.595382341231398,0.571835427822177,0.657195185792847,0.571835427822177
-2.18289771886054,-2.41378162716313,0,0,0,-0.555732432496496,-1.5024213883048,0,-1.05713529377772,1,5,316,-0.731421282648297,3.62584874538743,-0.731421282648297,-0.731421282648297,3.62584874538743,-0.731421282648297,0.518194597852595,0.554445729407206,0.518194597852595,0.51362527874565,0.540841550225582,0.51362527874565
12.6652126453671,14.0173369991376,1,1,1,1.34490343537003,1.28733697711303,1,-1.05713529377772,1,5,316,12.6168453111451,12.6168453111451,5.85960881850258,12.6168453111451,12.6168453111451,5.85960881850258,0.821124784233004,0.821124784233004,0.546401690199982,0.759656008502788,0.759656008502788,0.534789254180944
2.32630167758528,3.81685429364537,0,0,0,1.03763113271243,-0.47187887462365,0,-1.05713529377772,1,5,316,3.4858483614507,5.80851803376678,3.4858483614507,3.4858483614507,5.80851803376678,3.4858483614507,0.612394852858134,0.724855652786851,0.612394852858134,0.584845365704895,0.674291492157252,0.584845365704895
1.28932680235266,-1.11992507482057,0,0,0,0.601377548151471,-0.756843781511509,0,-1.05713529377772,1,5,316,2.32837628544093,5.00118879505357,2.32837628544093,2.32837628544093,5.00118879505357,2.32837628544093,0.596554884405983,0.636989372957548,0.596554884405983,0.572729238733969,0.603835408959143,0.572729238733969
5.75390336199952,8.31543931746113,0,0,1,0.268525948251057,-0.0583390154408049,0,0.441005454854045,1,4,317,5.38763051057289,5.38763051057289,3.28422706985029,5.38763051057289,5.38763051057289,3.28422706985029,0.456406660966955,0.456406660966955,0.447970836587853,0.467321591874287,0.467321591874287,0.460977666068849
5.27001252502426,7.933977357846,0,0,1,0.424013793991696,0.0338665937788431,0,0.441005454854045,1,4,317,5.78855531672539,5.78855531672539,3.68740837055121,5.78855531672539,5.78855531672539,3.68740837055121,0.469153701363224,0.469153701363224,0.448076266780736,0.476891114863805,0.476891114863805,0.461057014832288
3.02462492196706,4.73739926824456,0,1,1,-0.889131395449907,0.363887610457058,0,0.441005454854045,1,4,317,3.62355320139037,3.62355320139037,1.39113900834622,3.62355320139037,3.62355320139037,1.39113900834622,0.534949101329428,0.534949101329428,0.44195074983234,0.526187081850796,0.526187081850796,0.45644392556195
1.56297092685219,4.65719312192652,0,1,1,-0.610808602158565,-0.30587709470612,0,0.441005454854045,1,4,317,3.47158068683158,3.47158068683158,1.27801988976573,3.47158068683158,3.47158068683158,1.27801988976573,0.487569673919548,0.487569673919548,0.443762152808435,0.490692423775398,0.490692423775398,0.45780871503119
2.92843980515684,4.12926514070546,1,1,0,-0.668474353201407,1.78926188116987,1,-0.778181205255978,1,6,318,2.84674718655341,11.1482052659609,2.84674718655341,2.84674718655341,11.1482052659609,2.84674718655341,0.44096870996509,0.609739358631337,0.44096870996509,0.455703782147873,0.582808468834671,0.455703782147873
0.0798712800421362,2.97987538143807,0,1,0,-0.16954529328885,-0.779454494536223,0,-0.778181205255978,1,6,318,1.27588893067243,3.98343823972515,1.27588893067243,1.27588893067243,3.98343823972515,1.27588893067243,0.562842917608236,0.566181719662832,0.562842917608236,0.547170563560945,0.549690555985321,0.547170563560945
-0.135357842416374,2.20996917015614,0,0,0,-1.34783809883789,1.19806038778404,0,-0.778181205255978,1,6,318,0.8968182018946,4.43216689467183,0.8968182018946,0.8968182018946,4.43216689467183,0.8968182018946,0.524063748352064,0.722564142094721,0.524063748352064,0.518023340696549,0.672385240414963,0.518023340696549
0.852697644441748,3.19190021843548,1,0,0,-0.398947594161002,0.200844236176975,0,-0.778181205255978,1,6,318,1.79738305964132,3.93772146684684,1.79738305964132,1.79738305964132,3.93772146684684,1.79738305964132,0.589025402199178,0.607118341336689,0.589025402199178,0.566996393911018,0.580800347571358,0.566996393911018
2.85734383204141,7.13104639375325,1,0,1,0.207109953091442,-0.0316604120311127,0,-0.778181205255978,1,6,318,4.8779958876281,4.8779958876281,2.77699350593813,4.8779958876281,4.8779958876281,2.77699350593813,0.595719649985436,0.595719649985436,0.590825147560023,0.572092512067123,0.572092512067123,0.568365265061344
-1.3384271604899,1.30833970093527,0,1,0,-1.67387265556528,0.973796718409982,0,-0.778181205255978,1,6,318,0.0204854190657846,3.06876546785183,0.0204854190657846,0.0204854190657846,3.06876546785183,0.0204854190657846,0.546943421669079,0.820962759691769,0.546943421669079,0.535196558580363,0.75950120811589,0.535196558580363
3.84559422293467,-1.79371359512803,0,1,1,-1.7639221840515,-1.01441916921669,0,-0.422887505442868,0,5,319,2.42236804051158,2.42236804051158,-0.706678210362688,2.42236804051158,2.42236804051158,-0.706678210362688,0.877548962150943,0.877548962150943,0.617237024179804,0.817026089665893,0.817026089665893,0.588565884397442
7.10205764615831,5.13946429026006,1,1,1,-0.50324445620517,-0.369084098794815,1,-0.422887505442868,0,5,319,7.05090031731315,7.05090031731315,1.81467724532997,7.05090031731315,7.05090031731315,1.81467724532997,0.776344712966194,0.776344712966194,0.656346069118239,0.718486304374791,0.718486304374791,0.618964377808554
12.247397423562,11.5766324562631,1,1,1,1.63998843821875,-1.26723834863793,1,-0.422887505442868,0,5,319,12.8070360664364,12.8070360664364,6.10114303417781,12.8070360664364,12.8070360664364,6.10114303417781,0.894606407669672,0.894606407669672,0.591139468104795,0.836099025737784,0.836099025737784,0.568604424817041
9.03721673297899,5.64873000068278,1,1,1,-0.626316642586564,0.309323686299001,1,-0.422887505442868,0,5,319,6.76421401547278,6.76421401547278,1.56853287256718,6.76421401547278,6.76421401547278,1.56853287256718,0.789009525815153,0.789009525815153,0.658079110017067,0.729828683508725,0.729828683508725,0.620327868457078
10.4984717662268,7.20340728540187,0,1,1,-0.17648899184727,-2.4333984054259,0,-0.422887505442868,0,5,319,10.4896159735751,10.4896159735751,2.46818817404577,10.4896159735751,10.4896159735751,2.46818817404577,0.393634629253001,0.393634629253001,0.390122423587504,0.419776122983259,0.419776122983259,0.417085563401485
6.09193777659185,7.89738838087241,0,1,1,0.702228479826531,-0.339628015472175,1,1.4858912352946,1,5,320,7.07230336994916,7.07230336994916,1.85695618105559,7.07230336994916,7.07230336994916,1.85695618105559,0.495408441120232,0.495408441120232,0.326355843010176,0.496562225428628,0.496562225428628,0.367353139258933
3.01017112041428,1.80993963380554,0,0,0,2.43454773645808,-2.39706921557584,0,1.4858912352946,1,5,320,3.26415349421502,11.1100943184764,3.26415349421502,3.26415349421502,11.1100943184764,3.26415349421502,0.141237198410863,0.734081672262329,0.141237198410863,0.202935010126005,0.682013325926707,0.202935010126005
1.57324970718599,4.46579425762586,1,1,1,0.467139249278777,-0.246219444953115,0,1.4858912352946,1,5,320,3.64081030555216,3.64081030555216,1.48018629047914,3.64081030555216,3.64081030555216,1.48018629047914,0.351879899917545,0.351879899917545,0.328645034525189,0.387486779392448,0.387486779392448,0.369173500223364
0.937830256524917,2.93229545890523,0,1,1,0.112884878329826,-0.148029829607405,0,1.4858912352946,1,5,320,2.99177999438054,2.99177999438054,0.869867163926947,2.99177999438054,2.99177999438054,0.869867163926947,0.33160859563966,0.33160859563966,0.33026912997774,0.371525606264862,0.371525606264862,0.370463129239938
2.13401763772692,2.82853773707313,0,1,0,1.60304946063943,0.227283620553672,0,1.4858912352946,1,5,320,4.22550977870723,6.37716762287922,4.22550977870723,4.22550977870723,6.37716762287922,4.22550977870723,0.329020856028219,0.623029767060721,0.329020856028219,0.369472060508359,0.593028009802663,0.369472060508359
2.32531942919445,2.64642212505308,0,0,0,-0.379842823342184,1.29552136643359,0,0.11539747975288,1,6,321,3.5225191414159,7.30089475230186,3.5225191414159,3.5225191414159,7.30089475230186,3.5225191414159,0.408150171071123,0.424723497903402,0.408150171071123,0.430854970012084,0.443433709175787,0.430854970012084
9.83556938222779,7.09745398667833,1,1,1,0.662188566896518,0.549735028298595,1,0.11539747975288,1,6,321,10.2630041850968,10.2630041850968,4.86079558375831,10.2630041850968,10.2630041850968,4.86079558375831,0.638363024616439,0.638363024616439,0.472141104366923,0.604903308230061,0.604903308230061,0.47913151317494
6.69191120953212,3.91595466053108,0,1,1,-0.460182234076912,0.929549671975815,0,0.11539747975288,1,6,321,5.95993121815902,5.95993121815902,2.99586862548867,5.95993121815902,5.95993121815902,2.99586862548867,0.470614673673152,0.470614673673152,0.445792723102002,0.477986863427018,0.477986863427018,0.459337993768385
0.433142661146801,0.111777043378215,1,0,0,-0.725634268628593,-0.375234949130327,1,0.11539747975288,1,6,321,1.16017993527917,6.40098120232801,1.16017993527917,1.16017993527917,6.40098120232801,1.16017993527917,0.479744028160038,0.654892689940241,0.479744028160038,0.484830254697419,0.617822107502304,0.484830254697419
-2.80936086631798,-4.17546434525504,0,0,0,-1.4634999785367,-0.982194430439377,0,0.11539747975288,1,6,321,-0.922510965846096,2.14219493334004,-0.922510965846096,-0.922510965846096,2.14219493334004,-0.922510965846096,0.441099398337384,0.684875462124045,0.441099398337384,0.45580228886882,0.641623927201355,0.45580228886882
4.37773589966927,1.13365763770881,0,1,0,0.516216811014814,-0.00322815763317018,0,0.11539747975288,1,6,321,4.01588888606314,6.11589930706485,4.01588888606314,4.01588888606314,6.11589930706485,4.01588888606314,0.486383253139652,0.517823389071368,0.486383253139652,0.489803854417749,0.513347179428446,0.489803854417749
0.389601571645924,2.34489766140324,0,1,0,-1.08939634244695,1.44763592976622,0,0.799686301841502,1,5,322,1.62934506351938,5.8249948486695,1.62934506351938,1.62934506351938,5.8249948486695,1.62934506351938,0.315391913802536,0.446943749882563,0.315391913802536,0.358590698741566,0.460204572283872,0.358590698741566
0.882902557948121,5.01468145518583,0,1,0,-0.0946751598876425,0.554152752234982,1,0.799686301841502,1,5,322,2.72530425110676,8.13238952391637,2.72530425110676,2.72530425110676,8.13238952391637,2.72530425110676,0.392733228998311,0.51020084784742,0.392733228998311,0.41908598516843,0.507637935036672,0.41908598516843
-0.341382308380268,-0.263853269592387,0,0,0,-1.19093147779136,-0.364158477275216,0,0.799686301841502,1,5,322,-0.385519614210882,1.84709178236052,-0.385519614210882,-0.385519614210882,1.84709178236052,-0.385519614210882,0.400634345395205,0.566376658659031,0.400634345395205,0.425126504057899,0.549837754047114,0.425126504057899
-0.221439106305158,3.03286115618917,1,1,0,0.0163836026700582,-0.585198705696147,0,0.799686301841502,1,5,322,1.80807031829103,4.25052784343948,1.80807031829103,1.80807031829103,4.25052784343948,1.80807031829103,0.391137752188396,0.391167999858778,0.391137752188396,0.41786378687036,0.417886965640454,0.41786378687036
-0.192586194358608,1.78235567380565,0,0,0,-0.409493598425384,-1.4405334869703,1,0.799686301841502,1,5,322,0.100981134825994,7.2761178619088,0.100981134825994,0.100981134825994,7.2761178619088,0.100981134825994,0.316234480488735,0.445672119377825,0.316234480488735,0.359266745971431,0.459247182254273,0.359266745971431
-0.33248018612302,-2.93835683189555,1,1,0,-1.88461717295457,-0.0971186623740188,0,-0.0780311306545471,1,5,323,-0.872441865634395,1.23699016894692,-0.872441865634395,-0.872441865634395,1.23699016894692,-0.872441865634395,0.50876328087243,0.849205549305336,0.50876328087243,0.506561434635681,0.787268600446303,0.506561434635681
4.93328614039091,2.62850544474678,0,1,0,0.183951878399937,1.309879531775,1,-0.0780311306545471,1,5,323,4.67169443122365,11.4874788189868,4.67169443122365,4.67169443122365,11.4874788189868,4.67169443122365,0.428675387002959,0.550064781140216,0.428675387002959,0.446423498745146,0.537544169153959,0.446423498745146
5.01890006241375,1.38153899626528,0,0,0,0.166483846597001,-0.0126930883215183,0,-0.0780311306545471,1,5,323,3.31418574752126,5.41434686201239,3.31418574752126,3.31418574752126,5.41434686201239,3.31418574752126,0.509200816176326,0.512470548856197,0.509200816176326,0.506889070454249,0.509337693374875,0.506889070454249
5.07672781387146,1.9715557134779,0,1,0,0.329167196238741,0.290030262498029,0,-0.0780311306545471,1,5,323,3.94227579762428,6.12639335078896,3.94227579762428,3.94227579762428,6.12639335078896,3.94227579762428,0.505238132817408,0.518018713233916,0.505238132817408,0.503921883614842,0.513493509978896,0.503921883614842
2.65288494081563,-0.00409136281649236,0,0,0,-1.11273828460582,1.00604349863891,1,-0.0780311306545471,1,5,323,1.77447807207603,7.88660159322964,1.77447807207603,1.77447807207603,7.88660159322964,1.77447807207603,0.461500878145561,0.711999330210224,0.461500878145561,0.471148075563561,0.663653468196789,0.471148075563561
4.27357014031841,5.31696385389541,1,0,1,-1.00940501300981,-0.566617598512138,1,-0.116449580929768,1,4,324,5.82206737351319,5.82206737351319,0.401011870569523,5.82206737351319,5.82206737351319,0.401011870569523,0.721245033074702,0.721245033074702,0.498586973032552,0.671289944147322,0.671289944147322,0.498942054368613
3.38237187178516,0.5804456358446,0,1,0,-1.33155564604695,1.61070885936387,0,-0.116449580929768,1,4,324,1.93403706237125,6.6284200920045,1.93403706237125,1.93403706237125,6.6284200920045,1.93403706237125,0.392870539664951,0.599252756817614,0.392870539664951,0.419191131304196,0.574787317318006,0.419191131304196
-0.0248796642519706,0.331412715590289,1,0,0,-1.12050914081511,0.0608493756570582,0,-0.116449580929768,1,4,324,0.806270589128118,2.90997323564597,0.806270589128118,0.806270589128118,2.90997323564597,0.806270589128118,0.513565673469789,0.65657189016676,0.513565673469789,0.5101578862556,0.61914195712578,0.5101578862556
4.29146380312121,3.73631825197133,1,0,1,-0.545341937217408,0.617133835280318,0,-0.116449580929768,1,4,324,4.99374362659458,4.99374362659458,2.51288945594678,4.99374362659458,4.99374362659458,2.51288945594678,0.530826223191985,0.530826223191985,0.495764037554376,0.523093820178466,0.523093820178466,0.496828472354708
-0.143538344766498,-1.113544782873,1,0,0,-2.10925342276714,-0.631243994155239,0,0.442017837905899,1,6,325,-2.04513060871653,0.453338371440526,-2.04513060871653,-2.04513060871653,0.453338371440526,-2.04513060871653,0.429471486718644,0.862444739530902,0.429471486718644,0.447025380888668,0.800900338233143,0.447025380888668
6.39848131718263,7.15798829789372,0,1,1,-0.145830984438541,1.06204318705075,0,0.442017837905899,1,6,325,6.80293718030756,6.80293718030756,3.57500144914666,6.80293718030756,6.80293718030756,3.57500144914666,0.398456162230506,0.398456162230506,0.396047312346092,0.423463200950618,0.423463200950618,0.421622048761078
11.5129375009131,11.8308019511587,1,1,1,1.69400887434153,-0.460698797297372,1,0.442017837905899,1,6,325,11.0441825641899,11.0441825641899,5.73193918235869,11.0441825641899,11.0441825641899,5.73193918235869,0.83081473741067,0.83081473741067,0.438115913331526,0.769003210772116,0.769003210772116,0.453552730887365
8.92351405599874,9.50228531417494,0,1,1,1.54247511427544,0.973194834766847,0,0.442017837905899,1,6,325,9.90987348070759,9.90987348070759,6.86276529429072,9.90987348070759,9.90987348070759,6.86276529429072,0.6763881654475,0.6763881654475,0.404259136997989,0.634832976409368,0.634832976409368,0.427891312108117
1.95413922467741,5.09724260237067,0,0,0,0.550355312211621,-0.267256833655828,0,0.442017837905899,1,6,325,3.63807402174041,5.80950023687615,3.63807402174041,3.63807402174041,5.80950023687615,3.63807402174041,0.444676646610752,0.480217827810395,0.444676646610752,0.458497528090263,0.485185264442381,0.458497528090263
11.7947405570253,15.1944482858206,0,0,1,0.946798251594311,2.2030624662958,0,0.442017837905899,1,6,325,13.8547634308587,13.8547634308587,6.90127920045741,13.8547634308587,13.8547634308587,6.90127920045741,0.33107522537368,0.33107522537368,0.244085498430064,0.371102654415494,0.371102654415494,0.299388098886387
11.2871215281333,14.5353436365358,1,1,1,1.38154458397614,1.8010344463765,0,-0.360843736556593,0,6,326,10.9766060427749,10.9766060427749,5.63288096574015,10.9766060427749,10.9766060427749,5.63288096574015,0.717887920893865,0.717887920893865,0.507476618379244,0.668509036759283,0.668509036759283,0.505597981237042
3.79156561731399,5.05381712399737,0,0,0,0.360345648897095,-1.93517654438439,0,-0.360843736556593,0,6,326,3.59048309558207,9.43539135351757,3.59048309558207,3.59048309558207,9.43539135351757,3.59048309558207,0.483822228005809,0.499141915444777,0.483822228005809,0.487885581199877,0.499357543777208,0.487885581199877
5.50572980831271,9.85628401142586,1,1,1,-0.273619491395498,0.0876428444031237,1,-0.360843736556593,0,6,326,7.43023408317195,7.43023408317195,2.32255281499688,7.43023408317195,7.43023408317195,2.32255281499688,0.760233625074809,0.760233625074809,0.655208221515919,0.704350290306417,0.704350290306417,0.618070004935368
11.6999546181784,12.5381703305021,0,1,1,1.3156491517034,-1.79888382967676,0,-0.360843736556593,0,6,326,10.8370731338672,10.8370731338672,5.50109010119468,10.8370731338672,10.8370731338672,5.50109010119468,0.700745381298369,0.700745381298369,0.507842029988428,0.654449000437197,0.654449000437197,0.505871597710762
4.47242679151403,9.75207575896701,0,0,1,-0.785990592518335,-1.41128805211052,0,-0.360843736556593,0,6,326,5.3895445787811,5.3895445787811,1.29781061275121,5.3895445787811,5.3895445787811,1.29781061275121,0.636141633550017,0.636141633550017,0.566209927352747,0.603176774304129,0.603176774304129,0.54971185509902
5.30228966786706,7.53704695428482,0,1,1,-0.692522999112917,-1.10545456258246,0,-0.360843736556593,0,6,326,4.80677558949642,4.80677558949642,1.48474579956204,4.80677558949642,4.80677558949642,1.48474579956204,0.654548817321501,0.654548817321501,0.601555906631433,0.617552001600448,0.617552001600448,0.57654601215052
-1.1534272691564,-0.184686154161009,1,0,0,-1.08652183321529,-0.654441386776809,1,-0.41790148441014,0,5,327,0.652314682897229,6.18060821162358,0.652314682897229,0.652314682897229,6.18060821162358,0.652314682897229,0.643203193977775,0.836465623344499,0.643203193977775,0.608672850215661,0.774539019885404,0.608672850215661
12.1222008568517,11.7665170849204,1,1,1,1.24600326744517,-0.769082436568279,1,-0.41790148441014,0,5,327,11.0088526784559,11.0088526784559,5.31736488421815,11.0088526784559,11.0088526784559,5.31736488421815,0.85577096873487,0.85577096873487,0.636073090221466,0.793974129614726,0.793974129614726,0.60312353453952
1.34760400914912,2.75107678343009,1,1,0,-0.727547662367585,2.04134507330343,1,-0.41790148441014,0,5,327,1.37026302459263,10.6373527328928,1.37026302459263,1.37026302459263,10.6373527328928,1.37026302459263,0.470652367241947,0.64687239917985,0.470652367241947,0.478015131664782,0.61153761475186,0.478015131664782
4.84169602348782,5.91738924547376,1,1,1,0.186347935569949,0.741129089011011,0,-0.41790148441014,0,5,327,5.84732654704599,5.84732654704599,3.1980542204677,5.84732654704599,5.84732654704599,3.1980542204677,0.641715385975427,0.641715385975427,0.637923141056014,0.607513010780666,0.607513010780666,0.604561245255284
6.35334119117046,6.33485764867379,1,1,1,0.334269908404632,0.681320011135684,0,-0.41790148441014,0,5,327,6.05809512371099,6.05809512371099,3.49389816613707,6.05809512371099,6.05809512371099,3.49389816613707,0.653726799038194,0.653726799038194,0.641639607487494,0.616906563460276,0.616906563460276,0.607453963782801
7.10524669036617,9.39952287287033,1,0,1,-0.555211724132201,-0.38755847626988,1,0.243864798344665,1,4,328,6.69274960812267,6.69274960812267,1.44254803559403,6.69274960812267,6.69274960812267,1.44254803559403,0.616459026496965,0.616459026496965,0.464186180630012,0.587967540133749,0.587967540133749,0.473163930078474
6.86974111512222,9.28660521963752,1,0,1,0.113939766102904,0.430788078731712,0,0.243864798344665,1,4,328,5.88477593984319,5.88477593984319,3.59919757106583,5.88477593984319,5.88477593984319,3.59919757106583,0.464048954076905,0.464048954076905,0.462524625041783,0.473060932827954,0.473060932827954,0.471916693412768
7.37351424195267,8.62129807048041,0,0,1,-0.563274449019417,0.258615660706229,1,0.243864798344665,1,4,328,7.23947878275823,7.23947878275823,2.07259672279571,7.23947878275823,7.23947878275823,2.07259672279571,0.621187385411321,0.621187385411321,0.468102410504824,0.59160746623681,0.59160746623681,0.476102515567946
0.0511750086168098,2.07936927844407,0,0,0,-1.24845677916319,-1.3905336918251,1,0.243864798344665,1,4,328,-0.946917290023164,6.08666665807759,-0.946917290023164,-0.946917290023164,6.08666665807759,-0.946917290023164,0.382088932045647,0.674616027677236,0.382088932045647,0.410915535684714,0.633420621430736,0.410915535684714
9.83140169721759,6.41994016795976,0,0,1,0.490155209112137,1.39881499297172,0,1.18090133041868,1,4,329,8.04128084357385,8.04128084357385,3.98459745901138,8.04128084357385,8.04128084357385,3.98459745901138,0.306694430322531,0.306694430322531,0.282927743753978,0.351584892210209,0.351584892210209,0.332165213958232
7.60270488742207,5.73242981957538,1,0,1,0.277327648812006,-1.60756427228649,1,1.18090133041868,1,4,329,8.2368259626849,8.2368259626849,0.55256307315291,8.2368259626849,8.2368259626849,0.55256307315291,0.368722577762661,0.368722577762661,0.259276367920981,0.400596427176599,0.400596427176599,0.312378927527048
4.98120841431047,2.01206960622039,0,0,1,0.199874020643344,0.0507622883390765,0,1.18090133041868,1,4,329,4.15855918735857,4.15855918735857,2.05598237744115,4.15855918735857,4.15855918735857,2.05598237744115,0.368250086018828,0.368250086018828,0.36385829430366,0.400230349314514,0.400230349314514,0.396823166688734
1.89068230148127,-0.605516440208767,1,1,1,-1.45037374822643,-0.960600457664217,0,1.18090133041868,1,4,329,0.766877332963004,0.766877332963004,-2.2558759063017,0.766877332963004,0.766877332963004,-2.2558759063017,0.564983032046251,0.564983032046251,0.324482162000667,0.548785591179512,0.548785591179512,0.365860888042531
10.7212996108212,9.64639349033527,0,0,1,1.25496960231113,1.24039546557469,1,-0.234007275363933,1,5,330,13.3341561762919,13.3341561762919,6.6955752652737,13.3341561762919,13.3341561762919,6.6955752652737,0.738785506015163,0.738785506015163,0.45509883636407,0.685980373104438,0.685980373104438,0.466338714403017
4.6206106163638,2.16148885813691,1,0,1,-0.267598026825809,-1.94570980120288,0,-0.234007275363933,1,5,330,6.35012137071921,6.35012137071921,0.46433474022225,6.35012137071921,6.35012137071921,0.46433474022225,0.360927774466866,0.360927774466866,0.35313668221943,0.394545018577617,0.394545018577617,0.388469480512851
3.19581808974451,-1.01159608242021,0,0,1,0.0122613193407305,-0.899982467840067,0,-0.234007275363933,1,5,330,4.97974920833764,4.97974920833764,2.06978076591814,4.97974920833764,4.97974920833764,2.06978076591814,0.489399609891987,0.489399609891987,0.48938187404381,0.492062856514934,0.492062856514934,0.492049574718244
6.21350668656121,2.10441271813961,1,1,1,-0.765166340267406,1.09009890297608,0,-0.234007275363933,1,5,330,5.79332243578767,5.79332243578767,2.50500681751802,5.79332243578767,5.79332243578767,2.50500681751802,0.540533728125148,0.540533728125148,0.471548297602858,0.530379827848419,0.530379827848419,0.478686998231714
7.39049863660972,4.78555427878138,1,0,0,2.30607057831606,-0.0335829552189797,1,-0.234007275363933,1,5,330,7.5237987964899,12.6249266113711,7.5237987964899,7.5237987964899,12.6249266113711,7.5237987964899,0.52753826092483,0.959381998537905,0.52753826092483,0.520628064528465,0.921452901584433,0.520628064528465
6.23497554235035,4.67678584957764,1,0,1,-0.477258584648582,0.935040534392135,0,-1.04602749433497,1,4,331,4.86065064714661,4.86065064714661,1.88634984619028,4.86065064714661,4.86065064714661,1.88634984619028,0.607443082936473,0.607443082936473,0.581481938163411,0.581049028424595,0.581049028424595,0.561268096796426
2.10301970666535,1.5806966410857,0,0,1,-0.723747873550653,0.0252312245762809,0,-1.04602749433497,1,4,331,2.58419857326391,2.58419857326391,0.483561958570287,2.58419857326391,2.58419857326391,0.483561958570287,0.677553128469626,0.677553128469626,0.621088493486509,0.635762458199729,0.635762458199729,0.591531253394122
8.64356547469231,8.44122834962319,1,0,1,0.601670770140214,-0.381747942407662,1,-1.04602749433497,1,4,331,7.97315157050056,7.97315157050056,2.72742007896808,7.97315157050056,7.97315157050056,2.72742007896808,0.752931441973457,0.752931441973457,0.614601933672234,0.698041856658603,0.698041856658603,0.586540161992648
7.41928060761633,8.08044204356105,0,0,1,1.07812507907578,-1.66801595710721,0,-1.04602749433497,1,4,331,7.27633791530394,7.27633791530394,2.39406068213967,7.27633791530394,7.27633791530394,2.39406068213967,0.626610334401499,0.626610334401499,0.492106902255751,0.595792509430592,0.595792509430592,0.494090156211661
8.08982923419706,6.89852071584844,1,1,1,0.959135979312657,-0.268592742523368,1,0.611497508358876,1,5,332,9.44789207470906,9.44789207470906,4.27575001337283,9.44789207470906,9.44789207470906,4.27575001337283,0.646785359583781,0.646785359583781,0.424967489227623,0.611469584433135,0.611469584433135,0.443618399040866
5.8300631105542,1.62364442873124,1,1,0,0.720630584112432,0.34190732985671,0,0.611497508358876,1,5,332,4.40923929535246,6.62613991756221,4.40923929535246,4.40923929535246,6.62613991756221,4.40923929535246,0.42290109217259,0.483606494763192,0.42290109217259,0.442053811051559,0.487723978210885,0.442053811051559
7.33491462132362,5.79740219760018,1,0,0,1.88958301297078,1.432601873422,1,0.611497508358876,1,5,332,7.83783869663444,14.9901868243667,7.83783869663444,7.83783869663444,14.9901868243667,7.83783869663444,0.336833878386079,0.816482541540989,0.336833878386079,0.375660719128537,0.755239424618332,0.375660719128537
-1.26211439960177,-3.23749235997258,0,1,0,-2.61483189995824,0.891170736717965,0,0.611497508358876,1,5,332,-1.71242226592762,1.18176301605482,-1.71242226592762,-1.71242226592762,1.18176301605482,-1.71242226592762,0.391982942406529,0.945024040182456,0.391982942406529,0.418511340949996,0.900082535791174,0.418511340949996
-0.169346724406517,-0.31004947427275,0,0,0,0.519848953856619,-2.23465173006903,0,0.611497508358876,1,5,332,1.43111697491509,8.52478532961562,1.43111697491509,1.43111697491509,8.52478532961562,1.43111697491509,0.224713168984249,0.248050092909374,0.224713168984249,0.282451594715939,0.302801689868113,0.282451594715939
-6.8099747677007,-5.03492192692916,1,1,0,-1.9238668652543,0.225073380014636,0,-2.40656035146644,0,5,333,-6.63926645575886,-4.48860842936765,-6.63926645575886,-6.63926645575886,-4.48860842936765,-6.63926645575886,0.833750197567018,0.96855541367991,0.833750197567018,0.771870804753648,0.936257762171799,0.771870804753648
6.20881000362145,5.99165061525193,1,1,1,1.34727500160522,0.379346730420457,1,-2.40656035146644,0,5,333,5.14692121984087,5.14692121984087,-0.0969827220398196,5.14692121984087,5.14692121984087,-0.0969827220398196,0.95122895872609,0.95122895872609,0.83123835335938,0.909082855491778,0.909082855491778,0.769415969877381
-4.66083384452496,-3.18719537732921,1,1,0,-0.250992135512435,-0.515894641254354,0,-2.40656035146644,0,5,333,-3.29351699627514,-0.927369715400177,-3.29351699627514,-3.29351699627514,-0.927369715400177,-3.29351699627514,0.827901121036153,0.832191321959071,0.827901121036153,0.766173817600703,0.770345819520777,0.766173817600703
0.00147775625519397,0.860808166281114,1,1,0,1.78390748238246,-0.826017917236899,0,-2.40656035146644,0,5,333,0.776282239514648,3.55858783911103,0.776282239514648,0.776282239514648,3.55858783911103,0.776282239514648,0.816161110037084,0.954592605602702,0.816161110037084,0.754935031400424,0.91410616094407,0.754935031400424
2.54773444430959,3.48122050198133,1,1,1,0.495466201827442,-0.269089346926498,1,-2.40656035146644,0,5,333,3.37180875503395,3.37180875503395,-1.80060032159538,3.37180875503395,3.37180875503395,-1.80060032159538,0.901445039158366,0.901445039158366,0.833166878013543,0.844042646918066,0.844042646918066,0.771299592655215
3.12639690425418,4.53582613312985,0,0,0,0.0667106941409315,0.897742834906417,0,0.3394583179252,1,6,334,3.91593227357967,6.82187447120549,3.91593227357967,3.91593227357967,6.82187447120549,3.91593227357967,0.422488492967034,0.423001779843893,0.422488492967034,0.441741292279455,0.442130069906329,0.441741292279455
6.92809946655477,5.59999235602338,1,1,1,1.29478764871709,-0.298179958353619,0,0.3394583179252,1,6,334,7.36507467703572,7.36507467703572,5.17616338947195,7.36507467703572,7.36507467703572,5.17616338947195,0.649149925464807,0.649149925464807,0.455848738110237,0.613319022750669,0.613319022750669,0.466902319561481
1.0594065849939,1.35657238859912,1,0,0,-0.970892355673332,0.436935078717859,0,0.3394583179252,1,6,334,1.37991841776259,3.67083068077677,1.37991841776259,1.37991841776259,3.67083068077677,1.37991841776259,0.451073152131387,0.561871715916292,0.451073152131387,0.463311836679797,0.546437931362212,0.463311836679797
8.95818676176878,8.51136765059614,0,1,1,-0.361824108594863,-1.58029744781664,1,0.3394583179252,1,6,334,8.17816240896082,8.17816240896082,0.580822385385024,8.17816240896082,8.17816240896082,0.580822385385024,0.475531656044734,0.475531656044734,0.346870858901723,0.481673386367873,0.481673386367873,0.383562493006869
-2.93932540261601,-1.55203933826311,1,0,0,-2.81197903484583,0.353677023961813,0,0.3394583179252,1,6,334,-2.38551299533846,-0.160425558059978,-2.38551299533846,-2.38551299533846,-0.160425558059978,-2.38551299533846,0.454154077243749,0.974445025943848,0.454154077243749,0.465628555232523,0.946370295452781,0.465628555232523
2.663583368968,3.29716743363788,0,1,1,-1.21137969770787,-0.434334386514924,0,0.3394583179252,1,6,334,2.31632062777003,2.31632062777003,0.0276742684607352,2.31632062777003,2.31632062777003,0.0276742684607352,0.621840392189677,0.621840392189677,0.45117914951551,0.592110810525853,0.592110810525853,0.463391563969409
5.75413850668519,2.28521774799185,0,1,1,1.2165308812182,-0.380818436270984,0,-1.22871586425986,1,4,335,5.78752333248544,5.78752333248544,3.54250065108156,5.78752333248544,5.78752333248544,3.54250065108156,0.77874977627861,0.77874977627861,0.634909831410396,0.720623914729051,0.720623914729051,0.602220304077681
3.73095227090978,1.63901315223975,1,1,1,-0.939400204791794,-0.221534935756604,1,-1.22871586425986,1,4,335,4.53899970733664,4.53899970733664,-0.610078020424043,4.53899970733664,4.53899970733664,-0.610078020424043,0.813100062389586,0.813100062389586,0.639114429522359,0.752045212496899,0.752045212496899,0.60548781496239
1.83665081109395,0.437371974527683,1,1,1,-2.27793542486462,-0.711182484744324,1,-1.22871586425986,1,4,335,1.82898451704969,1.82898451704969,-3.77679600955742,1.82898451704969,1.82898451704969,-3.77679600955742,0.970429963689473,0.970429963689473,0.618928179476469,0.939419192317518,0.939419192317518,0.589867282932364
4.21710928415461,2.55574691572248,0,1,1,-0.389133580155037,-0.561883725367914,1,-1.22871586425986,1,4,335,5.56581976007149,5.56581976007149,0.15010643923816,5.56581976007149,5.56581976007149,0.15010643923816,0.74430775547145,0.74430775547145,0.627381209568126,0.690664859408113,0.690664859408113,0.596388350791433
3.46932095331108,5.10432089845983,0,0,0,0.478139615239156,0.207857379342383,0,0.327877015019138,0,5,336,3.84877589350045,5.99198058364754,3.84877589350045,3.84877589350045,5.99198058364754,3.84877589350045,0.576704766691981,0.602850781443143,0.576704766691981,0.557647680537074,0.577535500765068,0.557647680537074
9.07292192428387,6.39079213654491,1,0,1,0.723202931754279,-0.928802809632995,0,0.327877015019138,0,5,336,7.30157718571284,7.30157718571284,4.3389025265307,7.30157718571284,7.30157718571284,4.3389025265307,0.599064050667526,0.599064050667526,0.538526691132731,0.574643291855685,0.574643291855685,0.528872617902598
1.65230113089059,4.20812107938291,0,1,0,-0.942685430606787,0.442412730623384,0,0.327877015019138,0,5,336,1.00712580180857,3.30285482602621,1.00712580180857,1.00712580180857,3.30285482602621,1.00712580180857,0.569651352350077,0.668451781218599,0.569651352350077,0.55231159749766,0.628522260350961,0.55231159749766
2.77800615875033,2.12161822300115,0,1,0,0.00967846449432222,1.00424943004026,1,0.327877015019138,0,5,336,2.91185359201078,9.02037050974697,2.91185359201078,2.91185359201078,9.02037050974697,2.91185359201078,0.531674054192685,0.645617275429089,0.531674054192685,0.523729789808272,0.610556954991124,0.523729789808272
8.31938555623507,7.78153635982719,1,0,1,0.185810642877163,-0.936185532553993,1,0.327877015019138,0,5,336,9.24056130013987,9.24056130013987,3.26411794877647,9.24056130013987,9.24056130013987,3.26411794877647,0.655026043870235,0.655026043870235,0.537880300126295,0.617926870851263,0.617926870851263,0.528387299297157
0.425184591521163,-2.41206694287485,1,1,0,-0.67313007883334,0.801883028200331,0,0.030257855872203,0,5,337,1.65282430449134,4.39584069540707,1.65282430449134,1.65282430449134,4.39584069540707,1.65282430449134,0.583347653107322,0.6343532058262,0.583347653107322,0.56268352917408,0.601788309028352,0.56268352917408
0.535344679202232,-1.49347008607676,1,1,0,-0.895430911862497,-0.47402797301808,1,0.030257855872203,0,5,337,1.20822263843302,6.53292515763665,1.20822263843302,1.20822263843302,6.53292515763665,1.20822263843302,0.602443266525559,0.781301115167002,0.602443266525559,0.577224038799661,0.7228997332258,0.577224038799661
-0.13544041064125,-2.77147295141513,1,1,0,-1.1910147682372,-0.650260554549103,0,0.030257855872203,0,5,337,0.617054925683621,3.13989371448613,0.617054925683621,0.617054925683621,3.13989371448613,0.617054925683621,0.593431961557261,0.741137647075668,0.593431961557261,0.570349559473586,0.687972022162572,0.570349559473586
3.46388754970677,0.0387915426580877,1,1,0,0.294738679894399,0.773146915866959,0,0.030257855872203,0,5,337,3.58856182194682,6.28631797546141,3.58856182194682,3.58856182194682,6.28631797546141,3.58856182194682,0.585426323925206,0.595359203158561,0.585426323925206,0.564261542521741,0.571817794042633,0.564261542521741
6.74764098593345,4.24770783587409,0,1,1,0.692459085243479,0.304175706606001,0,0.030257855872203,0,5,337,6.57652549313423,6.57652549313423,4.38400263264497,6.57652549313423,6.57652549313423,4.38400263264497,0.661021240092818,0.661021240092818,0.608418606643212,0.622646227992457,0.622646227992457,0.581796274770792
15.0864476412317,12.5450867956853,1,0,1,1.91290794686862,-2.54169315306113,0,-0.770277216306904,0,5,338,14.7926929880936,14.7926929880936,6.23248890377573,14.7926929880936,14.7926929880936,6.23248890377573,0.794436289258664,0.794436289258664,0.405063111979132,0.734756428256965,0.734756428256965,0.428504022962368
2.76013649631914,2.62557329140914,0,0,0,0.142851848503487,3.0719355994983,0,-0.770277216306904,0,5,338,2.69237670704546,14.2291650345104,2.69237670704546,2.69237670704546,14.2291650345104,2.69237670704546,0.278993446963679,0.280954158771388,0.278993446963679,0.328907912752136,0.330532844239946,0.328907912752136
7.76976398301263,4.74573713508622,1,1,1,0.738801647359527,-0.361358975928388,0,-0.770277216306904,0,5,338,6.11485661424155,6.11485661424155,3.88427630475754,6.11485661424155,6.11485661424155,3.88427630475754,0.745217504350676,0.745217504350676,0.69277166604699,0.691439491133835,0.691439491133835,0.647983582875208
8.94032622011253,7.6744433175744,1,0,1,0.700203643920405,-0.45129747861596,1,-0.770277216306904,0,5,338,9.11074971208442,9.11074971208442,3.8070802978793,9.11074971208442,9.11074971208442,3.8070802978793,0.819425342846122,0.819425342846122,0.689805036102343,0.758034705303605,0.758034705303605,0.645589368159592
0.938135011174533,0.594848932583149,1,0,0,-0.976672017183823,0.376835755680445,1,-0.770277216306904,0,5,338,0.453328975670841,5.69533416243009,0.453328975670841,0.453328975670841,5.69533416243009,0.453328975670841,0.692308936248799,0.851750282710815,0.692308936248799,0.647609744217945,0.789855333184436,0.647609744217945
4.72619542211284,5.78723959598092,0,0,0,0.52676503091556,0.288690156800399,0,-0.613914448342178,1,4,339,3.96532926874824,6.14867127538168,3.96532926874824,3.96532926874824,6.14867127538168,3.96532926874824,0.568115405483298,0.599970679813738,0.568115405483298,0.551151009724653,0.575335353073209,0.551151009724653
5.77935320733702,6.96007430612847,1,0,0,0.813865889002249,1.18381971896644,0,-0.613914448342178,1,4,339,5.43466054708765,8.93608967410143,5.43466054708765,5.43466054708765,8.93608967410143,5.43466054708765,0.50629532272517,0.583713542368507,0.50629532272517,0.504713458077885,0.56296121351982,0.504713458077885
-2.18478939855507,0.763020291051442,0,0,0,-1.04176483761228,-1.26539465820136,1,-0.613914448342178,1,4,339,-0.725815283309203,5.97540835769534,-0.725815283309203,-0.725815283309203,5.97540835769534,-0.725815283309203,0.49686360252577,0.726180691390367,0.49686360252577,0.497651744192501,0.675395835127143,0.497651744192501
6.47961154823805,7.34080623734564,1,1,1,0.9155982649332,-0.603392039042721,0,-0.613914448342178,1,4,339,6.31499549372053,6.31499549372053,3.8509135409404,6.31499549372053,6.31499549372053,3.8509135409404,0.649705821818766,0.649705821818766,0.5550542849398,0.613754207160941,0.613754207160941,0.541299823742351
1.42388194400616,0.627598538214291,1,0,0,-1.1198543084431,0.984460670320714,0,1.11531687982504,1,5,340,0.500820311011848,3.56998312242016,0.500820311011848,0.500820311011848,3.56998312242016,0.500820311011848,0.329395408098139,0.470655433596315,0.329395408098139,0.369769530958119,0.478017431267533,0.369769530958119
4.95323823722529,2.43900991238708,0,0,0,1.28419841638722,-0.533767059410807,0,1.11531687982504,1,5,340,3.79069803094096,6.17560530465302,3.79069803094096,3.79069803094096,6.17560530465302,3.79069803094096,0.35868116082701,0.549401914190616,0.35868116082701,0.392795948717255,0.537045503402556,0.392795948717255
2.95798497803638,2.13348007791559,0,1,1,-0.010910989938038,-0.533208439396771,0,1.11531687982504,1,5,340,3.58534907814842,3.58534907814842,1.20103783830448,3.58534907814842,3.58534907814842,1.20103783830448,0.358720130984053,0.358720130984053,0.358707152149731,0.392826307775104,0.392826307775104,0.392816196904864
-1.29495181541879,-1.7932497085285,1,0,0,-1.62155684268743,-0.105500509682897,0,1.11531687982504,1,5,340,-1.59254593748042,0.518584420062927,-1.59254593748042,-1.59254593748042,0.518584420062927,-1.59254593748042,0.370701180134589,0.671306435411901,0.370701180134589,0.402128410232712,0.63078793900075,0.402128410232712
-3.29463855877409,-1.6469056093447,1,0,0,-2.18047048464507,0.298787916327719,0,1.11531687982504,1,5,340,-2.3060847953851,-0.116810576441636,-2.3060847953851,-2.3060847953851,-0.116810576441636,-2.3060847953851,0.367253978363165,0.847798164802227,0.367253978363165,0.399458278277748,0.785844511429191,0.399458278277748
4.12986706271722,1.51900271820751,1,1,0,0.124089964784143,-1.83096337016762,0,-0.520004162062292,0,5,341,2.97777560100618,8.43020246390173,2.97777560100618,2.97777560100618,8.43020246390173,2.97777560100618,0.521117956904532,0.522931941296797,0.521117956904532,0.515815642552515,0.51717505037435,0.515815642552515
5.28500955769696,3.59999057362488,0,1,0,0.405271306758437,-1.85247948699158,0,-0.520004162062292,0,5,341,3.54013828495477,9.07181853467935,3.54013828495477,3.54013828495477,9.07181853467935,3.54013828495477,0.517381789483835,0.536709999895916,0.517381789483835,0.513016354477315,0.527508739143253,0.513016354477315
3.5784265068389,3.54067427764837,1,1,0,0.47623318032415,2.25723868831058,0,-0.520004162062292,0,5,341,3.68206203208619,10.8771885280922,3.68206203208619,3.68206203208619,10.8771885280922,3.68206203208619,0.439147602314887,0.465677692407679,0.439147602314887,0.454330806750106,0.474283280092253,0.454330806750106
1.24186999952229,4.00207883089307,1,1,0,-0.267438071469953,0.0993865543413314,0,-0.520004162062292,0,5,341,2.19471952849799,4.30459721568183,2.19471952849799,2.19471952849799,4.30459721568183,2.19471952849799,0.671974048081463,0.679417612876634,0.671974048081463,0.631318487728253,0.637251787288897,0.631318487728253
3.74915357039121,2.62929343203358,1,0,0,-0.0535131567389233,1.37702761793378,0,-0.520004162062292,0,5,341,2.62256935796005,6.61877441851242,2.62256935796005,2.62256935796005,6.61877441851242,2.62256935796005,0.588965460090124,0.589293197508436,0.588965460090124,0.566950817447607,0.567200021491168,0.566950817447607
4.04493395796045,3.02681290719669,0,0,0,1.10898730487276,-0.648053622267461,0,0.528802245443708,1,4,342,4.29028917269175,6.81026267002572,4.29028917269175,4.29028917269175,6.81026267002572,4.29028917269175,0.418462340909591,0.562598753291113,0.418462340909591,0.438689635726281,0.546986360372683,0.438689635726281
6.35665783982792,5.15420534754088,0,1,0,0.580468743488359,1.86154074147998,0,0.528802245443708,1,4,342,5.74284641367039,11.3081803458602,5.74284641367039,5.74284641367039,11.3081803458602,5.74284641367039,0.287652358509359,0.321574905126464,0.287652358509359,0.336060095189602,0.363541287623375,0.336060095189602
6.10250150225374,6.3414020957131,1,0,1,1.45226470787773,-0.211896840988677,0,0.528802245443708,1,4,342,7.55790103120145,7.55790103120145,5.41300075998047,7.55790103120145,7.55790103120145,5.41300075998047,0.676797871195622,0.676797871195622,0.435808980585196,0.635159771945847,0.635159771945847,0.451812191128862
12.6628062176977,12.5076837895106,1,0,1,1.87209264532817,1.60340879500308,0,0.528802245443708,1,4,342,12.7388820347663,12.7388820347663,8.06796227087311,12.7388820347663,12.7388820347663,8.06796227087311,0.715521697757103,0.715521697757103,0.323736422151111,0.666554545448983,0.666554545448983,0.365266375981376
12.4267698875168,11.9603850451646,1,1,1,1.20808597240192,-0.0427511540896765,1,-0.0530202199541309,1,5,343,10.4724373081662,10.4724373081662,5.37060964699018,10.4724373081662,10.4724373081662,5.37060964699018,0.767069432695854,0.767069432695854,0.506170987959685,0.71031023520707,0.71031023520707,0.504620361023616
2.83399170587478,6.68825796934549,1,1,0,0.0964492189625244,1.05673861140511,0,-0.0530202199541309,1,5,343,4.24682590560618,7.46352239844059,4.24682590560618,4.24682590560618,7.46352239844059,4.24682590560618,0.453666482684853,0.454755609494274,0.453666482684853,0.465261992382881,0.466080730280996,0.465261992382881
9.0785151973353,10.2048040481734,0,1,1,0.686998200261521,-1.51875275244077,0,-0.0530202199541309,1,5,343,7.2590424274047,7.2590424274047,2.85243250435829,7.2590424274047,7.2590424274047,2.85243250435829,0.453198428925194,0.453198428925194,0.398717157006559,0.464910089729926,0.464910089729926,0.423662578216797
8.20069406084262,9.89200855453405,1,1,1,-0.0580268506543646,-0.912446877432524,1,-0.0530202199541309,1,5,343,7.90124758167113,7.90124758167113,1.96868827753476,7.90124758167113,7.90124758167113,1.96868827753476,0.584591246472747,0.584591246472747,0.466999111171028,0.563627466267917,0.563627466267917,0.475274793717752
-1.05879069579696,0.62880593328219,0,1,0,-1.83496084272371,-0.278631527202961,0,-0.0530202199541309,1,5,343,-0.951364356374373,1.22627117157708,-0.951364356374373,-0.951364356374373,1.22627117157708,-0.951364356374373,0.502592459355523,0.833934252619422,0.502592459355523,0.501940993156568,0.772051182750031,0.501940993156568
2.29087384227283,1.73553775969695,0,1,0,1.20383809780805,-0.31501524216631,0,1.50362623888985,1,4,344,2.83176908717175,5.03100368996885,2.83176908717175,2.83176908717175,5.03100368996885,2.83176908717175,0.32517821079293,0.488896570906073,0.32517821079293,0.366415484752208,0.491686143283798,0.366415484752208
-0.0827355179681633,-3.05186377757503,1,1,0,0.290736996040101,-1.31759310903355,0,1.50362623888985,1,4,344,0.00298901676862395,3.83904061774132,0.00298901676862395,0.00298901676862395,3.83904061774132,0.00298901676862395,0.260797920809255,0.26865054616812,0.260797920809255,0.313667285801749,0.320281442281702,0.313667285801749
-0.0650072920932654,-3.56977649218328,0,1,0,0.0666404858269017,-1.55863692339321,0,1.50362623888985,1,4,344,-0.686247818017437,3.84310124094722,-0.686247818017437,-0.686247818017437,3.84310124094722,-0.686247818017437,0.236058626457805,0.236442220471385,0.236058626457805,0.292423737901184,0.292758219595998,0.292423737901184
7.2946527899723,4.95795163479188,1,1,1,0.577099300266995,-0.539552685327666,1,1.50362623888985,1,4,344,6.74487114917259,6.74487114917259,1.3537540489283,6.74487114917259,6.74487114917259,1.3537540489283,0.46617341641473,0.46617341641473,0.317228729256474,0.474655261714749,0.474655261714749,0.360063914211717
4.53933160479617,5.97733849347388,0,0,0,0.611671222574433,1.1043976912066,1,0.748255766947932,0,4,345,3.66345575237803,9.98315001272049,3.66345575237803,3.66345575237803,9.98315001272049,3.66345575237803,0.472158455241206,0.631311863556845,0.472158455241206,0.479144523263733,0.599430251206656,0.479144523263733
6.05191956387816,8.63710792377034,1,1,0,1.21498127669537,0.461168279305384,1,0.748255766947932,0,4,345,4.8700758606199,10.1827520424574,4.8700758606199,4.8700758606199,10.1827520424574,4.8700758606199,0.519661553429376,0.778104600566573,0.519661553429376,0.514724353266331,0.720049755019508,0.514724353266331
1.49446958796416,4.2999589206128,1,1,0,-0.913847993491853,-0.409173244393349,0,0.748255766947932,0,4,345,0.612417320245456,2.87984006417284,0.612417320245456,0.612417320245456,2.87984006417284,0.612417320245456,0.521794419051062,0.618201042000287,0.521794419051062,0.516322561884825,0.589307598737835,0.516322561884825
2.38555893596855,4.05832767865375,1,1,0,-0.587531226135762,-1.16757535224677,1,0.748255766947932,0,4,345,1.26505085495764,7.72828305813181,1.26505085495764,1.26505085495764,7.72828305813181,1.26505085495764,0.465407439058747,0.621742456543369,0.465407439058747,0.47408047699203,0.592035310427986,0.47408047699203
3.15595283244559,2.35923101822637,1,1,0,0.140966420302227,0.364446631810449,0,-1.11935919741173,0,4,346,2.02896782777423,4.26178917521221,2.02896782777423,2.02896782777423,4.26178917521221,2.02896782777423,0.726894337755435,0.728771857181946,0.726894337755435,0.675991254972571,0.677559884617161,0.675991254972571
4.82263813054731,4.74232723016723,1,1,1,0.139468881012115,-0.316068268804992,0,-1.11935919741173,0,4,346,4.22587189973938,4.22587189973938,2.025972749194,4.22587189973938,4.22587189973938,2.025972749194,0.729972307484641,0.729972307484641,0.728139441055962,0.678564484993158,0.678564484993158,0.677031163987742
6.06517489536629,7.13926969833237,1,1,1,1.21487031995428,-1.13493575115723,0,-1.11935919741173,0,4,346,7.56485478633315,7.56485478633315,4.17677562707832,7.56485478633315,7.56485478633315,4.17677562707832,0.812255474934056,0.812255474934056,0.681127943705883,0.751250694120218,0.751250694120218,0.638619869910234
1.37921081067454,2.69905695786593,1,1,0,0.28336982643424,-1.37444134827805,0,-1.11935919741173,0,4,346,2.31377464003825,6.30286365989463,2.31377464003825,2.31377464003825,6.30286365989463,2.31377464003825,0.655845756467981,0.664393140468026,0.655845756467981,0.618571039476454,0.625308941280404,0.618571039476454
4.06739656816983,1.128814664149,0,1,0,0.554274160229131,-0.115552193439576,1,0.324172797583567,1,5,347,3.88790812432553,9.00126043373423,3.88790812432553,3.88790812432553,9.00126043373423,3.88790812432553,0.461184566726935,0.613477061865304,0.461184566726935,0.470910568938787,0.585676170600744,0.470910568938787
12.3193833028986,6.46369662609031,0,1,1,1.15852104193291,0.0389216466307058,1,0.324172797583567,1,5,347,10.3523906223798,10.3523906223798,5.25087572780338,10.3523906223798,10.3523906223798,5.25087572780338,0.722247031655831,0.722247031655831,0.461740236577289,0.672121798875633,0.672121798875633,0.471327793589282
4.76944566807485,1.27220288132887,1,0,0,1.00569041281065,0.998576936939572,1,0.324172797583567,1,5,347,5.90486975986771,12.0020256588553,5.90486975986771,5.90486975986771,12.0020256588553,5.90486975986771,0.415446470696714,0.647736848520902,0.415446470696714,0.436401161368169,0.612213466134369,0.436401161368169
11.3346287767503,5.88529712318947,1,1,1,2.35757742002812,0.29865368599057,0,0.324172797583567,1,5,347,10.0979145475094,10.0979145475094,7.90872052335365,10.0979145475094,10.0979145475094,7.90872052335365,0.923796822471499,0.923796822471499,0.45762665292132,0.871445731167018,0.871445731167018,0.468238264477868
10.8794932508352,6.0206291592385,1,1,1,0.282384161502862,-1.70257728612498,1,0.324172797583567,1,5,347,9.7558724494163,9.7558724494163,1.75710303418758,9.7558724494163,9.7558724494163,1.75710303418758,0.452463235921952,0.452463235921952,0.33142268292134,0.464357280110286,0.464357280110286,0.371378199592769
1.74235139784811,1.56919129284322,0,0,0,-0.754447679373931,0.0647651384140769,0,0.315485614899557,0,5,348,1.39157346804359,3.49576799119738,1.39157346804359,1.39157346804359,3.49576799119738,1.39157346804359,0.579931586930378,0.64379512652386,0.579931586930378,0.560092560442038,0.609134581736576,0.560092560442038
3.93145577289042,5.2625118455756,0,0,1,-0.587401410716979,-0.55117821260258,0,0.315485614899557,0,5,348,4.12946342740527,4.12946342740527,1.72566600535749,4.12946342740527,4.12946342740527,1.72566600535749,0.605631186588381,0.605631186588381,0.566075915230251,0.57966195304659,0.57966195304659,0.54961066636335
7.92410590456976,10.7136391047306,1,1,1,1.21631194651688,0.526641470407017,0,0.315485614899557,0,5,348,7.71044395817767,7.71044395817767,5.3330927198252,7.71044395817767,7.71044395817767,5.3330927198252,0.725638881459832,0.725638881459832,0.567303248866273,0.674944082712614,0.674944082712614,0.550537522495185
0.823969034671654,0.368451289485979,0,1,0,-1.05649356816917,0.0405615190116412,0,0.315485614899557,0,5,348,0.787481690453107,2.88912692727764,0.787481690453107,0.787481690453107,2.88912692727764,0.787481690453107,0.580049000378488,0.70100992074198,0.580049000378488,0.560181567701789,0.654664276865781,0.560181567701789
7.67836425644794,8.88599680360942,1,1,1,1.50368912423548,0.09615621191254,0,0.315485614899557,0,5,348,8.01709309235178,8.01709309235178,5.90784707526241,8.01709309235178,8.01709309235178,5.90784707526241,0.801906772215702,0.801906772215702,0.579698902901857,0.741610894415406,0.741610894415406,0.559916180045958
-0.841696996497678,0.148917099950486,0,1,1,-1.59653335804684,-0.952061673653247,0,1.94617407886547,0,4,349,-0.974238830902133,-0.974238830902133,-3.98066026134155,-0.974238830902133,-0.974238830902133,-3.98066026134155,0.642505888459709,0.642505888459709,0.350063199050699,0.608129130657488,0.608129130657488,0.386064923255231
4.87716657995006,5.63247933231076,0,0,1,0.574552173760238,0.658129254024026,1,1.94617407886547,0,4,349,5.89464491727482,5.89464491727482,0.361510802272599,5.89464491727482,5.89464491727482,0.361510802272599,0.524845718837223,0.524845718837223,0.370738889954964,0.518609479921963,0.518609479921963,0.402157592434945
-0.0203911023557555,-0.690675017815531,0,0,0,-0.158067303649696,0.267550620022949,0,1.94617407886547,0,4,349,-1.10372815254727,1.0678551817274,-1.10372815254727,-1.10372815254727,1.0678551817274,-1.10372815254727,0.3868482953759,0.389656582942565,0.3868482953759,0.414573639950754,0.416728392251247,0.414573639950754
4.86783296216696,3.9664229899673,1,1,1,0.689030136707612,-0.54850076002504,0,1.94617407886547,0,4,349,2.99131981191539,2.99131981191539,0.590466728167348,2.99131981191539,2.99131981191539,0.590466728167348,0.430589456775847,0.430589456775847,0.376603107951578,0.447870386890436,0.447870386890436,0.406688761256841
6.6261153524393,9.89821455982665,0,0,1,-0.144391723418489,0.798861191290359,0,0.769820784765715,1,4,350,5.65563290674593,5.65563290674593,2.91745370379608,5.65563290674593,5.65563290674593,2.91745370379608,0.383548943573843,0.383548943573843,0.38121823440572,0.412038581363078,0.412038581363078,0.410245421778298
5.96325675626086,7.39849443750976,1,1,1,0.0442248346179796,0.00414697515040668,0,0.769820784765715,1,4,350,4.59998980113196,4.59998980113196,2.49997260372907,4.59998980113196,4.59998980113196,2.49997260372907,0.410307947229534,0.410307947229534,0.410084213809773,0.432496652288736,0.432496652288736,0.432326489961988
-0.473405031059831,0.24864520738804,0,0,0,-0.788085180549896,-0.377689660853866,0,0.769820784765715,1,4,350,0.453515937389042,2.69616541730495,0.453515937389042,0.453515937389042,2.69616541730495,0.453515937389042,0.403573721360902,0.475728933440061,0.403573721360902,0.427368807940569,0.481821257786636,0.427368807940569
4.79199265340058,8.30417612503241,0,0,0,0.145697216025928,1.94490460994848,0,0.769820784765715,1,4,350,4.64367500134303,10.5263289431419,4.64367500134303,4.64367500134303,10.5263289431419,4.64367500134303,0.25306177743772,0.254983778286744,0.25306177743772,0.307093064349369,0.308731965587818,0.307093064349369
-1.44762183148223,-1.98251922554918,1,1,1,0.370799870650446,-0.604063911369796,0,-2.88848425038421,1,6,351,-2.74091222576717,-2.74091222576717,-5.20580543478655,-2.74091222576717,-2.74091222576717,-5.20580543478655,0.797138747385067,0.797138747385067,0.786250539355006,0.737226350983352,0.737226350983352,0.72733935616605
0.0470608001506917,-0.897528594010352,1,1,1,-0.167015324529908,-0.290863011683529,1,-2.88848425038421,1,6,351,-0.783633633895377,-0.783633633895377,-5.96823492546099,-0.783633633895377,-0.783633633895377,-5.96823492546099,0.864446992176296,0.864446992176296,0.795159670881453,0.803001054240001,0.803001054240001,0.735416508334119
-1.79375290854514,-2.00780580233642,1,1,1,-0.275566871379036,0.411682591978574,0,-2.88848425038421,1,6,351,-3.21330985895894,-3.21330985895894,-5.48279241549714,-3.21330985895894,-3.21330985895894,-5.48279241549714,0.798426610940134,0.798426610940134,0.792490111158482,0.738407228249544,0.738407228249544,0.732984347122378
1.84566520907474,-0.426495274192258,1,1,1,0.904729361304555,1.13951215585392,0,-2.88848425038421,1,6,351,1.00411756708424,1.00411756708424,-2.39437038625461,1.00411756708424,1.00411756708424,-2.39437038625461,0.820032963507403,0.820032963507403,0.754648408592395,0.758613789253779,0.758613789253779,0.699519927558642
-0.602623112470002,0.537033653977028,0,0,1,-0.537061056044516,1.6544450025022,0,-2.88848425038421,1,6,351,0.0741698920000105,0.0741698920000105,-4.76301837430448,0.0741698920000105,0.0741698920000105,-4.76301837430448,0.728389015084769,0.728389015084769,0.700368635529641,0.677239773475144,0.677239773475144,0.654142500715352
0.968229260478275,-0.630204158192231,1,1,1,0.465853158049941,0.952778817219849,0,-2.88848425038421,1,6,351,-0.451068656855059,-0.451068656855059,-3.45885613139791,-0.451068656855059,-0.451068656855059,-3.45885613139791,0.786239364080613,0.786239364080613,0.768231875419108,0.727329294554957,0.727329294554957,0.711329173578979
10.6810804911247,9.17530489137475,0,0,1,0.935405346094938,0.0642395901195859,1,0.194741203301524,1,4,352,10.0012528709849,10.0012528709849,4.89712614604614,10.0012528709849,10.0012528709849,4.89712614604614,0.688764615192537,0.688764615192537,0.476837193750557,0.644751100107069,0.644751100107069,0.482651916335469
4.26917727331884,5.1995186802778,0,0,0,0.380765429851866,-0.874024987635505,1,0.194741203301524,1,4,352,2.8495817358049,8.71350141481615,2.8495817358049,2.8495817358049,8.71350141481615,2.8495817358049,0.441212458517422,0.575531235405349,0.441212458517422,0.455887505912841,0.55675911913787,0.455887505912841
1.09119691566757,1.55104003276121,1,0,0,-1.11290386297437,0.0924185048203981,0,0.194741203301524,1,4,352,0.828686642608325,2.93722782264156,0.828686642608325,0.828686642608325,2.93722782264156,0.828686642608325,0.476629221901735,0.620489398721109,0.476629221901735,0.482496044535527,0.591069628965044,0.482496044535527
3.8093723549686,3.78905746928964,0,0,0,-0.464813389161006,1.19050400309368,0,0.194741203301524,1,4,352,3.22295308850835,6.74025286989043,3.22295308850835,3.22295308850835,6.74025286989043,3.22295308850835,0.411018641654612,0.435942895991164,0.411018641654612,0.433037087612145,0.451913255023113,0.433037087612145
2.066075139745,1.67692381562878,1,1,1,-1.26487079111069,-0.378224251652582,0,-0.252742279805914,1,4,353,2.27120909066271,2.27120909066271,0.0281555061245562,2.27120909066271,2.27120909066271,0.0281555061245562,0.700549343302956,0.700549343302956,0.523060221564313,0.654289501807457,0.654289501807457,0.517271192204509
4.61114085772429,5.10355404967883,1,0,0,1.30587727720035,0.0883776382396078,0,-0.252742279805914,1,4,353,5.63625353263882,7.74406413957963,5.63625353263882,5.63625353263882,7.74406413957963,5.63625353263882,0.529428060966628,0.716236181113026,0.529428060966628,0.522045178662232,0.667144223933995,0.522045178662232
9.63328829544853,7.40504211821238,1,1,1,0.185484813738727,-1.38298123672466,1,-0.252742279805914,1,4,353,8.93674683188378,8.93674683188378,1.9241097307513,8.93674683188378,8.93674683188378,1.9241097307513,0.561323090324204,0.561323090324204,0.439814882836366,0.546024148052771,0.546024148052771,0.454833952805413
1.78226984934257,0.0517287163962521,0,1,0,-0.771668309668123,-0.200774517083379,0,-0.252742279805914,1,4,353,1.19201020357888,3.33232061028895,1.19201020357888,1.19201020357888,3.33232061028895,1.19201020357888,0.527898583666184,0.597019188484642,0.527898583666184,0.520898239088543,0.573083280983437,0.520898239088543
2.94577386002594,-0.55402280864474,1,1,1,1.21157291651126,-0.0658262117579476,0,2.310697267712,1,6,354,2.12233084840727,2.12233084840727,0.0179977582528722,2.12233084840727,2.12233084840727,0.0179977582528722,0.401567076520964,0.401567076520964,0.25040179615789,0.425838316343742,0.425838316343742,0.304818647389979
4.15547628750684,0.313899416252304,0,1,1,0.0383223340379258,-0.189303100535347,1,2.310697267712,1,6,354,2.6838553684011,2.6838553684011,-2.4519802954712,2.6838553684011,2.6838553684011,-2.4519802954712,0.348466002927563,0.348466002927563,0.249272886415591,0.384813534118711,0.384813534118711,0.303851153841583
-1.16178377482817,-4.10683442605356,0,0,1,-0.995028750832039,0.536008834908967,0,2.310697267712,1,6,354,-1.40606505866635,-1.40606505866635,-3.79337052976682,-1.40606505866635,-1.40606505866635,-3.79337052976682,0.336505294860525,0.336505294860525,0.240379159088514,0.375401133533203,0.375401133533203,0.296181363003547
-3.63762763089994,-6.66503354967862,1,0,1,-1.44557264354519,-0.600348917718015,0,2.310697267712,1,6,354,-3.37039724481491,-3.37039724481491,-5.8308160678201,-3.37039724481491,-3.37039724481491,-5.8308160678201,0.457001477610261,0.457001477610261,0.237832889513837,0.46776854600884,0.46776854600884,0.293969416479134
-0.778466638838036,-2.21253593325967,0,0,0,1.09251359053784,-1.24679744150874,0,2.310697267712,1,6,354,-1.40109212344476,2.25341173670797,-1.40109212344476,-1.40109212344476,2.25341173670797,-1.40109212344476,0.198812130110752,0.305120097927461,0.198812130110752,0.259052413849513,0.350311310773563,0.259052413849513
1.33988995409692,1.24732140946782,0,0,1,-0.249403939670828,-0.414462404345695,1,2.310697267712,1,6,354,2.01918693791696,2.01918693791696,-3.25259214669906,2.01918693791696,2.01918693791696,-3.25259214669906,0.34915063762704,0.34915063762704,0.244438899452344,0.385350092977209,0.385350092977209,0.2996930729629
10.2809720285433,6.89800495889729,0,0,0,1.50196526031201,1.79326214487954,0,-0.6341642144158,1,6,355,7.39502841465795,12.7108175349159,7.39502841465795,7.39502841465795,12.7108175349159,7.39502841465795,0.423605593329029,0.681088798239107,0.423605593329029,0.442587337806241,0.638588537300111,0.442587337806241
7.6680453441176,4.66087874399762,1,0,0,0.746663629580726,0.35515980032477,1,-0.6341642144158,1,6,355,4.44632280864061,9.67246129240734,4.44632280864061,4.44632280864061,9.67246129240734,4.44632280864061,0.568478384478477,0.73393820599011,0.568478384478477,0.551425239698488,0.681892658270819,0.551425239698488
2.63979317856604,2.28577682527602,1,0,0,0.0850986552449545,-0.682867699091267,0,-0.6341642144158,1,6,355,2.08516536055303,4.65147365501523,2.08516536055303,2.08516536055303,4.65147365501523,2.08516536055303,0.552645133581627,0.553490654222195,0.552645133581627,0.539485951752188,0.54012244818874,0.539485951752188
0.901084649181538,1.20437123445951,0,0,0,-0.528311168211006,-1.15983032360997,0,-0.6341642144158,1,6,355,0.381383089122409,3.82658946868762,0.381383089122409,0.381383089122409,3.82658946868762,0.381383089122409,0.511337924179535,0.544171363804217,0.511337924179535,0.508489460094503,0.533112780675037,0.508489460094503
2.04015945916175,3.71797384751467,1,1,0,-0.558566430612151,0.280950949083356,0,-0.6341642144158,1,6,355,1.76165383701344,3.94058727280428,1.76165383701344,1.76165383701344,3.94058727280428,1.76165383701344,0.570665769642063,0.606371257447286,0.570665769642063,0.553078373865715,0.580228376202802,0.553078373865715
4.72787102341664,2.2735506314892,1,0,1,-1.05932614521608,-0.200502177127635,0,-0.6341642144158,1,6,355,2.41888240462752,2.41888240462752,0.278681281594596,2.41888240462752,2.41888240462752,0.278681281594596,0.695015298447666,0.695015298447666,0.572458587604002,0.649798297650693,0.649798297650693,0.554434054066663
4.00257877874761,3.20924199899848,0,1,0,0.389579530164011,-0.083826650832286,1,-1.00112477657619,0,5,356,2.7769082420533,7.88393514944306,2.7769082420533,2.7769082420533,7.88393514944306,2.7769082420533,0.720418986067576,0.81734732754885,0.720418986067576,0.670604802382684,0.756059269729876,0.670604802382684
-2.27353298761879,-0.809331821616202,1,1,0,-1.9458763371688,0.00742558180801449,0,-1.00112477657619,0,5,356,-1.89400349261233,0.206051646652857,-1.89400349261233,-1.89400349261233,0.206051646652857,-1.89400349261233,0.720686635670861,0.941851831736314,0.720686635670861,0.670826733939529,0.895603509012016,0.670826733939529
-0.764950499735509,0.738000236287201,0,1,0,-1.29281107576201,-0.755963588749108,0,-1.00112477657619,0,5,356,-0.587872969798743,2.08360797771569,-0.587872969798743,-0.587872969798743,2.08360797771569,-0.587872969798743,0.698260018539535,0.837571815592023,0.698260018539535,0.652428936245142,0.775630355334357,0.652428936245142
7.23565004777086,7.92104666037679,1,0,1,-0.11603551630371,-1.75326295865978,0,-1.00112477657619,0,5,356,6.93960915132629,6.93960915132629,1.76567814911785,6.93960915132629,6.93960915132629,1.76567814911785,0.59165208773768,0.59165208773768,0.590113060399834,0.56899452424162,0.56899452424162,0.56782355287126
-1.12625935503005,1.7534114984408,1,0,0,-0.88649190520296,-0.386011746377875,0,-1.00112477657619,0,5,356,0.224765371319355,2.47377043966105,0.224765371319355,0.224765371319355,2.47377043966105,0.224765371319355,0.71493579505089,0.785027160495036,0.71493579505089,0.666071296303606,0.726238907237791,0.666071296303606
4.25571427000191,0.602551971918265,1,1,1,-1.42320703227977,0.949803567248568,1,1.12227994179529,1,5,357,5.84600405129108,5.84600405129108,-0.156122765067028,5.84600405129108,5.84600405129108,-0.156122765067028,0.674724606425997,0.674724606425997,0.331480527809318,0.633507102244951,0.633507102244951,0.371424065811718
0.597420389330042,-3.57677797147693,1,1,1,-2.55191922380029,-0.542699851632844,1,1.12227994179529,1,5,357,1.48847256197283,1.48847256197283,-3.90605056698948,1.48847256197283,1.48847256197283,-3.90605056698948,0.953646089259162,0.953646089259162,0.357503577696757,0.912681729468615,0.912681729468615,0.391878246029016
2.35780283068931,-0.613383132213328,0,1,1,-0.211750730240928,-1.07650782137116,0,1.12227994179529,1,5,357,3.49934753986421,3.49934753986421,0.240478450390937,3.49934753986421,3.49934753986421,0.240478450390937,0.325421166786434,0.325421166786434,0.320763356094268,0.366608998715365,0.366608998715365,0.36289285950334
6.86388432464243,3.3020050951538,1,1,1,0.0381927487452412,0.563467285618841,1,1.12227994179529,1,5,357,7.79783589731594,7.79783589731594,2.38034051535327,7.79783589731594,7.79783589731594,2.38034051535327,0.470783531137489,0.470783531137489,0.356503822778866,0.478113496901656,0.478113496901656,0.391098628200343
2.92874756070131,1.37801062459533,0,1,1,0.715066895305963,-0.109543340887777,0,1.12227994179529,1,5,357,5.17307792550096,5.17307792550096,3.0610781819681,5.17307792550096,5.17307792550096,3.0610781819681,0.427810305210857,0.427810305210857,0.369893774027107,0.445769311953268,0.445769311953268,0.401503449876488
0.183123969650764,-0.835160465173393,0,1,0,-0.715031243295066,0.883475944476945,0,1.76504682351394,1,6,358,-0.661976831309835,2.2185529131596,-0.661976831309835,-0.661976831309835,2.2185529131596,-0.661976831309835,0.272062741687846,0.322820041183517,0.272062741687846,0.32313778944685,0.364535367154181,0.32313778944685
-3.88092777612472,-3.24505235076993,0,1,0,-1.63301282127734,0.667763805679411,0,1.76504682351394,1,6,358,-2.71365212607192,-0.167743625896468,-2.71365212607192,-2.71365212607192,-0.167743625896468,-2.71365212607192,0.284880980089022,0.584586314231613,0.284880980089022,0.333777607890221,0.563623721731381,0.333777607890221
0.863201048359925,0.904590601533924,1,1,1,-0.997996842630667,0.859051647463504,0,1.76504682351394,1,6,358,1.58563740601528,1.58563740601528,-1.25233232699448,1.58563740601528,1.58563740601528,-1.25233232699448,0.376856397842439,0.376856397842439,0.273673705651484,0.406884169592309,0.406884169592309,0.32448271678502
3.27382071434924,1.3199580333941,1,1,1,0.121207996459243,0.628684155510488,0,1.76504682351394,1,6,358,3.25095362662226,3.25095362662226,0.755709859232324,3.25095362662226,3.25095362662226,0.755709859232324,0.288285476394708,0.288285476394708,0.286851854927458,0.33658066842258,0.33658066842258,0.335401436509568
-1.44802332703551,-1.73468900648018,0,1,0,-0.913484565443948,0.522140662072468,0,1.76504682351394,1,6,358,-1.42021875801208,0.952412112977397,-1.42021875801208,-1.42021875801208,0.952412112977397,-1.42021875801208,0.291653686859471,0.379594471556332,0.291653686859471,0.339344860437338,0.408994978367585,0.339344860437338
3.32443019826056,1.85663428173387,0,0,0,0.899587039805454,0.440257007245023,0,1.76504682351394,1,6,358,2.12404079765928,4.41786703008763,2.12404079765928,2.12404079765928,4.41786703008763,2.12404079765928,0.294763663530761,0.380299852180047,0.294763663530761,0.34188937624667,0.409538305349908,0.34188937624667
4.47861583929655,7.08027409795333,1,1,0,0.229557297629722,0.0924387601105366,0,0.187861788054368,0,5,359,3.42382254384846,5.53236746821923,3.42382254384846,3.42382254384846,5.53236746821923,3.42382254384846,0.594357351649825,0.600351803921823,0.594357351649825,0.571054419346393,0.575626352545715,0.571054419346393
4.00502521595736,6.76441337772969,1,0,0,0.585568909530585,-0.0892173250175681,0,0.187861788054368,0,5,359,4.13584576765019,6.24380549873348,4.13584576765019,4.13584576765019,6.24380549873348,4.13584576765019,0.594384039656132,0.632836142609113,0.594384039656132,0.571074750924165,0.600611590948824,0.571074750924165
4.81837468495844,5.55385269410062,1,0,1,-0.507707416672666,-0.757956853057864,0,0.187861788054368,0,5,359,4.62379170634106,4.62379170634106,1.94929311524368,4.62379170634106,4.62379170634106,1.94929311524368,0.597930912288002,0.597930912288002,0.56831957165558,0.573778675257954,0.573778675257954,0.55130525363254
9.80112389142339,13.1299161617525,1,1,1,0.276438090905572,-0.675986402717275,1,0.187861788054368,0,5,359,9.0745417470588,9.0745417470588,3.51758413040016,9.0745417470588,9.0745417470588,3.51758413040016,0.691528237636405,0.691528237636405,0.573761761257567,0.646979349929697,0.646979349929697,0.555419909961441
4.11280529161857,8.06762318649083,1,1,0,1.18220814800754,-0.820568723497358,0,0.187861788054368,0,5,359,5.3291242446041,8.10245727458619,5.3291242446041,5.3291242446041,8.10245727458619,5.3291242446041,0.56373125403731,0.714828820551248,0.56373125403731,0.547840838234807,0.665983094311563,0.547840838234807
11.4952151181148,10.3028329453398,0,0,1,1.1815372799118,0.202733436929104,1,0.645009766942628,1,6,360,10.2908712437504,10.2908712437504,5.14977039730131,10.2908712437504,10.2908712437504,5.14977039730131,0.694442825963942,0.694442825963942,0.422532902033129,0.649334934642677,0.649334934642677,0.441774931321111
7.49205229438926,6.65859171953986,1,0,1,-0.899092374059496,1.59438565120656,0,0.645009766942628,1,6,360,7.02222890840956,7.02222890840956,2.38016330363619,7.02222890840956,7.02222890840956,2.38016330363619,0.400550522267673,0.400550522267673,0.312945370458833,0.425062521767707,0.425062521767707,0.356625074756537
6.36476358578933,5.22850267314339,1,1,1,-1.27814011953587,-0.198039147727518,1,0.645009766942628,1,6,360,4.96886251778199,4.96886251778199,-0.170356986250651,4.96886251778199,4.96886251778199,-0.170356986250651,0.717977228365178,0.717977228365178,0.422619688664577,0.668582894350331,0.668582894350331,0.441840669270626
10.3952992084563,8.779726107424,1,0,1,0.339014701452518,1.66837013196569,0,0.645009766942628,1,6,360,9.81382083265455,9.81382083265455,4.93036193541934,9.81382083265455,9.81382083265455,4.93036193541934,0.314826131566658,0.314826131566658,0.303159049300151,0.358136477868693,0.358136477868693,0.348722475582086
5.64790529015574,5.80955954906209,1,0,1,0.208146309265738,-0.550983346589457,0,0.645009766942628,1,6,360,4.85285432070955,4.85285432070955,2.44927167249064,4.85285432070955,4.85285432070955,2.44927167249064,0.415436966807224,0.415436966807224,0.410471436984077,0.436393946128856,0.436393946128856,0.432620987261845
6.37586507133058,5.49962585362222,1,1,1,0.667254956854773,-0.656216458032981,0,0.645009766942628,1,6,360,5.79287589601853,5.79287589601853,3.26225585622518,5.79287589601853,5.79287589601853,3.26225585622518,0.456199520187546,0.456199520187546,0.404669606326637,0.467165932700815,0.467165932700815,0.428204154817891
7.98236676094793,5.94381045756273,0,0,1,-0.589187470987013,-0.946139220535283,1,0.441170102376752,1,5,361,6.67603420289469,6.67603420289469,0.680854778259578,6.67603420289469,6.67603420289469,0.680854778259578,0.564323183886052,0.564323183886052,0.406723765802931,0.548287547798871,0.548287547798871,0.429769025687375
0.82864625258786,3.81195006069637,1,1,1,-1.78440039696506,0.823525053858405,0,0.441170102376752,1,5,361,2.83828671502966,2.83828671502966,0.0600932006971735,2.83828671502966,2.83828671502966,0.0600932006971735,0.763619341896511,0.763619341896511,0.416662476082454,0.707295446469272,0.707295446469272,0.43732415077772
3.48266488205878,7.02694629237891,0,1,1,1.29929828652083,0.0302098568471774,0,0.441170102376752,1,5,361,7.53508800610845,7.53508800610845,5.43417537065772,7.53508800610845,7.53508800610845,5.43417537065772,0.643209373148069,0.643209373148069,0.448067982254261,0.608677669384624,0.608677669384624,0.461050779801502
6.39806836626724,6.16236617365708,1,0,1,0.489936807013773,0.368164247062772,0,0.441170102376752,1,5,361,6.3889517146745,6.3889517146745,4.15340680185921,6.3889517146745,6.3889517146745,4.15340680185921,0.46989773286871,0.46989773286871,0.441785673196206,0.477449171550881,0.477449171550881,0.456319522210832
9.88655674229509,10.9131772887264,0,1,1,0.493252717904784,1.13939997143886,1,0.441170102376752,1,5,361,11.3295066429322,11.3295066429322,4.93127434801731,11.3295066429322,11.3295066429322,4.93127434801731,0.533333703711151,0.533333703711151,0.388459707506647,0.524974907854468,0.524974907854468,0.415810381081595
5.31014094265544,2.79136021372156,1,0,1,-0.563256093562154,-1.00995878761869,1,1.55961218754093,1,5,362,4.551155602419,4.551155602419,-1.56886115026922,4.551155602419,4.551155602419,-1.56886115026922,0.423812162908544,0.423812162908544,0.282536938030969,0.442743753919255,0.442743753919255,0.331842230175688
4.84199704002946,5.73451494977267,0,0,1,-0.265510349482606,0.388542555125206,1,1.55961218754093,1,5,362,5.676096997777,5.676096997777,0.425131680633774,5.676096997777,5.676096997777,0.425131680633774,0.435490677672259,0.435490677672259,0.317236424288565,0.451571959224834,0.451571959224834,0.360070081478143
5.64013426561013,3.51607239956695,0,0,1,0.363630671274407,-0.408677495676694,1,1.55961218754093,1,5,362,6.15321096681847,6.15321096681847,0.886193671345899,6.15321096681847,6.15321096681847,0.886193671345899,0.441925035910191,0.441925035910191,0.316575922840499,0.456424547606239,0.456424547606239,0.359540578450035
7.87071737189998,8.59752853107142,1,0,1,1.27239966054522,0.425119809794543,1,1.55961218754093,1,5,362,8.81825580803852,8.81825580803852,3.53752895535877,8.81825580803852,8.81825580803852,3.53752895535877,0.614530527344386,0.614530527344386,0.316012366247263,0.586485302968803,0.586485302968803,0.359088573134827
4.75255850887063,1.50530657522171,0,0,1,-1.30618841724195,0.605385846400539,1,1.55961218754093,1,5,362,4.02711085941251,4.02711085941251,-1.43938116360959,4.02711085941251,4.02711085941251,-1.43938116360959,0.615967006585747,0.615967006585747,0.308427562248837,0.587589249080559,0.587589249080559,0.352984967798324
8.22005993638939,4.34968464064329,0,0,1,1.64231985930292,0.394005059914608,0,1.29134933319566,1,5,363,7.26630166541389,7.26630166541389,5.01106167817558,7.26630166541389,7.26630166541389,5.01106167817558,0.653706413437517,0.653706413437517,0.34525544842762,0.616890561286022,0.616890561286022,0.382294257023266
3.29621477333328,-1.05722065897956,1,0,0,-0.142959443943705,0.521396094146571,0,1.29134933319566,1,5,363,1.56789410591429,3.93974799290559,1.56789410591429,1.56789410591429,3.93974799290559,1.56789410591429,0.34027078507253,0.342450696514228,0.34027078507253,0.378372431486144,0.380089125679529,0.378372431486144
6.38406136317831,6.21837721249179,0,1,1,0.146474104624707,-0.240856142460633,1,1.29134933319566,1,5,363,6.54252064780493,6.54252064780493,1.38450896644391,6.54252064780493,6.54252064780493,1.38450896644391,0.465460225802094,0.465460225802094,0.349436518596592,0.47412008971132,0.47412008971132,0.385574074014373
3.70181650206817,3.15014303617992,0,1,0,1.42452548519459,-1.03518682202642,0,1.29134933319566,1,5,363,3.14628104801788,6.31789280451504,3.14628104801788,3.14628104801788,6.31789280451504,3.14628104801788,0.307031110303985,0.536440158312391,0.307031110303985,0.351857033071153,0.527306186267233,0.351857033071153
10.5134420822733,11.1849322106872,0,1,1,2.09990123902072,1.28303270597336,0,1.29134933319566,1,5,363,10.5614250082672,10.5614250082672,6.81525208366993,10.5614250082672,10.5614250082672,6.81525208366993,0.762592151171235,0.762592151171235,0.284259397614449,0.706400532156345,0.706400532156345,0.333264829086956
10.8552992010303,10.8075722180294,0,0,1,0.129498437063036,1.41156836438681,1,0.73164146361081,1,5,364,11.227791254576,11.227791254576,4.13526600723831,11.227791254576,11.227791254576,4.13526600723831,0.439865030681314,0.439865030681314,0.326708660536398,0.454871762337391,0.454871762337391,0.367633899707376
-1.95859199147265,-0.844188572425737,1,0,0,-1.33852862177356,-0.292437167427342,0,0.73164146361081,1,5,364,-0.504793642249034,1.68072585464389,-0.504793642249034,-0.504793642249034,1.68072585464389,-0.504793642249034,0.410539351210974,0.618861852111694,0.410539351210974,0.43267263433947,0.589816222093963,0.43267263433947
2.08052656824789,3.89868354375774,1,0,0,-0.451721175109207,0.780196967018892,0,0.73164146361081,1,5,364,2.34145538552591,5.05016269287139,2.34145538552591,2.34145538552591,5.05016269287139,2.34145538552591,0.386812713867789,0.409941847319595,0.386812713867789,0.414546321365775,0.432218204897981,0.414546321365775
3.61937294122746,3.36105190769686,1,0,0,0.632108759499138,-0.254675256010051,0,0.73164146361081,1,5,364,3.47424303171366,5.63910251773744,3.47424303171366,3.47424303171366,5.63910251773744,3.47424303171366,0.411485236407333,0.457840769180568,0.411485236407333,0.433391828120502,0.468399127237947,0.433391828120502
4.90859475738112,4.76566234507027,0,0,0,1.25802166905974,-0.451138919341858,0,0.73164146361081,1,5,364,4.52960518750306,6.833131512048,4.52960518750306,4.52960518750306,6.833131512048,4.52960518750306,0.40514886498012,0.589885925145754,0.40514886498012,0.428569364520796,0.567650791254066,0.428569364520796
-0.394803614492657,3.71386609938862,0,1,0,-0.545504619254773,-0.450270396128214,0,-1.04024766008202,0,6,365,0.826875567184338,3.1296189968138,0.826875567184338,0.826875567184338,3.1296189968138,0.826875567184338,0.716644355500285,0.74456861584182,0.716644355500285,0.667481285642243,0.690886891412439,0.667481285642243
1.96226555578399,4.86677526411979,1,1,0,-0.290803711171144,-0.661258043504947,1,-1.04024766008202,0,6,365,1.3362773833516,6.87353958345159,1.3362773833516,1.3362773833516,6.87353958345159,1.3362773833516,0.707484259053561,0.802518192453859,0.707484259053561,0.659949084876204,0.742175666693392,0.659949084876204
-2.32549997233723,1.79090656706582,0,0,0,-2.08381370784807,0.15568832321514,0,-1.04024766008202,0,6,365,-2.24974261000225,-0.125503756016713,-2.24974261000225,-2.24974261000225,-0.125503756016713,-2.24974261000225,0.723503868012579,0.955795415042495,0.723503868012579,0.67316642878983,0.915929023971334,0.67316642878983
3.01766677150553,6.7116593216985,1,1,0,0.762963537297894,0.718069831444788,0,-1.04024766008202,0,6,365,3.44381188028967,6.05943616312082,3.44381188028967,3.44381188028967,6.05943616312082,3.44381188028967,0.704386697161232,0.758789159367493,0.704386697161232,0.657416735454001,0.703097734509849,0.657416735454001
-1.37507712179017,2.83565874061803,0,0,0,-0.899159068308544,-1.92634667441517,1,-1.04024766008202,0,6,365,0.119566669076796,8.93037817910717,0.119566669076796,0.119566669076796,8.93037817910717,0.119566669076796,0.56525493546888,0.754233867286922,0.56525493546888,0.548990843925592,0.699162774437156,0.548990843925592
7.20735317081463,10.7667078000189,1,1,1,0.0200086215441711,0.240357190217691,1,-1.04024766008202,0,6,365,7.11567362767157,7.11567362767157,1.95790204878223,7.11567362767157,7.11567362767157,1.95790204878223,0.807624051287148,0.807624051287148,0.722222814715949,0.746915045308461,0.746915045308461,0.672101684020196
-2.48703716352796,-2.92285051869752,1,1,0,-1.89197341744717,-0.023671069833021,0,0.768983032039185,0,4,366,-1.37528173845853,0.725278581088512,-1.37528173845853,-1.37528173845853,0.725278581088512,-1.37528173845853,0.527213059909575,0.860290450004315,0.527213059909575,0.520384233553209,0.79865199833411,0.520384233553209
9.19568298331513,7.4881272504182,1,0,1,2.1701781419766,0.226222674825368,0,0.768983032039185,0,4,366,8.90019807899418,8.90019807899418,6.74902138038903,8.90019807899418,8.90019807899418,6.74902138038903,0.913626436090527,0.913626436090527,0.524829683510871,0.85867987695263,0.85867987695263,0.518597459935828
9.9786715174934,6.57338551289293,1,1,1,0.498806374518928,-1.72319460652338,0,0.768983032039185,0,4,366,8.47567749742493,8.47567749742493,3.40627784547368,8.47567749742493,8.47567749742493,3.40627784547368,0.417181027505695,0.417181027505695,0.38887799861713,0.437717636693112,0.437717636693112,0.416131268637494
8.22865061375408,5.79965894231701,1,1,0,2.09273638333711,0.41624227718298,0,0.768983032039185,0,4,366,6.59413786311003,8.8673954964245,6.59413786311003,6.59413786311003,8.8673954964245,6.59413786311003,0.519077017886481,0.897837052556195,0.519077017886481,0.514286392618639,0.839828760948459,0.514286392618639
10.0196916283424,10.3610900551305,1,1,1,-0.191424369935077,1.37020398373573,1,0.877071280832552,0,6,367,8.82535618551386,8.82535618551386,1.84789722846859,8.82535618551386,8.82535618551386,1.84789722846859,0.548080643053699,0.548080643053699,0.426388536326971,0.53605171702227,0.53605171702227,0.444693802635465
-0.852772765210581,3.09019106110493,0,0,0,-1.11363969520118,-0.823497976676214,0,0.877071280832552,0,6,367,0.00346657793639138,2.78161549552621,0.00346657793639138,0.00346657793639138,2.78161549552621,0.00346657793639138,0.4825004772867,0.626210518283941,0.4825004772867,0.486895439642513,0.595483568105144,0.486895439642513
4.16029410224759,5.76085372137611,1,0,0,0.544478193159589,-1.36791944684636,0,0.877071280832552,0,6,367,3.31970235465792,7.29090596771838,3.31970235465792,3.31970235465792,7.29090596771838,3.31970235465792,0.426677769053151,0.461233558362498,0.426677769053151,0.444912630629722,0.470947355692924,0.444912630629722
3.46295341030983,4.89421795374408,1,1,1,-1.70615035980788,0.0131962225775647,1,0.877071280832552,0,6,367,3.9186193890133,3.9186193890133,-1.18155475127701,3.9186193890133,3.9186193890133,-1.18155475127701,0.87282839915001,0.87282839915001,0.514496234107551,0.811915200764258,0.811915200764258,0.510854865717684
4.24569422445694,4.17436742480538,0,1,1,-0.895383056513279,-0.615855608190452,0,0.877071280832552,0,6,367,2.91925798545182,2.91925798545182,0.439979855312188,2.91925798545182,2.91925798545182,0.439979855312188,0.590270411140759,0.590270411140759,0.496603076158336,0.567943243794858,0.567943243794858,0.497456682703802
6.51218535548496,6.57892946044217,0,1,1,-1.53806133210941,-1.61743124211162,1,0.877071280832552,0,6,367,6.87070712707867,6.87070712707867,-0.845376695880067,6.87070712707867,6.87070712707867,-0.845376695880067,0.761060360278211,0.761060360278211,0.392622153793654,0.70506824310538,0.70506824310538,0.419000924402717
6.48441785925164,5.37685675663352,0,1,0,0.567052973990593,1.19894179045009,0,0.354237625830917,1,4,368,5.20756344287695,8.7450248597646,5.20756344287695,5.20756344287695,8.7450248597646,5.20756344287695,0.39197723957886,0.428745929029555,0.39197723957886,0.418506972444886,0.446476836614879,0.418506972444886
3.53843831220928,2.42200944941704,1,1,0,-0.0716330962414581,1.02562584701834,0,0.354237625830917,1,4,368,3.7568753589811,6.90878373705319,3.7568753589811,3.7568753589811,6.90878373705319,3.7568753589811,0.409492595537129,0.410079408233239,0.409492595537129,0.431876464480463,0.432322834892292,0.431876464480463
2.56928500913533,0.686151788532626,0,1,0,-0.598644098343119,-0.361486239192503,0,0.354237625830917,1,4,368,1.31574126856693,3.54641356969247,1.31574126856693,1.31574126856693,3.54641356969247,1.31574126856693,0.45216292117652,0.494319617000857,0.45216292117652,0.464131444648516,0.495746975506604,0.464131444648516
3.97076022415889,3.20183705027336,1,0,0,0.432211159037209,0.263068444784179,0,0.354237625830917,1,4,368,4.00200646730427,6.17121147394544,4.00200646730427,4.00200646730427,6.17121147394544,4.00200646730427,0.455040918560441,0.476987808377297,0.455040918560441,0.466295181965192,0.48276479794673,0.466295181965192
1.15197678942305,0.809204039911292,1,0,0,-0.768556275456199,-0.439169322722784,0,-0.769399218873313,1,6,369,0.431742968361954,2.72461266238274,0.431742968361954,0.431742968361954,2.72461266238274,0.431742968361954,0.581015306280091,0.647147293264493,0.581015306280091,0.560914217560779,0.611752496186094,0.560914217560779
2.49283396227168,3.75445179261822,1,1,0,0.655594554850426,0.0817455741068324,0,-0.769399218873313,1,6,369,3.80095952580482,5.90764186469088,3.80095952580482,3.80095952580482,5.90764186469088,3.80095952580482,0.589561003502285,0.637741218878873,0.589561003502285,0.567403676422935,0.604419803557194,0.567403676422935
0.735931532137147,-0.610121067067171,1,0,0,-1.48012890062012,0.0127168562604911,0,-0.769399218873313,1,6,369,-0.539516102982615,1.56064561545054,-0.539516102982615,-0.539516102982615,1.56064561545054,-0.539516102982615,0.589859387906876,0.803295031025724,0.589859387906876,0.567630607642691,0.742894079138802,0.567630607642691
0.549604993976743,2.64655875919955,1,0,0,-0.436549083131847,-1.66095322067699,0,-0.769399218873313,1,6,369,-0.12602654494355,4.73273905633373,-0.12602654494355,-0.12602654494355,4.73273905633373,-0.12602654494355,0.460645609729555,0.483066218013289,0.460645609729555,0.470505859936686,0.487319254159018,0.470505859936686
8.8770401002114,6.53070747270289,1,0,1,0.498642233442933,1.0571125313005,0,-0.769399218873313,1,6,369,7.67990874401606,7.67990874401606,4.4624218401835,7.67990874401606,7.67990874401606,4.4624218401835,0.567010323494309,0.567010323494309,0.537981103669536,0.550316284584856,0.550316284584856,0.528462980842636
3.29351063031558,3.59352914692481,0,0,0,0.0440107917249115,-0.17476116415584,0,-0.769399218873313,1,6,369,2.32128526129112,4.45182672578822,2.32128526129112,2.32128526129112,4.45182672578822,2.32128526129112,0.588468672894005,0.588690436510314,0.588468672894005,0.566573126466615,0.566741717939696,0.566573126466615
-2.56784706808494,-4.41696329062012,1,0,0,-0.299391536421633,-0.353340516807023,0,-2.20171304737297,0,5,370,-2.44632341581562,-0.221473894998168,-2.44632341581562,-2.44632341581562,-0.221473894998168,-2.44632341581562,0.817468667260654,0.823828766448444,0.817468667260654,0.756174408978524,0.762246533162501,0.756174408978524
-3.28944996842884,-9.09318090560497,1,0,0,-1.13306749984206,0.291875950007176,0,-2.20171304737297,0,5,370,-4.11367534265648,-1.92848377246389,-4.11367534265648,-4.11367534265648,-1.92848377246389,-4.11367534265648,0.818606674953003,0.893747009840604,0.818606674953003,0.757255532861386,0.835113560082621,0.757255532861386
0.379663361765443,-2.51693341892974,1,1,0,-0.0449526061477565,-1.01907557888244,0,-2.20171304737297,0,5,370,-1.93744555526787,1.20106948020671,-1.93744555526787,-1.93744555526787,1.20106948020671,-1.93744555526787,0.789761450145517,0.789922511737735,0.789761450145517,0.730508958360474,0.730654776299962,0.730508958360474
-2.75421830604486,-5.52205459568241,0,0,0,-0.463904187230962,1.10902445162822,1,-2.20171304737297,0,5,370,-2.77534871743428,3.55458651687499,-2.77534871743428,-2.77534871743428,3.55458651687499,-2.77534871743428,0.783594297673135,0.866841387821553,0.783594297673135,0.724952611536753,0.805527485249359,0.724952611536753
-0.959594323143833,-2.56455449234312,1,1,0,0.502703724878617,-0.0775625834931261,0,-2.20171304737297,0,5,370,-0.842132893215124,1.263883061143,-0.842132893215124,-0.842132893215124,1.263883061143,-0.842132893215124,0.820862660722926,0.838105353406519,0.820862660722926,0.759405596090974,0.776157644735404,0.759405596090974
5.61152737303331,4.53346259306179,1,1,1,0.484160620931477,1.13452665185731,1,-2.33306878854038,1,4,371,6.04678864543351,6.04678864543351,-0.340362078341035,6.04678864543351,6.04678864543351,-0.340362078341035,0.810233984648811,0.810233984648811,0.702819465455446,0.749353923088425,0.749353923088425,0.65613821661769
-6.91859748079602,-6.37944287431484,1,1,0,-0.649935922919332,-0.874187194153337,0,-2.33306878854038,1,4,371,-4.6172690120533,-1.75306576163161,-4.6172690120533,-4.6172690120533,-1.75306576163161,-4.6172690120533,0.723201937256152,0.761727788483803,0.723201937256152,0.672915353076015,0.705648415915957,0.672915353076015
-3.54354955873801,-5.7523259970386,1,0,0,-0.94898636281543,0.358587541059465,1,-2.33306878854038,1,4,371,-3.98259515663269,1.24598986797038,-3.98259515663269,-3.98259515663269,1.24598986797038,-3.98259515663269,0.746825522006672,0.880627206709756,0.746825522006672,0.6928107287705,0.820395955308123,0.6928107287705
4.01406913951647,2.04997297203259,0,1,1,1.74496707209272,0.393478021010877,0,-2.33306878854038,1,4,371,3.69502714615366,3.69502714615366,1.44020219313502,3.69502714615366,3.69502714615366,1.44020219313502,0.927767632145493,0.927767632145493,0.74587607736464,0.876582376511098,0.876582376511098,0.692000772460317
8.59730110005936,8.3123119308617,0,0,1,0.429243366425056,-0.551642678776443,1,0.16838140731957,1,4,372,8.6828014007904,8.6828014007904,3.27849175574275,8.6828014007904,8.6828014007904,3.27849175574275,0.604060470550851,0.604060470550851,0.465812004043887,0.578460368422932,0.578460368422932,0.474384067319791
10.4812756780215,11.0705494297259,1,1,1,1.62378730652845,0.0825417472520932,1,0.16838140731957,1,4,372,11.4085772020175,11.4085772020175,6.30176406197808,11.4085772020175,11.4085772020175,6.30176406197808,0.838992805958971,0.838992805958971,0.479816065542425,0.777036036358444,0.777036036358444,0.484884231878471
6.02778754571139,5.26340603669864,1,1,1,1.0243307611846,0.568342713952563,0,0.16838140731957,1,4,372,8.0116653784938,8.0116653784938,5.58865193799084,8.0116653784938,8.0116653784938,5.58865193799084,0.587836962814114,0.587836962814114,0.464933051518668,0.566092952599833,0.566092952599833,0.473724470105043
4.31494263564823,2.28220485699201,0,0,1,-0.42087944297873,-1.31996073178378,0,0.16838140731957,1,4,372,4.65222441737902,4.65222441737902,0.80992808392784,4.65222441737902,4.65222441737902,0.80992808392784,0.419455509930076,0.419455509930076,0.399207590285718,0.439442774757525,0.439442774757525,0.424037169817225
5.34500287696538,5.06796093736294,0,1,1,0.0881473945284102,-0.0238912222980546,0,0.683668577959899,1,4,373,4.78557163277195,4.78557163277195,2.68500084226906,4.78557163277195,4.78557163277195,2.68500084226906,0.420841208264127,0.420841208264127,0.41994633365819,0.440493181575328,0.440493181575328,0.439814888205065
3.67283183667118,4.538088188289,0,0,0,1.06470931810096,-0.606500139797137,0,0.683668577959899,1,4,373,4.05551577191508,6.52335819148902,4.05551577191508,4.05551577191508,6.52335819148902,4.05551577191508,0.403126991683576,0.535679345935899,0.403126991683576,0.427028184523197,0.526735134112969,0.427028184523197
0.748540572915564,1.869206706826,0,1,0,-0.184490503608241,-0.770172567959588,0,0.683668577959899,1,4,373,1.39344370033422,4.08660948477169,1.39344370033422,1.39344370033422,4.08660948477169,1.39344370033422,0.392912154175025,0.396759728720616,0.392912154175025,0.419222996543553,0.422166758179701,0.419222996543553
0.108563410042854,0.644325237925924,0,0,0,-1.07583915128391,0.85168296512536,0,0.683668577959899,1,4,373,1.23260193806784,4.05796581115256,1.23260193806784,1.23260193806784,4.05796581115256,1.23260193806784,0.386959802816706,0.521657832052715,0.386959802816706,0.414659249692723,0.516220205620915,0.414659249692723
9.50350928596105,9.28284479823552,0,1,1,-0.679763631948803,-2.19651920440091,1,-1.0576414168958,0,4,374,10.446563984671,10.446563984671,0.521867369369046,10.446563984671,10.446563984671,0.521867369369046,0.679651956563914,0.679651956563914,0.515074498670985,0.637439129816194,0.637439129816194,0.511287997442242
3.13968385863901,0.797977850771182,1,1,1,-1.02870563633482,1.01212855332214,0,-1.0576414168958,0,4,374,2.94838756904699,2.94838756904699,-0.17601663940298,2.94838756904699,2.94838756904699,-0.17601663940298,0.783299304539061,0.783299304539061,0.685626576650963,0.724688137045696,0.724688137045696,0.64222711108423
4.6634512505309,5.52815498465882,1,1,1,-0.920884988526167,0.399903775797799,1,-1.0576414168958,0,4,374,5.29954768611165,5.29954768611165,0.0396246562143172,5.29954768611165,5.29954768611165,0.0396246562143172,0.862108055548876,0.862108055548876,0.719973149204849,0.800548149311872,0.800548149311872,0.670235253902452
6.36230252731088,4.70962401161288,1,1,1,0.222825061159327,1.05764899630507,0,-1.0576414168958,0,4,374,5.54566615497042,5.54566615497042,2.32704475558531,5.54566615497042,5.54566615497042,2.32704475558531,0.686850996602836,0.686850996602836,0.681753540060448,0.643211169039472,0.643211169039472,0.639120736956391
3.63776366797552,1.94535410616104,1,1,0,-0.285250198937181,1.18197113240606,0,0.178273563508181,1,5,375,3.57968927108579,7.07674502892706,3.57968927108579,3.57968927108579,7.07674502892706,3.57968927108579,0.413833097674139,0.423192898236195,0.413833097674139,0.435175978611786,0.442274812831594,0.435175978611786
2.80442682555989,2.48325192561272,1,1,1,-0.408410543733049,-0.417398831802548,0,0.178273563508181,1,5,375,4.00822040207558,4.00822040207558,1.73399861728545,4.00822040207558,4.00822040207558,1.73399861728545,0.490422071015824,0.490422071015824,0.470766724282956,0.492828528501373,0.492828528501373,0.478100892826725
7.73030175108575,8.44829865263035,1,0,1,-0.344418211666082,1.3340469783999,0,0.178273563508181,1,5,375,7.49311043219975,7.49311043219975,3.61342909162183,7.49311043219975,7.49311043219975,3.61342909162183,0.409890400394086,0.409890400394086,0.396392040349951,0.432179072616196,0.432179072616196,0.421885645801906
4.00182838185368,4.66684250514807,1,0,1,-0.361788038543419,0.122813390896231,0,0.178273563508181,1,5,375,4.48253897934692,4.48253897934692,2.36745585036349,4.48253897934692,4.48253897934692,2.36745585036349,0.493696021009749,0.493696021009749,0.478260762542715,0.495280053608366,0.495280053608366,0.483718783687884
3.08031282932446,2.5152069648131,1,0,1,-0.711432201162828,0.277916051980735,0,0.178273563508181,1,5,375,4.00050751815773,4.00050751815773,1.82327018620917,4.00050751815773,4.00050751815773,1.82327018620917,0.534994184226996,0.534994184226996,0.475332556383785,0.526220915218424,0.526220915218424,0.481524146263845
5.32007168171618,6.68703427822529,1,1,1,1.44801642045709,-1.11647188987461,0,1.58343093282169,1,4,376,5.61881691290318,5.61881691290318,2.272307432023,5.61881691290318,5.61881691290318,2.272307432023,0.501736910568338,0.501736910568338,0.271611818425689,0.501300433352148,0.501300433352148,0.32276092047518
6.54433634686232,5.34768591397595,0,1,1,0.241337043457929,0.740458110278721,0,1.58343093282169,1,4,376,4.36415689125555,4.36415689125555,1.71587867817801,4.36415689125555,4.36415689125555,1.71587867817801,0.304557094647828,0.304557094647828,0.298720135965042,0.349855442820454,0.349855442820454,0.345115993785627
9.57639098113026,6.80918986214148,1,1,1,1.03245950643475,-0.420303226131108,1,1.58343093282169,1,4,376,7.41401706961805,7.41401706961805,2.13736226772183,7.41401706961805,7.41401706961805,2.13736226772183,0.548465647395144,0.548465647395144,0.313737260867303,0.536341270250576,0.536341270250576,0.357261728522985
2.38808513573051,4.97979755718447,1,1,0,1.04547895902523,0.539674847670404,0,1.58343093282169,1,4,376,3.12337924670431,5.51462818791238,3.12337924670431,3.12337924670431,5.51462818791238,3.12337924670431,0.309064700618266,0.428834918076772,0.309064700618266,0.35349915345304,0.446544121054994,0.35349915345304
3.29875774110478,1.40198473087244,1,1,0,0.0720173234082242,-0.774323571701737,0,-0.555116781891725,1,5,377,2.06155643357689,4.76113342726982,2.06155643357689,2.06155643357689,4.76113342726982,2.06155643357689,0.53714548117885,0.537754332749564,0.53714548117885,0.527835643542041,0.528292726751428,0.527835643542041
7.49868231500505,4.66631005127203,0,1,1,1.31385589255712,0.277811748641359,0,-0.555116781891725,1,5,377,7.77454825990093,7.77454825990093,5.59736889221776,7.77454825990093,7.77454825990093,5.59736889221776,0.743999139951156,0.743999139951156,0.561573533764476,0.690402268496274,0.690402268496274,0.546213030258886
6.51969507697813,5.31836719999962,1,0,1,-1.06830383678737,0.76296042471166,1,-0.555116781891725,1,5,377,7.0003067192753,7.0003067192753,1.3181981095991,7.0003067192753,7.0003067192753,1.3181981095991,0.762919540563195,0.762919540563195,0.537965713672737,0.706685630143327,0.706685630143327,0.528451426228663
6.31373455373517,2.16918480503034,0,1,1,0.0921648474730137,0.30567148521089,0,-0.555116781891725,1,5,377,5.37528159549012,5.37528159549012,3.18184653861909,5.37528159549012,5.37528159549012,3.18184653861909,0.561805234519,0.561805234519,0.56081707156522,0.546387786993002,0.546387786993002,0.545642547618872
2.60602030520368,2.88402946648177,1,1,1,-0.481093190374932,-0.907096314616904,0,-0.555116781891725,1,5,377,3.74538638708698,3.74538638708698,0.822562663095407,3.74538638708698,3.74538638708698,0.822562663095407,0.553788927247892,0.553788927247892,0.526647465121274,0.540347010621364,0.540347010621364,0.519960178574011
6.2951235433445,8.28520096760207,0,0,1,0.905706330525853,-0.38880531424173,0,0.163115543948496,1,6,378,6.64717023851497,6.64717023851497,4.39600066613236,6.64717023851497,6.64717023851497,4.39600066613236,0.569986008240611,0.569986008240611,0.473635500731004,0.552564533192509,0.552564533192509,0.480251959110636
8.24313331407622,9.79538271840588,0,1,1,1.32087275998128,1.10934578052737,0,0.163115543948496,1,6,378,10.0551326805862,10.0551326805862,6.72448461981232,10.0551326805862,10.0551326805862,6.72448461981232,0.625929772040924,0.625929772040924,0.423233672451506,0.595266670928689,0.595266670928689,0.442305691979108
-2.12314335068619,-0.283063876136906,0,1,0,-1.70161147420455,-0.716863775111077,1,0.163115543948496,1,6,378,-1.14669340419779,4.46720026786872,-1.14669340419779,-1.14669340419779,4.46720026786872,-1.14669340419779,0.456592686348371,0.842952387746569,0.456592686348371,0.46746137891912,0.78097579867042,0.46746137891912
12.4689561548683,12.7432133278298,1,1,1,1.69872574156889,-1.11276454586724,1,0.163115543948496,1,6,378,11.5963251911321,11.5963251911321,5.25808025659294,11.5963251911321,11.5963251911321,5.25808025659294,0.82283587721464,0.82283587721464,0.422883125603842,0.761293739256405,0.761293739256405,0.442040203283089
4.22627719614385,7.08233207323904,0,1,0,0.680744195045909,0.397160888046912,0,0.163115543948496,1,6,378,4.73204259746112,6.98977936845533,4.73204259746112,4.73204259746112,6.98977936845533,4.73204259746112,0.473326300992093,0.52796733789997,0.473326300992093,0.480020146268236,0.52094979306926,0.480020146268236
5.48130580526548,6.12315821180559,0,1,1,0.627856185467765,-0.754263262036818,0,0.163115543948496,1,6,378,6.14375549667952,6.14375549667952,3.4748424282211,6.14375549667952,6.14375549667952,3.4748424282211,0.500415751666595,0.500415751666595,0.454015053945145,0.500311272122415,0.500311272122415,0.465524043825094
5.81491031344852,6.70078916345692,0,1,1,0.613292856438507,-0.857208411537931,0,-0.67947102651208,1,5,379,5.74250268628109,5.74250268628109,2.9076964254697,5.74250268628109,5.74250268628109,2.9076964254697,0.588983145479465,0.588983145479465,0.545384051569603,0.566964264280396,0.566964264280396,0.534024242575215
2.86762112257582,5.55740432817926,1,1,1,-2.34916028734713,-0.194415561495814,1,-0.67947102651208,1,5,379,2.78338039849227,2.78338039849227,-2.35441701205946,2.78338039849227,2.78338039849227,-2.35441701205946,0.969964012197953,0.969964012197953,0.577801733718454,0.938628605891623,0.938628605891623,0.558478553323123
2.20132506767293,3.62757831565898,1,1,1,-1.42333330560831,-1.05972737306453,0,-0.67947102651208,1,5,379,1.85494724507171,1.85494724507171,-1.36807486015053,1.85494724507171,1.85494724507171,-1.36807486015053,0.744515396297465,0.744515396297465,0.527150606981531,0.690841587913213,0.690841587913213,0.520337408213601
6.85777741529886,5.0359898724779,1,1,1,0.62972363581344,-0.107995273588135,0,-0.67947102651208,1,5,379,5.80143410128674,5.80143410128674,3.68977112216937,5.80143410128674,5.80143410128674,3.68977112216937,0.62393504023379,0.62393504023379,0.579006599385883,0.593726484992529,0.593726484992529,0.559391472208061
2.81775337484075,2.36889053585457,1,1,1,-1.11129900156995,-0.652238995246339,0,-0.67947102651208,1,5,379,2.18889783266434,2.18889783266434,-0.336517874255615,2.18889783266434,2.18889783266434,-0.336517874255615,0.695421910321133,0.695421910321133,0.55983500817991,0.650127550518049,0.650127550518049,0.544902080958955
-4.08310989056178,-1.55269405286778,0,0,0,-0.851975426217991,-3.04147190976545,0,0.374327086684713,1,6,380,-1.8855435300273,9.46500784786501,-1.8855435300273,-1.8855435300273,9.46500784786501,-1.8855435300273,0.124989390812915,0.168782870229809,0.124989390812915,0.185730533400893,0.230604714921857,0.185730533400893
4.17682751299815,3.77682923532639,1,0,1,0.310725036490917,-0.485664945832018,0,0.374327086684713,1,6,380,5.33153479893397,5.33153479893397,2.99566435932395,5.33153479893397,5.33153479893397,2.99566435932395,0.456188201548737,0.456188201548737,0.444899808073269,0.467157426975798,0.467157426975798,0.458665596666462
18.8016987464606,19.6727578896104,0,0,1,0.102286816200203,3.24861628837338,0,0.374327086684713,1,6,380,18.9665769420328,18.9665769420328,6.31306915294792,18.9665769420328,18.9665769420328,6.31306915294792,0.100208424611024,0.100208424611024,0.0997485603420903,0.157894973419518,0.157894973419518,0.157357191104383
-4.0468147177303,-1.20606021086287,1,0,0,-2.52836650106828,0.740354848501077,1,0.374327086684713,1,6,380,-1.45649892146134,4.19162638023771,-1.45649892146134,-1.45649892146134,4.19162638023771,-1.45649892146134,0.430378099841575,0.963897082533752,0.430378099841575,0.447710654717226,0.92860966015164,0.447710654717226
6.12886246099924,6.48044242147697,0,1,1,-0.618797820482672,0.429257089185628,1,0.374327086684713,1,6,380,7.33580232901054,7.33580232901054,2.05154068039442,7.33580232901054,7.33580232901054,2.05154068039442,0.608660496911333,0.608660496911333,0.447309234107248,0.581981610330884,0.581981610330884,0.460479692822182
4.69613998647231,5.38709397413778,1,0,0,0.89051756753374,1.06596814097484,0,0.374327086684713,1,6,380,5.70688250821645,8.9431705857898,5.70688250821645,5.70688250821645,8.9431705857898,5.70688250821645,0.403350422049771,0.49577245287303,0.403350422049771,0.427198553488496,0.496834773165655,0.427198553488496
1.34001789111715,3.8705813477169,0,1,1,-0.0166726825218417,-0.37871378609146,0,1.40406111560605,0,5,381,3.23869115037515,3.23869115037515,0.995267018599421,3.23869115037515,3.23869115037515,0.995267018599421,0.44577752015129,0.44577752015129,0.445745080244396,0.45932654646305,0.45932654646305,0.459302120192924
6.68868075633921,8.20818925515927,1,1,1,0.796107304058984,1.00370235651147,1,1.40406111560605,0,5,381,8.72824541222776,8.72824541222776,2.62082699176107,8.72824541222776,8.72824541222776,2.62082699176107,0.59641237443859,0.59641237443859,0.405835556790974,0.572620584337719,0.572620584337719,0.429092530061957
5.0492114883009,6.27157648643625,1,1,1,1.24560162292484,0.888858230973446,0,1.40406111560605,0,5,381,6.40988458426203,6.40988458426203,3.51981562949279,6.40988458426203,6.40988458426203,3.51981562949279,0.596944612520186,0.596944612520186,0.415784777565993,0.573026410884048,0.573026410884048,0.436657985051934
3.16975382750526,1.89771687504745,0,1,0,0.863233435151824,-0.0570985444975362,0,1.40406111560605,0,5,381,2.75507925394675,4.85833949773049,2.75507925394675,2.75507925394675,4.85833949773049,2.75507925394675,0.452296452835097,0.540023057744216,0.452296452835097,0.464231861456542,0.529996289440034,0.464231861456542
2.89658702922322,3.58584867435504,1,1,1,-1.57345440140111,-0.277821127929585,1,1.40406111560605,0,5,381,3.05888815996495,3.05888815996495,-2.11829641915912,3.05888815996495,3.05888815996495,-2.11829641915912,0.80935930636314,0.80935930636314,0.448839068194885,0.748535321770297,0.748535321770297,0.461631063691758
10.1569171533865,6.14137992879044,0,1,1,1.51234374746576,0.722582840808748,0,0.512719234350454,1,4,382,9.1065152842986,9.1065152842986,6.48438932246736,9.1065152842986,9.1065152842986,6.48438932246736,0.677141016893388,0.677141016893388,0.41561473150734,0.635433555132558,0.635433555132558,0.436528899187493
4.6257786814734,4.44375477964748,0,1,1,-1.05422211310371,1.28961275141592,0,0.512719234350454,1,4,382,5.68138856055013,5.68138856055013,1.91828751193559,5.68138856055013,5.68138856055013,1.91828751193559,0.492143245561287,0.492143245561287,0.364294037972799,0.494117369881504,0.494117369881504,0.397161587925381
5.54947193061185,5.13615328238451,0,1,1,0.0813095196608177,0.49010001850339,0,0.512719234350454,1,4,382,5.73003607268913,5.73003607268913,3.38983804455211,5.73003607268913,5.73003607268913,3.38983804455211,0.429380971039614,0.429380971039614,0.42861568999484,0.446956954220527,0.446956954220527,0.446378360134784
7.17418826548165,2.9452493400669,0,1,1,-0.56657356126122,0.319654544342152,1,0.512719234350454,1,4,382,7.12580543626539,7.12580543626539,1.9236264085468,7.12580543626539,7.12580543626539,1.9236264085468,0.589639770975079,0.589639770975079,0.435015878314562,0.5674635793642,0.5674635793642,0.451213579425734
8.78494845712127,6.06541624550894,1,1,1,1.07444346443963,0.0140255772827706,0,-0.143568525830946,1,4,383,7.24249730137088,7.24249730137088,5.14230058455276,7.24249730137088,7.24249730137088,5.14230058455276,0.648768250865832,0.648768250865832,0.516928830087438,0.613020314958237,0.613020314958237,0.512677029453395
3.07492217792945,1.24458549677751,1,0,0,-0.0458718349048395,-0.621494445259457,1,-0.143568525830946,1,4,383,2.26614996332159,7.75240530880995,2.26614996332159,2.26614996332159,7.75240530880995,2.26614996332159,0.498709598185947,0.614987030937208,0.498709598185947,0.499033864800784,0.58683605011293,0.499033864800784
-1.50029277347933,-1.67007154094703,0,1,0,-2.18940257499063,1.54362384454338,0,-0.143568525830946,1,4,383,0.144206772952848,4.62698134639573,0.144206772952848,0.144206772952848,4.62698134639573,0.144206772952848,0.40554904761529,0.870114270675201,0.40554904761529,0.428874265479127,0.809006683611258,0.428874265479127
7.67662613035449,9.6829093516416,0,1,1,1.74453393909914,-0.677180357316164,0,-0.143568525830946,1,4,383,8.34984883560769,8.34984883560769,5.79127559927284,8.34984883560769,8.34984883560769,5.79127559927284,0.806575016942251,0.806575016942251,0.495295680679543,0.745937901301697,0.745937901301697,0.496477797578171
10.855444210537,9.58539475539488,1,1,1,2.47728837079091,-1.41446345977676,0,0.100558584503221,1,5,384,10.6307081319314,10.6307081319314,6.53000125288777,10.6307081319314,10.6307081319314,6.53000125288777,0.925092599807717,0.925092599807717,0.395182064592543,0.873111987644995,0.873111987644995,0.420960268887778
8.31613194152735,7.57378840123816,1,1,1,1.38430378637431,-0.538220803915984,0,0.100558584503221,1,5,384,7.60995637368332,7.60995637368332,5.22027473991535,7.60995637368332,7.60995637368332,5.22027473991535,0.690928726030707,0.690928726030707,0.474477447565836,0.646495540263469,0.646495540263469,0.480883145803629
10.9350307040359,8.5879365238076,0,1,1,0.681432260506591,-0.539741817516581,1,0.100558584503221,1,5,384,9.20433190415541,9.20433190415541,3.81301067457931,9.20433190415541,9.20433190415541,3.81301067457931,0.643277023628716,0.643277023628716,0.474400236682695,0.608730431518924,0.608730431518924,0.480825264917799
10.6661902828393,10.50408312554,1,0,1,0.582736740322558,-2.07932388487054,1,0.100558584503221,1,5,384,11.4996253850504,11.4996253850504,2.07603756685728,11.4996253850504,11.4996253850504,2.07603756685728,0.44236549795754,0.44236549795754,0.296010324387978,0.456756463353028,0.456756463353028,0.342907317198474
4.15366083975469,3.00709013790259,1,1,1,-0.301835916512219,-0.641231321758681,0,0.100558584503221,1,5,384,4.25616242430397,4.25616242430397,1.74498481629959,4.25616242430397,4.25616242430397,1.74498481629959,0.479483998314459,0.479483998314459,0.468759414575227,0.484635413355783,0.484635413355783,0.476595362317534
-2.0564898821021,-0.463246455159762,1,1,0,-0.577739966618218,1.31048764445309,1,-1.5803427454554,1,6,385,0.657524518103136,7.47490238436735,0.657524518103136,0.657524518103136,7.47490238436735,0.657524518103136,0.603975267770693,0.741874772919919,0.603975267770693,0.578395211515829,0.688597285071037,0.578395211515829
1.53038736056284,0.518631115833841,1,1,1,-0.562893820233806,0.0159570541891337,0,-1.5803427454554,1,6,385,1.4929408481864,1.4929408481864,-0.607313779391999,1.4929408481864,1.4929408481864,-0.607313779391999,0.710602938905477,0.710602938905477,0.678658138063435,0.662506105708913,0.662506105708913,0.636644869653439
8.71761687840593,8.46591528099199,0,1,1,-0.0720625341926261,2.178790024977,0,-1.5803427454554,1,6,385,9.38430773641749,9.38430773641749,2.53718176347822,9.38430773641749,9.38430773641749,2.53718176347822,0.463085975819677,0.463085975819677,0.462476319280763,0.472338100848601,0.472338100848601,0.471880428565076
9.65600064076554,9.46275005646981,0,1,1,0.49121424244364,1.33055538796482,1,-1.5803427454554,1,6,385,9.6858783201808,9.6858783201808,2.81550067973858,9.6858783201808,9.6858783201808,2.81550067973858,0.731346105190832,0.731346105190832,0.601574032232522,0.679715746575213,0.679715746575213,0.576559859378264
2.15331457430621,1.0071914152247,0,0,1,0.0269380165451408,-0.698816564528815,0,-1.5803427454554,1,6,385,2.4459208663078,2.4459208663078,-0.142423724552055,2.4459208663078,2.4459208663078,-0.142423724552055,0.658198174770895,0.658198174770895,0.658120723972566,0.620421601404789,0.620421601404789,0.620360627929069
2.42323161674448,3.39951100176721,1,1,1,-1.66245026950685,1.67054445816594,0,-1.5803427454554,1,6,385,3.73887951274766,3.73887951274766,-1.15183927396128,3.73887951274766,3.73887951274766,-1.15183927396128,0.822873873778001,0.822873873778001,0.554561180345667,0.761330167820038,0.761330167820038,0.540928486151775
3.02721401665901,6.87082703565246,0,0,1,0.202762182936931,-0.360826382636631,0,1.73749368363173,1,6,386,2.25600936098371,2.25600936098371,0.0258136825770725,2.25600936098371,2.25600936098371,0.0258136825770725,0.304158215689584,0.304158215689584,0.300034625733318,0.349532333614046,0.349532333614046,0.346185453736171
-0.885172716236584,3.35235758878228,0,1,1,-1.06962577673826,-0.462730792900875,0,1.73749368363173,1,6,386,-0.306746860338875,-0.306746860338875,-2.62086664703755,-0.306746860338875,-0.306746860338875,-2.62086664703755,0.420505384272658,0.420505384272658,0.296690394321833,0.440238657315133,0.440238657315133,0.343462128955756
2.10268243875169,5.87312090249143,0,0,0,0.373942415182653,0.669372456521046,0,1.73749368363173,1,6,386,1.39837298622619,3.94643247177521,1.39837298622619,1.39837298622619,3.94643247177521,1.39837298622619,0.287478500574692,0.301303910329055,0.287478500574692,0.335917087187957,0.34721695014708,0.335917087187957
2.3250672389139,5.02691274912315,0,1,1,-1.86824646761934,0.430892304158198,1,1.73749368363173,1,6,386,1.96118324604213,1.96118324604213,-3.32448493174063,1.96118324604213,1.96118324604213,-3.32448493174063,0.781049085002536,0.781049085002536,0.29782182855557,0.722674539664578,0.722674539664578,0.34438441254074
8.62229314330218,10.3381371232626,1,0,1,-0.737262354386943,1.5565304270847,1,1.73749368363173,1,6,386,7.58590838809113,7.58590838809113,0.0631214176506549,7.58590838809113,7.58590838809113,0.0631214176506549,0.365931114348099,0.365931114348099,0.216660514593587,0.398432296793483,0.398432296793483,0.275275842949001
-1.61351635336067,1.89932247165098,0,0,0,-0.468358876046238,-0.86939509815025,1,1.73749368363173,1,6,386,-1.82499715090289,4.0308506857848,-1.82499715090289,-1.82499715090289,4.0308506857848,-1.82499715090289,0.275611809767659,0.404303367160947,0.275611809767659,0.326097743401493,0.427925024844444,0.326097743401493
9.62138495936399,7.98838892163165,1,1,1,0.613049839483712,-0.361722659224134,1,-0.118481744605356,0,4,387,9.44290503735887,9.44290503735887,4.21206175516269,9.44290503735887,9.44290503735887,4.21206175516269,0.761047017667223,0.761047017667223,0.623355672794071,0.705056649983216,0.705056649983216,0.593279430153233
9.07848363237086,8.18738357500513,0,1,1,1.14645260133125,-0.671402076002674,0,-0.118481744605356,0,4,387,7.82964802651848,7.82964802651848,5.27886727885778,7.82964802651848,7.82964802651848,5.27886727885778,0.744186591847981,0.744186591847981,0.609031287525779,0.690561753856584,0.690561753856584,0.582265746790731
9.51590389925014,11.3936256936373,1,1,1,0.827243619331791,0.311694891953719,1,-0.118481744605356,0,4,387,9.83760302052889,9.83760302052889,4.64044931485885,9.83760302052889,9.83760302052889,4.64044931485885,0.787973847699537,0.787973847699537,0.624852594616695,0.728892991128305,0.728892991128305,0.594434760045544
1.06607277251714,0.985665352137575,1,1,0,-1.25353648869989,-1.45760874786295,0,-0.118481744605356,0,4,387,0.478889098795482,4.70351236064207,0.478889098795482,0.478889098795482,4.70351236064207,0.478889098795482,0.531664204294843,0.704979873697462,0.531664204294843,0.523722400890597,0.657901115276709,0.523722400890597
0.894147192732016,-0.492351017413635,0,0,0,-1.24642224599247,0.35288221662598,0,0.463644881695585,1,5,388,0.64507114831853,2.8695970071294,0.64507114831853,0.64507114831853,2.8695970071294,0.64507114831853,0.439681888491317,0.620457721574082,0.439681888491317,0.454733678071945,0.591045224318315,0.454733678071945
8.58050730117978,8.2126706234338,0,0,1,-1.31340984941622,2.14814295659398,0,0.463644881695585,1,5,388,9.02087484340337,9.02087484340337,2.30635668143902,9.02087484340337,9.02087484340337,2.30635668143902,0.431440731481586,0.431440731481586,0.250669100875904,0.448513642045932,0.448513642045932,0.305047536987443
3.18679445644706,0.0386225098263068,1,0,1,-0.986326634397526,-0.792187938073391,0,0.463644881695585,1,5,388,2.74775394603801,2.74775394603801,0.0201922168090449,2.74775394603801,2.74775394603801,0.0201922168090449,0.530434015614066,0.530434015614066,0.416407188338598,0.522799641690047,0.522799641690047,0.437130409410643
4.63048308078093,0.292856880876801,0,1,1,-0.636373564501368,-1.08784220431599,0,0.463644881695585,1,5,388,3.70784475184984,3.70784475184984,0.424444090358761,3.70784475184984,3.70784475184984,0.424444090358761,0.437520700676679,0.437520700676679,0.39109990920264,0.453103747578979,0.453103747578979,0.417834787384885
-0.106613341240312,-3.5881155224527,0,0,0,-1.05242023421049,-1.71888555438362,0,0.463644881695585,1,5,388,-1.03869259912711,4.01587494994157,-1.03869259912711,-1.03869259912711,4.01587494994157,-1.03869259912711,0.314620146300152,0.436840685786174,0.314620146300152,0.357971057606737,0.452590716289262,0.357971057606737
3.01899347523484,1.08914117989144,0,0,0,0.00699934923077519,-2.5379353095351,0,-0.927805247924208,0,5,389,2.15317612038585,10.6942917557709,2.15317612038585,2.15317612038585,10.6942917557709,2.15317612038585,0.424010733927821,0.424016388686518,0.424010733927821,0.442894104365529,0.4428983858041,0.442894104365529
1.59510831993836,2.2129419449392,1,1,1,-1.37412527576809,-0.0154557002586407,0,-0.927805247924208,0,5,389,1.4911657490586,1.4911657490586,-0.609073129611886,1.4911657490586,1.4911657490586,-0.609073129611886,0.860615073040748,0.860615073040748,0.713592815437609,0.798990014862934,0.798990014862934,0.664964658203808
-0.0880580304609014,-0.287428551700581,1,1,0,-1.62533893961576,-0.0717558987524676,0,-0.927805247924208,0,5,389,-1.11150045730722,0.993648451698556,-1.11150045730722,-1.11150045730722,0.993648451698556,-1.11150045730722,0.713401569026133,0.899005187355225,0.713401569026133,0.66480718550085,0.841187358234059,0.66480718550085
8.87626053277091,8.25638505356579,1,1,1,1.52207133464232,0.856386020650495,0,-0.927805247924208,0,5,389,8.01671710757454,8.01671710757454,5.18332009120895,8.01671710757454,8.01671710757454,5.18332009120895,0.868303255957462,0.868303255957462,0.684248851383965,0.807077769910917,0.807077769910917,0.641121004732258
4.07058599929225,4.20523299135634,1,1,0,0.871591121262833,1.39721392680209,1,-0.927805247924208,0,5,389,3.88235966444997,10.9345664216997,3.88235966444997,3.88235966444997,10.9345664216997,3.88235966444997,0.632294148154905,0.799196492365504,0.632294148154905,0.600191425582512,0.739114348904917,0.600191425582512
1.51754459155293,2.10527061110092,1,1,1,-1.40082686952476,-1.67411547174777,0,0.487132142918659,1,5,390,3.18959567728345,3.18959567728345,-1.71306693546182,3.18959567728345,3.18959567728345,-1.71306693546182,0.541701444618921,0.541701444618921,0.318452233966381,0.531256955886266,0.531256955886266,0.36104403479196
1.9941995227822,0.354698610657992,0,1,0,-1.35489225160205,0.915430897478107,0,0.487132142918659,1,5,390,0.968348669609484,3.90636239766706,0.968348669609484,0.968348669609484,3.90636239766706,0.968348669609484,0.404090977500242,0.617474791146531,0.404090977500242,0.427763133845526,0.588748790567411,0.427763133845526
3.43890945025309,3.11977660198643,1,0,0,-0.220342627480226,0.422559123057714,0,0.487132142918659,1,5,390,2.74457614343274,5.02313235591204,2.74457614343274,2.74457614343274,5.02313235591204,2.74457614343274,0.434439553205766,0.440083629115963,0.434439553205766,0.450778509781925,0.455036571911972,0.450778509781925
1.07909071473617,0.00328318114716783,1,0,0,-0.409523640538184,-1.55204711061208,1,0.487132142918659,1,5,390,0.391607883647026,7.90045811720633,0.391607883647026,0.391607883647026,7.90045811720633,0.391607883647026,0.334903488000948,0.466651332944411,0.334903488000948,0.374134837196363,0.475013858172957,0.374134837196363
3.92570680171302,3.90411037843587,1,1,1,-0.413817856865352,-0.0892965418252377,0,0.487132142918659,1,5,390,3.95374389216148,3.95374389216148,1.84577001977953,3.95374389216148,3.95374389216148,1.84577001977953,0.462409545454641,0.462409545454641,0.442375975219754,0.471830298668145,0.471830298668145,0.456764358226824
6.29186335432116,6.4296026663578,1,1,1,1.91795712814932,-1.39199569936782,0,-1.96779660767455,0,5,391,7.00134279418168,7.00134279418168,2.96369076712317,7.00134279418168,7.00134279418168,2.96369076712317,0.944071752170032,0.944071752170032,0.738712908689709,0.898729655120963,0.898729655120963,0.685918987265548
8.3232851391488,4.4990942667192,1,1,1,1.1434380589525,0.0447545096729284,1,-1.96779660767455,0,5,391,6.51665559486559,6.51665559486559,1.41465262872952,6.51665559486559,6.51665559486559,1.41465262872952,0.926386333638464,0.926386333638464,0.803817371700225,0.87478517645616,0.87478517645616,0.743377667264012
5.64212868203708,2.73017972996457,1,1,1,1.53060790769559,-0.501048167386527,0,-1.96779660767455,0,5,391,4.5400415922571,4.5400415922571,2.1889923262157,4.5400415922571,4.5400415922571,2.1889923262157,0.924204098110653,0.924204098110653,0.796154465126226,0.871968430974219,0.871968430974219,0.736325509624915
-0.0434600328096701,-1.83546205453398,0,1,0,0.661881535038005,-1.58219206639319,0,-1.96779660767455,0,5,391,0.451539580900537,5.0548713158581,0.451539580900537,0.451539580900537,5.0548713158581,0.451539580900537,0.717351488123169,0.757775438016226,0.717351488123169,0.668065543297101,0.702220085758517,0.668065543297101
1.99534351710014,0.586282997988523,1,0,1,0.871901935655258,0.27470490853399,0,-1.96779660767455,0,5,391,3.04704316890771,3.04704316890771,0.871580382135042,3.04704316890771,3.04704316890771,0.871580382135042,0.853603968653339,0.853603968653339,0.801579195723853,0.791749352272913,0.791749352272913,0.741308549331611
4.0540116336248,3.05195870295028,1,0,1,-1.52718542631399,1.03497903768825,1,1.64054608250831,1,5,392,4.46039834468099,4.46039834468099,-1.7107832637731,4.46039834468099,4.46039834468099,-1.7107832637731,0.645016927624229,0.645016927624229,0.272841772033867,0.610088150795844,0.610088150795844,0.323788455889726
2.99907979440147,4.50770494434316,1,0,1,-0.414930449811431,0.0429823575513476,1,1.64054608250831,1,5,392,4.62357749215578,4.62357749215578,-0.47826999090489,4.62357749215578,4.62357749215578,-0.47826999090489,0.444848183819411,0.444848183819411,0.315049389373785,0.458626717841654,0.458626717841654,0.358315738196547
4.81663102824845,4.01267067799715,0,0,1,0.707092720452463,-1.36432652062777,0,1.64054608250831,1,5,392,4.31985432633205,4.31985432633205,0.358467471443783,4.31985432633205,4.31985432633205,0.358467471443783,0.290570666856347,0.290570666856347,0.243936446722772,0.338457019582275,0.338457019582275,0.299259431053608
2.89602161097392,4.99591997666808,0,1,1,-0.386162703937351,-1.98511606255184,0,1.64054608250831,1,5,392,3.5918528625414,3.5918528625414,-2.44883291925992,3.5918528625414,3.5918528625414,-2.44883291925992,0.188652272494584,0.188652272494584,0.177898922751322,0.249601892759051,0.249601892759051,0.239410211230817
3.26607301548023,2.46513636306379,0,1,1,-0.341108845317914,0.587877766255097,0,1.64054608250831,1,5,392,2.65986889484298,2.65986889484298,0.214268626785893,2.65986889484298,2.65986889484298,0.214268626785893,0.31288456955925,0.31288456955925,0.301113478354849,0.356576175875568,0.356576175875568,0.347062267548611
4.11321640648892,6.49370476368046,0,1,0,0.28856592569621,0.788625226396221,0,-0.544816500959529,0,4,393,3.28030683167463,6.00223657938313,3.28030683167463,3.28030683167463,6.00223657938313,3.28030683167463,0.648565762708923,0.657513138366057,0.648565762708923,0.612861871424963,0.61988241209561,0.612861871424963
6.74096224363344,7.77876386569532,1,0,1,0.369579458629563,0.368428850380539,0,-0.544816500959529,0,4,393,5.67807371533407,5.67807371533407,3.44233389754134,5.67807371533407,5.67807371533407,3.44233389754134,0.683495064112724,0.683495064112724,0.669296431593438,0.640516343191775,0.640516343191775,0.629192154933368
-1.4749261778224,2.02294468400081,1,0,0,-1.56224371780529,0.626880136357128,1,-0.544816500959529,0,4,393,-0.421312455328356,5.07166625003078,-0.421312455328356,-0.421312455328356,5.07166625003078,-0.421312455328356,0.658400335537523,0.910005586939939,0.658400335537523,0.620580768121315,0.854259380496118,0.620580768121315
1.55862114356296,2.16665221445469,0,0,0,-1.55634308967913,0.274633967945166,0,-0.544816500959529,0,4,393,-0.40951119907604,1.76591261727327,-0.40951119907604,-0.40951119907604,1.76591261727327,-0.40951119907604,0.671826863902689,0.867507241938059,0.671826863902689,0.631201498832755,0.806232870077749,0.631201498832755
4.79346746204827,6.83998642337883,1,0,1,0.364249687662548,0.373032030712303,0,-0.490207224789363,1,5,394,6.10038117873905,6.10038117873905,3.86122828280171,6.10038117873905,6.10038117873905,3.86122828280171,0.566566605179757,0.566566605179757,0.551115501605332,0.549981189445558,0.549981189445558,0.538334743544645
-2.71658657279931,0.346413948912304,1,0,0,-2.50996616263968,0.548724167375321,1,-0.490207224789363,1,5,394,-1.71151128113972,3.68958693072202,-1.71151128113972,-1.71151128113972,3.68958693072202,-1.71151128113972,0.543535618267045,0.976258793675682,0.543535618267045,0.532635027072124,0.94959769142319,0.532635027072124
9.28273651016934,10.8387132948529,1,1,1,0.797126387127138,0.378883099251816,1,-0.490207224789363,1,5,394,9.97638515316906,9.97638515316906,4.7328327502704,9.97638515316906,9.97638515316906,4.7328327502704,0.727080445468594,0.727080445468594,0.550909864873018,0.676146604779668,0.676146604779668,0.538180007211715
5.54671903209763,8.16170690509929,1,1,1,-1.36332817477031,0.711374034779905,1,-0.490207224789363,1,5,394,6.35046757936264,6.35046757936264,0.744414562003597,6.35046757936264,6.35046757936264,0.744414562003597,0.81708556417365,0.81708556417365,0.533915491217474,0.755810970850791,0.755810970850791,0.525411444214828
3.55649531363884,5.77655530802773,0,0,0,0.712148617889663,-0.484459746530093,1,-0.490207224789363,1,5,394,3.69953436601354,9.03423561202155,3.69953436601354,3.69953436601354,9.03423561202155,3.69953436601354,0.546645858050545,0.711228562401093,0.546645858050545,0.534972828466365,0.663019967668727,0.534972828466365
1.81151113149931,-2.27624145934532,1,0,0,-0.275452668344481,-1.40831366084665,0,0.662548842274642,1,5,395,0.601810034064922,4.68515740139221,0.601810034064922,0.601810034064922,4.68515740139221,0.601810034064922,0.334352340781614,0.342412228520087,0.334352340781614,0.3736988049368,0.380058853435096,0.3736988049368
4.99908656102915,3.33268598900435,0,0,1,0.371243892308611,0.691492898722176,0,0.662548842274642,1,5,395,6.57317214392313,6.57317214392313,3.99500971493993,6.57317214392313,6.57317214392313,3.99500971493993,0.416255302738335,0.416255302738335,0.400511352402459,0.437015133631466,0.437015133631466,0.425032622637601
5.75592657965211,4.04420480395576,1,0,1,-0.780537167050265,0.958243531811181,0,0.662548842274642,1,5,395,4.97642889556915,4.97642889556915,1.95819822931118,4.97642889556915,4.97642889556915,1.95819822931118,0.450514254527711,0.450514254527711,0.380688107765669,0.462891428122207,0.462891428122207,0.409837284275691
7.67943285876083,4.36082671608846,1,0,1,0.995410689103004,-0.414672192662371,0,0.662548842274642,1,5,395,6.40913124451159,6.40913124451159,4.13717821714417,6.40913124451159,6.40913124451159,4.13717821714417,0.53059180808609,0.53059180808609,0.414494475304869,0.522917993581956,0.522917993581956,0.435678304001817
11.1502716266885,8.06024585623736,1,1,1,1.32961365412189,0.465632472871151,1,0.662548842274642,1,5,395,11.0027024125076,11.0027024125076,5.68588881271547,11.0027024125076,11.0027024125076,5.68588881271547,0.722362345286495,0.722362345286495,0.412437126981001,0.672217586494778,0.672217586494778,0.434115348172574
-3.69222414725485,-6.93788428509561,0,1,0,-2.2214827935882,-0.588985902629251,1,1.73484540769352,0,4,396,-4.45265417577169,0.994250217724304,-4.45265417577169,-4.45265417577169,0.994250217724304,-4.45265417577169,0.398265504583932,0.918931176491422,0.398265504583932,0.423317541830336,0.865271323359032,0.423317541830336
7.29007737538625,-0.336719452884341,0,1,0,2.20130041369154,-0.627898190234096,0,1.73484540769352,0,4,396,4.3929122387878,6.88716837608705,4.3929122387878,4.3929122387878,6.88716837608705,4.3929122387878,0.396120217771696,0.868415853268865,0.396120217771696,0.421677799194347,0.807197426066806,0.421677799194347
0.804702263680927,-1.19004354173862,0,1,0,-0.0537101916582672,-1.02441692631372,0,1.73484540769352,0,4,396,-0.117108971911824,3.03232106700623,-0.117108971911824,-0.117108971911824,3.03232106700623,-0.117108971911824,0.366858786264547,0.367176258139566,0.366858786264547,0.399151854268059,0.399398020772991,0.399151854268059
4.40790278123201,-0.23046558538176,0,0,0,0.96845785085245,0.0698070348993162,0,1.73484540769352,0,4,396,1.92722711310961,4.03210013523104,1.92722711310961,1.92722711310961,4.03210013523104,1.92722711310961,0.413867645779047,0.523719197186216,0.413867645779047,0.435202221156516,0.517765090090089,0.435202221156516
-5.53541525525342,-2.19608160685655,0,1,0,-1.31325987329848,-0.339011148267408,1,2.19780653779148,1,5,397,-4.79588447242335,0.419044086226233,-4.79588447242335,-4.79588447242335,0.419044086226233,-4.79588447242335,0.256609512940274,0.556522781165635,0.256609512940274,0.31011533281722,0.542405923460341,0.31011533281722
-2.52048504929053,-3.56564765333389,1,1,0,0.392008909911634,-1.34598766794422,0,2.19780653779148,1,5,397,-2.39232342567994,1.51935937657798,-2.39232342567994,-2.39232342567994,1.51935937657798,-2.39232342567994,0.199580616216941,0.211636903384521,0.199580616216941,0.259760591956642,0.270755511349175,0.259760591956642
-6.01108710279948,-4.61480650497606,0,0,0,-1.72256405869102,0.487673206193841,0,2.19780653779148,1,5,397,-4.78780848874719,-2.44998333270781,-4.78780848874719,-4.78780848874719,-2.44998333270781,-4.78780848874719,0.25215466385388,0.578947205675875,0.25215466385388,0.306318256049866,0.559346462031906,0.306318256049866
-1.54160164739253,-2.09029628852948,0,1,0,-0.484154136735758,-0.802716975833418,1,2.19780653779148,1,5,397,-3.60137882686392,2.14297571642723,-3.60137882686392,-3.60137882686392,2.14297571642723,-3.60137882686392,0.237773589027569,0.359568649122473,0.237773589027569,0.293917814295642,0.393487161498467,0.293917814295642
1.80594501104366,1.30496366824885,0,1,0,0.720372379216363,1.10285129528375,0,2.19780653779148,1,5,397,0.713242476157491,4.02952345566654,0.713242476157491,0.713242476157491,4.02952345566654,0.713242476157491,0.218480840913148,0.263815446776094,0.218480840913148,0.276905369871091,0.316215759588607,0.276905369871091
-1.87860764837019,-4.21828438695085,0,1,0,-1.88844944947878,-0.0221887018668614,0,-1.90957223066318,1,5,398,-4.44555370494438,-2.34506136645385,-4.44555370494438,-4.44555370494438,-2.34506136645385,-4.44555370494438,0.711804651741221,0.932850028244277,0.711804651741221,0.663493416135476,0.883294793619678,0.663493416135476
8.35270686719824,7.07928929394576,1,1,1,1.28071382791383,-1.62636900123305,1,-1.90957223066318,1,5,398,8.03366867864646,8.03366867864646,0.288592550474654,8.03366867864646,8.03366867864646,0.288592550474654,0.840696010832963,0.840696010832963,0.599230603868219,0.778726557033977,0.778726557033977,0.574770409053462
-0.568320858414712,-1.03909752425523,1,1,0,-0.493509495838731,0.792937327363957,0,-1.90957223066318,1,5,398,-0.840547768433463,1.88820183669363,-0.840547768433463,-0.840547768433463,1.88820183669363,-0.840547768433463,0.686669858734749,0.71104675295829,0.686669858734749,0.643065528139857,0.662870605081439,0.643065528139857
4.37080776624296,2.19199423428563,1,1,1,0.782438111690754,-1.14653756372523,0,-1.90957223066318,1,5,398,3.1864209405693,3.1864209405693,-0.228127444463677,3.1864209405693,3.1864209405693,-0.228127444463677,0.720193158153108,0.720193158153108,0.657987073095966,0.670417595663243,0.670417595663243,0.620255418067299
1.25561723729888,1.52102742310233,0,0,1,-0.511617717909642,-1.34369741677169,0,-1.90957223066318,1,5,398,0.892123791127977,0.892123791127977,-3.01339895671093,0.892123791127977,0.892123791127977,-3.01339895671093,0.664931959847695,0.664931959847695,0.63673711449612,0.625735009387772,0.625735009387772,0.603639388957592
8.99377198875635,10.1240312258291,1,0,1,0.679230213509582,-0.190203954960628,1,0.239552903306854,1,5,399,9.24704842305846,9.24704842305846,4.11087087857579,9.24704842305846,9.24704842305846,4.11087087857579,0.638922592891842,0.638922592891842,0.470053701431726,0.605338564276513,0.605338564276513,0.477566148756046
2.67407788039811,3.99298344474989,0,1,1,-1.34253948840993,-0.796535774124624,0,0.239552903306854,1,5,399,2.19546889503308,2.19546889503308,-0.539000344427234,2.19546889503308,2.19546889503308,-0.539000344427234,0.649972299380122,0.649972299380122,0.442024212483112,0.613962872922619,0.613962872922619,0.45649928623639
2.26518053712806,3.46863661745932,0,0,0,-0.175479904476775,0.645708343934724,0,0.239552903306854,1,5,399,3.23736294149843,5.75430220692536,3.23736294149843,3.23736294149843,5.75430220692536,3.23736294149843,0.452183738677768,0.45578869215158,0.452183738677768,0.464147099728713,0.466857193374404,0.464147099728713
7.0786805809599,8.2031539068448,0,1,1,1.35451002974933,-0.747893670591535,0,0.239552903306854,1,5,399,7.56308573793525,7.56308573793525,4.90374079542438,7.56308573793525,7.56308573793525,4.90374079542438,0.656667856121319,0.656667856121319,0.445528017624043,0.619217430013421,0.619217430013421,0.459138674297745
8.99655628764716,6.67785429648602,1,1,1,-0.256845747398785,-0.0646073687787732,1,0.239552903306854,1,5,399,7.46848965504143,7.46848965504143,2.36431554294091,7.46848965504143,7.46848965504143,2.36431554294091,0.596183407251623,0.596183407251623,0.471559642681404,0.572446024442505,0.572446024442505,0.478695505584903
11.933722154917,8.53753634246638,1,1,1,1.04905856121238,-0.00834120383005379,1,-0.674905563533402,0,4,400,9.74268917841776,9.74268917841776,4.64261960273643,9.74268917841776,9.74268917841776,4.64261960273643,0.858240570374663,0.858240570374663,0.688386047834327,0.796523836898569,0.796523836898569,0.644446266739997
8.76806883866377,8.83196272274987,1,1,1,0.042483119159025,-1.81477784897319,0,-0.674905563533402,0,4,400,8.02288735975347,8.02288735975347,2.62946871862971,8.02288735975347,8.02288735975347,2.62946871862971,0.542313870790511,0.542313870790511,0.542102307985032,0.5317170443453,0.5317170443453,0.531558101472315
5.80132713425387,6.03052997960246,1,1,0,1.6673695111545,0.516555811556036,0,-0.674905563533402,0,4,400,5.87924150262066,8.24607140907298,5.87924150262066,5.87924150262066,8.24607140907298,5.87924150262066,0.6774067616555,0.888872993638517,0.6774067616555,0.635645632138444,0.829575937585526,0.635645632138444
3.73297625412232,7.02371826967494,1,1,1,0.290780269449739,-0.503062013339133,0,-0.674905563533402,0,4,400,5.47913440847596,5.47913440847596,3.12606301921114,5.47913440847596,5.47913440847596,3.12606301921114,0.686685994784973,0.686685994784973,0.677977767065351,0.643078501192853,0.643078501192853,0.636101467274858
1.87242665431311,-0.841826003831237,1,0,1,0.0671685562324101,0.666133372987893,0,1.97691202382312,1,6,401,2.4360230061245,2.4360230061245,-0.107710664483728,2.4360230061245,2.4360230061245,-0.107710664483728,0.265253782751452,0.265253782751452,0.264834321611294,0.317427481110449,0.317427481110449,0.317074307859538
3.1503559073649,-1.08067025692953,0,0,0,1.588431567838,0.0725258455612119,0,1.97691202382312,1,6,401,2.34120783130077,4.44646782957514,2.34120783130077,2.34120783130077,4.44646782957514,2.34120783130077,0.281437282842647,0.563881584848404,0.281437282842647,0.330932738245536,0.547954281602222,0.330932738245536
1.25321806997027,-1.64412196809026,0,0,0,0.719669161460787,0.470686506823498,0,1.97691202382312,1,6,401,1.00184367980863,3.32338946751434,1.00184367980863,1.00184367980863,3.32338946751434,1.00184367980863,0.273171975672368,0.324731641240223,0.273171975672368,0.324064088655067,0.366059701075138,0.324064088655067
0.38856647560821,-0.525776106506007,1,1,1,0.39112377871617,0.310618082382671,0,1.97691202382312,1,6,401,2.38116808298166,2.38116808298166,0.18468448987857,2.38116808298166,2.38116808298166,0.18468448987857,0.292793194925859,0.292793194925859,0.277933446053001,0.340278035634928,0.340278035634928,0.328028093037235
-1.88334752682292,-6.03512656014178,0,0,0,-1.59353976905359,1.28970942663339,0,1.97691202382312,1,6,401,-2.80555126141024,0.957799143736787,-2.80555126141024,-2.80555126141024,0.957799143736787,-2.80555126141024,0.221945168623236,0.487859775021457,0.221945168623236,0.279994510695354,0.490909687028126,0.279994510695354
-0.726497649013931,-3.65191323932959,1,0,1,-1.68380795782324,0.871603544158055,0,1.97691202382312,1,6,401,-0.544500783235989,-0.544500783235989,-3.40419352142487,-0.544500783235989,-0.544500783235989,-3.40419352142487,0.565080426238838,0.565080426238838,0.253250894499569,0.548859109867312,0.548859109867312,0.307254492052787
4.46442986933049,4.530072963783,0,1,1,-0.782349961892129,-1.32045958144018,0,-0.221003918741027,1,5,402,3.90961126889384,3.90961126889384,0.0659977626766746,3.90961126889384,3.90961126889384,0.0659977626766746,0.516002150029504,0.516002150029504,0.443993999144105,0.511982857424388,0.511982857424388,0.457983358758275
0.360641785656271,0.196520182624163,0,0,0,-1.75633741885414,0.273711787489625,0,-0.221003918741027,1,5,402,-0.287805782317539,1.88711236029323,-0.287805782317539,-0.287805782317539,1.88711236029323,-0.287805782317539,0.522532035653175,0.82622089141604,0.522532035653175,0.516875341240742,0.764549629830339,0.516875341240742
3.83637857709506,2.089355004932,0,1,0,-0.287243756619578,0.588750373894105,0,-0.221003918741027,1,5,402,2.96542012855606,5.41204713131651,2.96542012855606,2.96542012855606,5.41204713131651,2.96542012855606,0.509718336215115,0.519448047861849,0.509718336215115,0.507276607120247,0.514564382958115,0.507276607120247
7.14530316615053,7.47454498090606,0,1,1,0.964063617423667,0.076076409758929,0,-0.221003918741027,1,5,402,7.06114853262918,7.06114853262918,4.95536091250737,7.06114853262918,7.06114853262918,4.95536091250737,0.632424644781328,0.632424644781328,0.525788344428141,0.600292578014171,0.600292578014171,0.519316099313604
9.17601451197502,7.88769588732247,0,0,1,1.97419173780168,-0.365424280119432,0,-0.221003918741027,1,5,402,8.76765136788584,8.76765136788584,6.53411646338504,8.76765136788584,8.76765136788584,6.53411646338504,0.874503243449803,0.874503243449803,0.519769524914602,0.813720821738684,0.813720821738684,0.514805252521529
5.35312478513689,5.33030868642843,1,1,1,-0.999299924483122,-0.592755897577263,1,-0.871898839033082,0,5,403,5.69255211963915,5.69255211963915,0.24119256552652,5.69255211963915,5.69255211963915,0.24119256552652,0.855538996098592,0.855538996098592,0.694117244770194,0.793735417895331,0.793735417895331,0.649071508487869
8.44359712132951,9.48880540809846,1,0,1,1.20792855644841,-1.66745344784427,0,-0.871898839033082,0,5,403,9.53605052811733,9.53605052811733,4.65564952738959,9.53605052811733,9.53605052811733,4.65564952738959,0.741110802967862,0.741110802967862,0.588761282801054,0.687949261849449,0.687949261849449,0.566795580210091
-1.06158220976325,-0.876838949498222,0,1,0,-1.28935001936677,-0.319937988903736,0,-0.871898839033082,0,5,403,-0.338907624240766,1.863452692503,-0.338907624240766,-0.338907624240766,1.863452692503,-0.338907624240766,0.704084988858808,0.840800147853984,0.704084988858808,0.657170465468405,0.778830120872033,0.657170465468405
3.22376991522402,1.45556290374489,1,1,1,-1.02288748723372,-0.410668329249782,0,-0.871898839033082,0,5,403,2.46266591667412,2.46266591667412,0.194017440025316,2.46266591667412,2.46266591667412,0.194017440025316,0.79485385484552,0.79485385484552,0.701449033213748,0.735137359828723,0.735137359828723,0.655021729562194
6.48990214201193,4.43043106309241,1,1,1,0.405624420830068,-0.329528325373349,0,-0.871898839033082,0,5,403,5.25963017337627,5.25963017337627,3.0510412561529,5.25963017337627,5.25963017337627,3.0510412561529,0.719908016611337,0.719908016611337,0.703837858563563,0.670181280281554,0.670181280281554,0.656968795419621
1.3303644504764,4.49819187619009,1,1,1,-0.370296369195307,-0.402220580159377,0,0.735979456496013,1,4,404,3.57730231616959,3.57730231616959,1.31552092106584,3.57730231616959,3.57730231616959,1.31552092106584,0.422288147505212,0.422288147505212,0.40655830565006,0.44158952866885,0.44158952866885,0.429643021476378
7.93692801212531,7.80988471439932,1,0,1,1.72933185109992,0.219929251109743,0,0.735979456496013,1,4,404,8.2852960684191,8.2852960684191,6.13692719292541,8.2852960684191,8.2852960684191,6.13692719292541,0.742613715579619,0.742613715579619,0.411743821155238,0.689224625699283,0.689224625699283,0.433588398821322
0.618966636232671,3.00074411287235,0,0,0,-0.175092378118595,-0.736101800333591,1,0.735979456496013,1,4,404,1.37204768304505,7.01389354349941,1.37204768304505,1.37204768304505,7.01389354349941,1.37204768304505,0.389330755760277,0.50919761353589,0.389330755760277,0.416478529063715,0.506886672230287,0.416478529063715
6.6241391429396,8.21750713521442,1,0,1,0.0442783689404226,-0.970822917493929,1,0.735979456496013,1,4,404,7.61856519713417,7.61856519713417,1.57606806000275,7.61856519713417,7.61856519713417,1.57606806000275,0.486900300345653,0.486900300345653,0.371451769559386,0.49019110321258,0.49019110321258,0.402709150156968
6.00269024591728,4.45398534297008,1,1,1,-0.345643210746183,-0.0191202279037578,1,0.547564688666687,0,5,405,7.10925207334808,7.10925207334808,2.00888649023299,7.10925207334808,7.10925207334808,2.00888649023299,0.677778750102519,0.677778750102519,0.553187869797539,0.635942568912947,0.635942568912947,0.539894503450487
0.599489662632723,-1.93388704255616,1,0,0,-0.871068182610865,-1.62777964884505,1,0.547564688666687,0,5,405,0.958036546503623,8.70770313169773,0.958036546503623,0.958036546503623,8.70770313169773,0.958036546503623,0.428773914166936,0.632779256430651,0.428773914166936,0.44649799630079,0.600567485805351,0.44649799630079
3.82111607480383,-0.825311304187185,1,0,0,-0.363026960224581,-0.508864181962825,1,0.547564688666687,0,5,405,1.97411899127619,7.33306174696089,1.97411899127619,1.97411899127619,7.33306174696089,1.97411899127619,0.541084638359562,0.668258129020263,0.541084638359562,0.530793622758657,0.628368731411877,0.530793622758657
0.309190512062744,-0.677504655561911,1,1,0,-0.712471863765383,-0.937696539769387,0,0.547564688666687,0,5,405,1.27522918419459,4.25450398489007,1.27522918419459,1.27522918419459,4.25450398489007,1.27522918419459,0.511885705816148,0.571331441521896,0.511885705816148,0.508899693431284,0.553581657564517,0.508899693431284
0.796783189846047,-0.683696219089168,0,0,0,0.0405988562221021,-1.47149208081411,0,0.547564688666687,0,5,405,2.78137062416956,7.04665956806821,2.78137062416956,2.78137062416956,7.04665956806821,2.78137062416956,0.451323773982992,0.451516557170571,0.451323773982992,0.463500342537438,0.463645338835218,0.463500342537438
-1.20731380689456,-0.491277992876119,0,1,0,-1.39350684666476,0.528952434097715,0,-0.816380150857719,0,6,406,-0.453490244043987,1.92630043349391,-0.453490244043987,-0.453490244043987,1.92630043349391,-0.453490244043987,0.691395417438659,0.850459058782116,0.691395417438659,0.646872142207251,0.788540884145924,0.646872142207251
6.69306634930006,6.04638251186521,0,0,1,0.305776831398149,1.49168119743084,0,-0.816380150857719,0,6,406,7.27018990685052,7.27018990685052,2.94507711208183,7.27018990685052,7.27018990685052,2.94507711208183,0.618194473804412,0.618194473804412,0.607697146024613,0.589302544024844,0.589302544024844,0.581243609218206
4.61427280886468,4.32815698167088,0,1,1,-0.361526455214623,0.82937759440959,0,-0.816380150857719,0,6,406,4.39833773296492,4.39833773296492,1.61047053885628,4.39833773296492,4.39833773296492,1.61047053885628,0.6880858511743,0.6880858511743,0.674604281136635,0.644204607208201,0.644204607208201,0.633411265965874
-0.99084413153624,-0.461472256004421,1,1,1,-2.14097229985103,0.131217231780484,0,-0.816380150857719,0,6,406,0.168796811499602,0.168796811499602,-1.94842115041653,0.168796811499602,0.168796811499602,-1.94842115041653,0.956220015503261,0.956220015503261,0.701952413166962,0.916575977166628,0.916575977166628,0.655431671533911
6.93073130055547,8.44018046796364,0,1,1,0.138641944298958,-0.398785810767125,1,-0.816380150857719,0,6,406,7.86983746075264,7.86983746075264,2.61080733788345,7.86983746075264,7.86983746075264,2.61080733788345,0.788617792406874,0.788617792406874,0.696275377333282,0.729474592247654,0.729474592247654,0.650819019075808
4.3750714714474,5.71300171895065,1,1,1,0.417098504913201,-0.0269375783848157,0,-0.816380150857719,0,6,406,5.26844609224117,5.26844609224117,3.16772045911193,5.26844609224117,5.26844609224117,3.16772045911193,0.719626017701654,0.719626017701654,0.702608827740683,0.669947636365958,0.669947636365958,0.655966520901021
3.24551916476226,3.16572958677338,1,1,0,1.25738733206048,0.235952671652791,1,-1.28822565491409,1,4,407,4.09120199779491,9.246875661055,4.09120199779491,4.09120199779491,9.246875661055,4.09120199779491,0.645307710760094,0.86241218617348,0.645307710760094,0.610315198629591,0.800866272595943,0.610315198629591
5.24553230307005,0.657582987460023,1,1,0,1.91133981954366,-1.6385102934159,0,-1.28822565491409,1,4,407,3.52464400769258,8.30935998932246,3.52464400769258,3.52464400769258,8.30935998932246,3.52464400769258,0.525276268571088,0.863592882395159,0.525276268571088,0.518932224397344,0.802103626049177,0.518932224397344
-1.97025022254554,-1.93592998617442,0,0,0,-1.74016010910219,-0.23353256555088,1,-1.28822565491409,1,4,407,-2.37337812173409,2.78115933743868,-2.37337812173409,-2.37337812173409,2.78115933743868,-2.37337812173409,0.64535701994915,0.927057379502955,0.64535701994915,0.610353703917506,0.8756568679433,0.610353703917506
2.72717820309786,-0.605210992119286,1,1,0,0.128659899306694,0.820505003591531,1,-1.28822565491409,1,4,407,2.41829946422608,8.19152792514482,2.41829946422608,2.41829946422608,8.19152792514482,2.41829946422608,0.618093886985253,0.723974366038175,0.618093886985253,0.589225136996723,0.673557835814626,0.589225136996723
3.5383673337949,5.06269652702543,0,1,0,1.08139518500921,0.386064485104582,1,1.42698592987707,0,6,408,3.12650152595129,8.37554731261036,3.12650152595129,3.12650152595129,8.37554731261036,3.12650152595129,0.442809207396564,0.689194523253273,0.442809207396564,0.457090793112254,0.645097389928655,0.457090793112254
0.785970653617472,1.64983125281687,0,0,0,-0.525866067534313,1.18183409037875,0,1.42698592987707,0,6,408,-0.0880209791357547,3.40871083804561,-0.0880209791357547,-0.0880209791357547,3.40871083804561,-0.0880209791357547,0.385628617810811,0.417042140249591,0.385628617810811,0.413636949283947,0.437612253141872,0.413636949283947
-3.79786795547288,-1.01122793861467,0,1,0,-1.4185512511606,0.297494622120474,1,1.42698592987707,0,6,408,-1.87339134638833,3.31511170380228,-1.87339134638833,-1.87339134638833,3.31511170380228,-1.87339134638833,0.445633474441523,0.770317489180078,0.445633474441523,0.459218083119188,0.713161379968138,0.459218083119188
5.06350917025043,8.36085141876656,0,0,1,-0.640494072518319,-1.20159502169905,1,1.42698592987707,0,6,408,6.22655360706817,6.22655360706817,-0.317276989103768,6.22655360706817,6.22655360706817,-0.317276989103768,0.547744420885767,0.547744420885767,0.383518204477414,0.535798868767451,0.535798868767451,0.412014944707908
8.31835608276065,10.8546969460922,0,0,1,0.731549152560994,-0.602849491441077,1,1.42698592987707,0,6,408,7.89023697038562,7.89023697038562,2.42680946105486,7.89023697038562,7.89023697038562,2.42680946105486,0.611803803996091,0.611803803996091,0.432837913939806,0.584391792769552,0.584391792769552,0.449569088849561
-4.19228041295962,-1.64317023145197,0,0,0,-2.85588457401388,-0.405236460341509,0,1.42698592987707,0,6,408,-4.74805799209489,-2.48384140330477,-4.74805799209489,-4.74805799209489,-2.48384140330477,-4.74805799209489,0.442102046934468,0.976186213645689,0.442102046934468,0.456557940453711,0.949467430388064,0.456557940453711
6.08482110502318,5.45739736260942,1,1,1,-2.24946183350958,1.32751072555756,1,0.399693947251975,1,5,409,6.53111653353888,6.53111653353888,-0.331168192931466,6.53111653353888,6.53111653353888,-0.331168192931466,0.914979354277266,0.914979354277266,0.372377781362568,0.860347647257454,0.860347647257454,0.403425307530418
4.46311551236994,4.31318890748071,0,0,1,-0.380948538974468,0.449953989296629,0,0.399693947251975,1,5,409,4.83076025236178,4.83076025236178,2.52830165987783,4.83076025236178,4.83076025236178,2.52830165987783,0.460475658836451,0.460475658836451,0.443500096250287,0.470378235004328,0.470378235004328,0.4576113040918
0.211794173481893,-1.22735242020917,0,0,0,-0.980951257592594,0.564906183316309,1,0.399693947251975,1,5,409,1.44324841666126,6.86236741261026,1.44324841666126,1.44324841666126,6.86236741261026,1.44324841666126,0.43806632885921,0.663429711957529,0.43806632885921,0.453515330586661,0.624547513363387,0.453515330586661
6.8148535189914,5.47686261598305,0,0,1,0.913633183091665,-0.119998887282923,0,0.399693947251975,1,5,409,6.66191196037968,6.66191196037968,4.54751222743054,6.66191196037968,6.66191196037968,4.54751222743054,0.550499137201339,0.550499137201339,0.452286083540704,0.537870964009261,0.537870964009261,0.464224063758225
-3.40580308347958,-3.07976678043703,0,1,0,-2.66623210080581,0.98866259366448,0,0.399693947251975,1,5,409,-1.50355685941701,1.57389686469437,-1.50355685941701,-1.50355685941701,1.57389686469437,-1.50355685941701,0.407701600210155,0.954638724801224,0.407701600210155,0.430513527182753,0.914175790144175,0.430513527182753
14.4941693381596,15.5212699234902,0,0,1,1.16882663586111,2.0027503097502,0,0.957281170939303,1,5,410,12.535025144442,12.535025144442,6.42401634123749,12.535025144442,12.535025144442,6.42401634123749,0.362368425577006,0.362368425577006,0.228685158960563,0.39566543333033,0.39566543333033,0.285960582042643
6.98924082930924,10.9394854993721,0,0,1,-1.06185396151789,1.25908217309777,1,0.957281170939303,1,5,410,7.90427492843967,7.90427492843967,1.21898700982706,7.90427492843967,7.90427492843967,1.21898700982706,0.562956372502055,0.562956372502055,0.320187226244578,0.547256160290324,0.547256160290324,0.362432284743964
8.2990198144589,8.71234571169346,0,0,1,0.760285242653395,0.836122637844815,0,0.957281170939303,1,5,410,7.23940694843325,7.23940694843325,4.44030588291668,7.23940694843325,7.23940694843325,4.44030588291668,0.42282840263603,0.42282840263603,0.357848488154545,0.441998755988902,0.441998755988902,0.392147103824182
9.37667808104966,11.4994264004573,1,1,1,2.37151795614876,0.196106245159726,0,0.957281170939303,1,5,410,9.16121257661297,9.16121257661297,7.02275491722233,9.16121257661297,9.16121257661297,7.02275491722233,0.902668956169865,0.902668956169865,0.387088905281811,0.845484129102074,0.845484129102074,0.414758362587557
5.44366948204368,9.55624691552423,0,0,1,0.0296137965632903,-1.96342590251589,0,0.957281170939303,1,5,410,6.1344557250461,6.1344557250461,0.179414450375768,6.1344557250461,6.1344557250461,0.179414450375768,0.234073888532751,0.234073888532751,0.233998612262081,0.290690375504911,0.290690375504911,0.290624542531747
6.94274404094379,8.80983924880123,1,1,1,1.34536255272743,0.161445947235265,0,0.11719677265413,1,6,411,7.96450076304828,7.96450076304828,5.83843596916959,7.96450076304828,7.96450076304828,5.83843596916959,0.689150366101104,0.689150366101104,0.484942028774839,0.645061815789434,0.645061815789434,0.488724375314153
1.48351381266757,2.5881441711861,1,1,0,-0.526117791656861,-0.706929020881711,1,0.11719677265413,1,6,411,1.22710031228402,6.8268489528488,1.22710031228402,1.22710031228402,6.8268489528488,1.22710031228402,0.462642008150374,0.611454936548593,0.462642008150374,0.472004816019228,0.584124127153731,0.472004816019228
10.9154412932152,10.3074250471367,1,1,1,1.46693537562,-0.299467090556897,1,0.11719677265413,1,6,411,10.8103491154892,10.8103491154892,5.62066857716257,10.8103491154892,10.8103491154892,5.62066857716257,0.806221374827318,0.806221374827318,0.481941944700853,0.745608895213486,0.745608895213486,0.486477009146942
0.224389083822056,0.686233000711413,0,1,0,-0.935032357817153,-0.134191357739333,0,0.11719677265413,1,6,411,0.982008843105816,3.10001616359774,0.982008843105816,0.982008843105816,3.10001616359774,0.982008843105816,0.485322092872156,0.58763294424088,0.485322092872156,0.489009052256655,0.565937897009075,0.489009052256655
4.37871255747338,4.58554824799248,1,1,1,-0.00591057376937106,0.474630424995812,0,0.11719677265413,1,6,411,5.77434823426823,5.77434823426823,3.44907419393653,5.77434823426823,5.77434823426823,3.44907419393653,0.475555935364983,0.475555935364983,0.475551821656902,0.48169158534445,0.48169158534445,0.481688501847664
-1.01942389635662,-0.717373882598391,1,0,0,-2.05930179741341,0.508388460133911,1,0.11719677265413,1,6,411,-0.623950218213449,4.73450860818388,-0.623950218213449,-0.623950218213449,4.73450860818388,-0.623950218213449,0.473989003930496,0.917412475114308,0.473989003930496,0.4805169781771,0.863369770299899,0.4805169781771
9.39594035366363,11.8078674618279,1,1,1,1.21030035205477,1.35309984334257,0,-0.290793131353009,0,6,412,9.26691924492114,9.26691924492114,5.33604005886745,9.26691924492114,9.26691924492114,5.33604005886745,0.722808651293751,0.722808651293751,0.565547317953903,0.6725884266237,0.6725884266237,0.549211571619897
2.32714436685477,3.08532982183097,1,0,0,-0.998837134787019,-0.840375039710569,0,-0.290793131353009,0,6,412,0.917765085183873,3.72399529255241,0.917765085183873,0.917765085183873,3.72399529255241,0.917765085183873,0.616905063636893,0.721154057380091,0.616905063636893,0.588310552610569,0.671214458670263,0.588310552610569
5.37495931624523,6.17586220772972,1,1,1,-0.766287388278657,-1.14243403831211,0,-0.290793131353009,0,6,412,4.78802011009472,4.78802011009472,1.3828645782006,4.78802011009472,4.78802011009472,1.3828645782006,0.65501061461025,0.65501061461025,0.589790340000453,0.617914749103429,0.617914749103429,0.567578092289432
11.0248008669365,9.01268219858588,0,1,1,1.47506453280725,-0.855608291023025,0,-0.290793131353009,0,6,412,8.69763396803976,8.69763396803976,5.86556842037242,8.69763396803976,8.69763396803976,5.86556842037242,0.819046134364001,0.819046134364001,0.615748399363858,0.757673642178099,0.757673642178099,0.587421200128025
5.44323697104648,5.82332750911498,1,1,0,0.279097802679199,-0.2621322457281,0,-0.290793131353009,0,6,412,3.47363496011631,5.64234827436677,3.47363496011631,3.47363496011631,5.64234827436677,3.47363496011631,0.64502031453289,0.653430896117734,0.64502031453289,0.610090795116824,0.616674307770578,0.610090795116824
6.45690494641287,6.86654135634785,0,0,0,1.56313983180029,1.21027639611542,0,-0.290793131353009,0,6,412,6.04171901835848,9.60648797335262,6.04171901835848,6.04171901835848,9.60648797335262,6.04171901835848,0.58246843935669,0.8172181874734,0.58246843935669,0.562016403369927,0.755936757234491,0.562016403369927
-0.715616188122682,4.094596717318,1,0,1,-1.53432728493287,-1.06526891881489,0,-1.47675852784031,0,4,413,0.985327549978228,0.985327549978228,-2.24947031941483,0.985327549978228,0.985327549978228,-2.24947031941483,0.890247772111053,0.890247772111053,0.722767670048866,0.831129200633205,0.831129200633205,0.672554367801112
-4.35222916211476,0.344035840288152,1,0,0,-1.32718495324387,0.157457570738851,0,-1.47675852784031,0,4,413,-1.83518565603682,0.289607230546156,-1.83518565603682,-1.83518565603682,0.289607230546156,-1.83518565603682,0.763204696219102,0.882963910067861,0.763204696219102,0.706934050475744,0.822974309119995,0.706934050475744
5.63512893265401,10.2756368037436,1,1,1,2.12266754966043,1.04821609971787,0,-1.47675852784031,0,4,413,8.2632763414795,8.2632763414795,5.06451934977177,8.2632763414795,8.2632763414795,5.06451934977177,0.959216958789756,0.959216958789756,0.72414280060257,0.921195703106238,0.921195703106238,0.67369800281771
6.36642939716197,8.25186533573667,0,1,1,1.43488966297213,0.322848619819711,0,-1.47675852784031,0,4,413,5.89319480771467,5.89319480771467,3.68896357639518,5.89319480771467,5.89319480771467,3.68896357639518,0.89570024084071,0.89570024084071,0.760445273953016,0.837357352546748,0.837357352546748,0.704534016717497
6.13969953232141,5.43818690628399,1,1,0,0.653700028187385,1.49732743565054,1,-0.157548705683631,1,6,414,5.77990589736273,13.1218953469146,5.77990589736273,5.77990589736273,13.1218953469146,5.77990589736273,0.413586415399623,0.580534855514713,0.413586415399623,0.434988591198824,0.560549913425606,0.434988591198824
1.37262132686135,3.81624608007266,0,1,0,-0.484911087004371,-0.485958217780029,0,-0.157548705683631,1,6,414,1.51939801354864,3.85555340297658,1.51939801354864,1.51939801354864,3.85555340297658,1.51939801354864,0.507445094741169,0.535141964448971,0.507445094741169,0.505574376796033,0.526331821304906,0.505574376796033
5.97409047246728,5.5257880155365,1,1,1,-0.589578856795174,-0.463190649883492,1,-0.157548705683631,1,6,414,6.64737562000306,6.64737562000306,1.33283004186357,6.64737562000306,6.64737562000306,1.33283004186357,0.661775824043571,0.661775824043571,0.508465023636485,0.6232415717626,0.6232415717626,0.50633809600307
0.842807912982525,2.6321873894606,0,1,0,0.0203322493304979,-0.449004281977865,0,-0.157548705683631,1,6,414,2.56683862202054,4.868443467255,2.56683862202054,2.56683862202054,4.868443467255,2.56683862202054,0.509075762178425,0.509124537216686,0.509075762178425,0.506795426832018,0.506831950775427,0.506795426832018
1.21302164841013,3.19556109136751,0,1,0,-0.145300128371066,-0.35757374971955,0,-0.157548705683631,1,6,414,2.32700439887573,4.55486338536423,2.32700439887573,2.32700439887573,4.55486338536423,2.32700439887573,0.512555657600588,0.515045545425233,0.512555657600588,0.509401433922839,0.511266310541449,0.509401433922839
1.93906819564953,2.49523645492093,1,1,0,-1.02184003282148,0.145252249304934,1,-0.157548705683631,1,6,414,1.07675058899938,6.19784880492752,1.07675058899938,1.07675058899938,6.19784880492752,1.07675058899938,0.517591312830782,0.738761811783261,0.517591312830782,0.513173317954076,0.685960337507547,0.513173317954076
4.11892107015276,0.97204234441158,0,1,0,-0.410724587558042,1.56852289954051,0,0.694043627562422,1,6,415,3.26537716746442,7.82564125384739,3.26537716746442,3.26537716746442,7.82564125384739,3.26537716746442,0.311280434964981,0.328716931269317,0.311280434964981,0.355285177696655,0.369230622804382,0.355285177696655
-1.44041150236006,-4.27925341549908,0,0,0,-0.515661312508517,-1.21705765931052,0,0.694043627562422,1,6,415,0.269923158712444,3.85115250479884,0.269923158712444,0.269923158712444,3.85115250479884,0.269923158712444,0.352462514669005,0.38171679585608,0.352462514669005,0.387942430482763,0.410629163054943,0.387942430482763
8.95023602595085,3.11542275940535,0,1,1,0.803119361359354,0.721534024387976,0,0.694043627562422,1,6,415,7.46668753849618,7.46668753849618,4.84607619014668,7.46668753849618,7.46668753849618,4.84607619014668,0.46966986403001,0.46966986403001,0.395018475064546,0.477278264969906,0.477278264969906,0.420835121501565
1.71135291708895,-1.07730441853531,1,0,0,0.128124948411483,0.239721612405586,0,0.694043627562422,1,6,415,3.01427495226855,5.17174140372288,3.01427495226855,3.01427495226855,5.17174140372288,3.01427495226855,0.41613602748255,0.418022690192336,0.41613602748255,0.436924603901892,0.438356163824495,0.436924603901892
8.22430222568503,4.60368406354942,1,1,1,0.856353651430527,0.760723780593954,0,0.694043627562422,1,6,415,7.67043519685616,7.67043519685616,4.991734526495,7.67043519685616,7.67043519685616,4.991734526495,0.477333023411005,0.477333023411005,0.3923943623174,0.483023521663181,0.483023521663181,0.418826470281162
4.33595176019313,-1.06047258853479,1,0,0,1.19440569396123,-0.397813053032389,0,0.694043627562422,1,6,415,4.50930177793007,6.76755700309302,4.50930177793007,4.50930177793007,6.76755700309302,4.50930177793007,0.411512663164194,0.578367429279069,0.411512663164194,0.433412678206528,0.558907135041892,0.433412678206528
3.11311945178336,2.7794803408584,0,1,0,-0.329338128856014,-0.0433897816318419,0,-0.05810512891554,1,5,416,2.29455775464984,4.3964404277999,2.29455775464984,2.29455775464984,4.3964404277999,2.29455775464984,0.506768427790954,0.519560427189872,0.506768427790954,0.505067703424829,0.514648583513451,0.505067703424829
3.20685278719601,-0.0257944292747668,0,1,0,-1.1324860003698,1.01391406314989,1,-0.05810512891554,1,5,416,1.74556585640399,7.87358758385712,1.74556585640399,1.74556585640399,7.87358758385712,1.74556585640399,0.458417585518503,0.713759392489635,0.458417585518503,0.468832454003923,0.665101841924345,0.468832454003923
1.68356112591633,0.113073841731886,0,1,0,-0.359609010563505,-0.84044456272612,1,-0.05810512891554,1,5,416,1.43696121014058,7.24330827315648,1.43696121014058,1.43696121014058,7.24330827315648,1.43696121014058,0.473535410361405,0.605275088905603,0.473535410361405,0.48017692028438,0.579389471982314,0.48017692028438
9.47507230794688,6.59254878252854,1,1,1,1.19297323011592,0.11446391314692,0,-0.05810512891554,1,5,416,7.61013615478537,7.61013615478537,5.49703416737247,7.61013615478537,7.61013615478537,5.49703416737247,0.667774151436341,0.667774151436341,0.506238861840999,0.627985123156322,0.627985123156322,0.504671182321373
1.06276395430742,1.45097944153965,1,1,0,-1.52621770125595,1.52441816590851,1,-0.05810512891554,1,5,416,1.46860655739033,8.89245730194218,1.46860655739033,1.46860655739033,8.89245730194218,1.46860655739033,0.398511752034897,0.762430810662389,0.398511752034897,0.423505668478096,0.706260078489221,0.423505668478096
6.72916254059945,6.31391773846181,0,1,1,-0.999823798892919,0.494045285127976,1,0.537902822954771,1,6,417,6.54913898415661,6.54913898415661,1.20505824039943,6.54913898415661,6.54913898415661,1.20505824039943,0.655887393483064,0.655887393483064,0.425524148402597,0.618603768972105,0.618603768972105,0.444039714150974
6.00703807175049,3.34573742037939,0,0,0,0.949855658746254,0.37540894088663,0,0.537902822954771,1,6,417,4.98578081143643,7.22671268433405,4.98578081143643,4.98578081143643,7.22671268433405,4.98578081143643,0.430297201680902,0.536284141123077,0.430297201680902,0.44764951382195,0.527189077618951,0.44764951382195
5.17734269286925,3.05442505008313,1,1,0,0.639514365903082,0.709588870599088,1,0.537902822954771,1,6,417,4.69927815546254,10.3027945207406,4.69927815546254,4.69927815546254,10.3027945207406,4.69927815546254,0.413579272559287,0.57841468613175,0.413579272559287,0.434983165044169,0.558942941098589,0.434983165044169
3.32904010600341,2.02205083651986,0,1,0,1.14921763913201,-1.85674390195131,1,0.537902822954771,1,6,417,3.15235192936999,11.6998498468034,3.15235192936999,3.15235192936999,11.6998498468034,3.15235192936999,0.287460498947355,0.54752032712136,0.287460498947355,0.335902278460571,0.535630352869629,0.335902278460571
3.49557879983702,1.87527607531277,1,1,0,0.137895632031303,-0.262735567229395,0,0.537902822954771,1,6,417,2.7237162498905,4.89274622817785,2.7237162498905,2.7237162498905,4.89274622817785,2.7237162498905,0.433631718172377,0.435839503653879,0.433631718172377,0.450168564549319,0.451835226716236,0.450168564549319
5.02802207889375,4.31612577848535,0,1,0,1.03803122734835,1.14095878744872,0,0.537902822954771,1,6,417,5.92768179520271,9.32946874985916,5.92768179520271,5.92768179520271,9.32946874985916,5.92768179520271,0.377481411958508,0.502229574523361,0.377481411958508,0.407366250637557,0.501669296297681,0.407366250637557
1.94165934004596,1.55544252263384,1,0,0,-0.570331516043047,0.650331159066929,1,-0.601072786556622,0,5,418,1.49804847317496,7.0209790896283,1.49804847317496,1.49804847317496,7.0209790896283,1.49804847317496,0.66310928240907,0.787430078244878,0.66310928240907,0.624294380157634,0.728402316349101,0.624294380157634
3.41662238756094,3.0095373905093,1,1,0,0.339810675628293,1.37392236249268,1,-0.601072786556622,0,5,418,3.31833285651764,10.3059955146751,3.31833285651764,3.31833285651764,10.3059955146751,3.31833285651764,0.598601838220353,0.716869624745673,0.598601838220353,0.57429056439267,0.667667366484218,0.57429056439267
3.70134407153304,3.36986126460314,1,1,0,0.313988344776897,-1.14178629297971,0,-0.601072786556622,0,5,418,3.26668819481485,6.67036413365119,3.26668819481485,3.26668819481485,6.67036413365119,3.26668819481485,0.62485061315636,0.635731358751007,0.62485061315636,0.594433230170693,0.602858131272002,0.594433230170693
3.91317373062407,2.11494688411799,0,0,0,-0.420319808219998,1.59495730318245,1,-0.601072786556622,0,5,418,1.79807188882106,9.4419606877961,1.79807188882106,1.79807188882106,9.4419606877961,1.79807188882106,0.568456180748463,0.697021076113534,0.568456180748463,0.551408464058035,0.651423594092586,0.551408464058035
6.40319976252911,4.46507541830838,0,1,0,1.27762048000952,-2.91284351241106,0,-0.601072786556622,0,5,418,5.19395246528011,15.7786097930753,5.19395246528011,5.19395246528011,15.7786097930753,5.19395246528011,0.299713134424289,0.481068885389897,0.299713134424289,0.345924006389955,0.485822914976173,0.345924006389955
6.98160664062622,5.65453766818933,0,0,1,-0.927511366475319,1.63126096388972,0,0.520871540587351,0,6,419,5.63468243756593,5.63468243756593,0.873670105255521,5.63468243756593,5.63468243756593,0.873670105255521,0.532412880922704,0.532412880922704,0.431339922056705,0.52428404747058,0.52428404747058,0.448437474343265
4.12994760656192,4.3160913458973,1,0,1,-0.0936105044623928,0.40135348209846,0,0.520871540587351,0,6,419,4.80255644687393,4.80255644687393,2.54147182928137,4.80255644687393,4.80255644687393,2.54147182928137,0.549819508126059,0.549819508126059,0.548794867296139,0.537359646187954,0.537359646187954,0.536588885828362
6.77390731619026,5.13906665639128,1,0,1,0.265658827949695,0.787980891050533,0,0.520871540587351,0,6,419,5.98092437876634,5.98092437876634,3.26001049410555,5.98092437876634,5.98092437876634,3.26001049410555,0.535507528146328,0.535507528146328,0.527209536925622,0.526606179080065,0.526606179080065,0.520381592116942
13.8370575702008,15.14198211808,1,1,1,1.34802282847747,-1.62995391872052,1,0.520871540587351,0,6,419,13.1814882723135,13.1814882723135,5.42473849516109,13.1814882723135,13.1814882723135,5.42473849516109,0.742461445390066,0.742461445390066,0.431537547618623,0.689095308685202,0.689095308685202,0.448586790640072
9.08759969249353,10.7728951605777,1,1,1,1.61661061890287,1.72969228010267,0,0.520871540587351,0,6,419,11.0537494598587,11.0537494598587,5.96191407601189,11.0537494598587,11.0537494598587,5.96191407601189,0.71047892267544,0.71047892267544,0.416069930016329,0.662404280158825,0.662404280158825,0.436874434495732
11.8713581531782,12.7217362264139,1,1,1,1.91660932268539,-0.209130558225279,1,0.520871540587351,0,6,419,11.7056470739606,11.7056470739606,6.56191148357694,11.7056470739606,11.7056470739606,6.56191148357694,0.921581504148915,0.921581504148915,0.554278671665699,0.868618684094438,0.868618684094438,0.540715757517841
2.30101437887916,2.16100212068778,1,0,1,-0.384374059147974,-0.447844275442871,0,-1.20603417225082,1,4,420,2.62945367667141,2.62945367667141,0.328889181624457,2.62945367667141,2.62945367667141,0.328889181624457,0.646131411247259,0.646131411247259,0.629965859060383,0.610958572128531,0.610958572128531,0.598387879116691
9.11137082407269,6.76966449134922,1,0,1,-0.00539913922568451,-1.76461889296694,1,-1.20603417225082,1,4,420,7.98394424136084,7.98394424136084,-0.229935596055032,7.98394424136084,7.98394424136084,-0.229935596055032,0.611545739039233,0.611545739039233,0.495336159622076,0.584193790577587,0.584193790577587,0.49650810565691
0.619760924970777,0.63357701984621,0,0,1,-1.24017235994842,-0.0846645404242413,0,-1.20603417225082,1,4,420,1.08764039944744,1.08764039944744,-1.01952768495781,1.08764039944744,1.08764039944744,-1.01952768495781,0.78614303410625,0.78614303410625,0.638467394178542,0.727242571378282,0.727242571378282,0.604984480801858
5.59180806333245,5.13785610046008,1,0,1,0.638821102825792,0.350484171832999,0,-1.20603417225082,1,4,420,5.39644710755332,5.39644710755332,3.17360795284786,5.39644710755332,5.39644710755332,3.17360795284786,0.67707631070397,0.67707631070397,0.633392174207471,0.63538192300364,0.63538192300364,0.60104276665944
8.39390245335311,12.5582633106446,0,1,1,0.834749005463019,-1.27254779495063,1,-0.658780147088649,1,5,421,9.68233682421098,9.68233682421098,2.96295893377727,9.68233682421098,9.68233682421098,2.96295893377727,0.691737323003877,0.691737323003877,0.501301667647956,0.647148140420949,0.647148140420949,0.500974563189632
5.24781472924081,8.12507062575719,1,1,0,1.06292878699338,0.491392223372872,0,-0.658780147088649,1,5,421,5.18325851516149,7.52472483235282,5.18325851516149,5.18325851516149,7.52472483235282,5.18325851516149,0.565982857729972,0.690130665454073,0.565982857729972,0.549540403352039,0.645851876639532,0.549540403352039
1.57431552438457,2.67209068244599,1,1,1,-1.5279208659013,-0.00613206995111941,0,-0.658780147088649,1,5,421,1.60407251833003,1.60407251833003,-0.49596508395186,1.60407251833003,1.60407251833003,-0.49596508395186,0.805805854213486,0.805805854213486,0.577157437603764,0.745222578362393,0.745222578362393,0.557990512405952
11.5764536746633,12.6038130882246,0,1,1,0.368550183819998,-2.12393084371905,1,-0.658780147088649,1,5,421,10.7902604706239,10.7902604706239,1.17917824172281,10.7902604706239,10.7902604706239,1.17917824172281,0.498840614587347,0.498840614587347,0.367845713274855,0.499131957765843,0.499131957765843,0.399916974937103
7.58824917602794,10.9861029631024,1,1,1,1.86720463106937,0.443124831353718,0,-0.658780147088649,1,5,421,9.03990242745658,9.03990242745658,6.74354281129431,9.03990242745658,9.03990242745658,6.74354281129431,0.874592138097689,0.874592138097689,0.568075831108387,0.813816892025995,0.813816892025995,0.551121112958561
-4.20454143877438,-4.4349625603721,0,1,0,-1.96861191188557,1.20749227793204,0,1.47701716266941,0,5,422,-3.11880352259114,0.439234078674374,-3.11880352259114,-3.11880352259114,0.439234078674374,-3.11880352259114,0.377301789858283,0.79205608865117,0.377301789858283,0.407227721246746,0.73258989817633,0.407227721246746
4.89364750772078,3.81397304564191,1,1,1,-0.114130317855883,-0.939655335369625,0,1.47701716266941,0,5,422,3.57311181475685,3.57311181475685,0.590159665468244,3.57311181475685,3.57311181475685,0.590159665468244,0.40467934636397,0.40467934636397,0.403196128402492,0.428211577680449,0.428211577680449,0.427080903857486
9.66128435395351,8.46937885828402,1,1,1,2.66772478174003,-1.10068237661324,0,1.47701716266941,0,5,422,9.46537155884703,9.46537155884703,6.15386986466006,9.46537155884703,9.46537155884703,6.15386986466006,0.951022131400955,0.951022131400955,0.388329891389803,0.908777427747872,0.908777427747872,0.415710781836699
5.47357999008921,5.11866463183818,0,1,1,-1.02026167707102,-0.0989762960197944,1,1.47701716266941,0,5,422,3.88769325421177,3.88769325421177,-1.22210305296203,3.88769325421177,3.88769325421177,-1.22210305296203,0.676557588969008,0.676557588969008,0.443469981939958,0.634968102181766,0.634968102181766,0.457588617826499
0.907499961430325,-0.565312108572809,1,1,0,-0.784452403272974,0.404304585606293,0,1.47701716266941,0,5,422,-0.750484505365938,1.51297769257634,-0.750484505365938,-0.750484505365938,1.51297769257634,-0.750484505365938,0.436315577549651,0.508610511320047,0.436315577549651,0.45219449429882,0.506447038668125,0.45219449429882
5.86939083425402,6.56660345836106,1,0,1,0.109970049005517,0.789852074263096,0,-0.861290555847418,1,4,423,5.99183704989989,5.99183704989989,3.26797075068217,5.99183704989989,5.99183704989989,3.26797075068217,0.573123936141728,0.573123936141728,0.571725180207679,0.554937346880817,0.554937346880817,0.553879389076958
10.4917026957884,9.93038425493238,0,0,1,1.12860589638613,-1.80138000475387,1,-0.861290555847418,1,4,423,11.0589802879535,11.0589802879535,2.71401036642644,11.0589802879535,11.0589802879535,2.71401036642644,0.704689489909958,0.704689489909958,0.448633140688012,0.657663958958881,0.657663958958881,0.46147610084176
1.49233871957903,1.12878354564167,1,0,1,-1.76709123047104,0.796272219809313,0,-0.861290555847418,1,4,423,2.25431778531532,2.25431778531532,-0.47973166272473,2.25431778531532,2.25431778531532,-0.47973166272473,0.855558572698701,0.855558572698701,0.571253809186572,0.793755558053621,0.793755558053621,0.553522958553905
1.79493845994896,1.18287305415367,0,0,0,-0.795642653297156,-0.0934624904385474,0,-0.861290555847418,1,4,423,0.573430781375186,2.68216601849416,0.573430781375186,0.573430781375186,2.68216601849416,0.573430781375186,0.599940870321909,0.669330383387999,0.599940870321909,0.575312594510154,0.629219090701422,0.575312594510154
-9.6071713049405,-8.82251860830988,1,1,0,-1.59369576189763,0.882516436464114,0,2.93867870229353,0,5,424,-8.82322403910882,-5.9443887784795,-8.82322403910882,-8.82322403910882,-5.9443887784795,-8.82322403910882,0.256023568549155,0.534134909029016,0.256023568549155,0.309617046815889,0.525576089989038,0.309617046815889
0.127043184633399,-0.217639746469368,0,0,1,0.0216915500821994,0.365472032089365,1,2.93867870229353,0,5,424,-0.358879608909639,-0.358879608909639,-5.59244941514917,-0.358879608909639,-0.358879608909639,-5.59244941514917,0.3849608137546,0.3849608137546,0.280177319127189,0.413123865486447,0.413123865486447,0.329889426921596
-0.369077810214179,-2.27982795261646,0,1,0,2.05136660513374,0.567974720238372,1,2.93867870229353,0,5,424,-1.53309930504609,3.88949597778377,-1.53309930504609,-1.53309930504609,3.88949597778377,-1.53309930504609,0.272964980249273,0.816648610340237,0.272964980249273,0.323891313435055,0.755396761355023,0.323891313435055
0.878598062667597,0.931390310536041,1,0,1,0.632338964463552,0.34745940494797,1,2.93867870229353,0,5,424,0.849573451700333,0.849573451700333,-4.37115458638646,0.849573451700333,0.849573451700333,-4.37115458638646,0.431126573095922,0.431126573095922,0.280671330594213,0.448276269328189,0.448276269328189,0.330298650125135
-3.80676349126688,-4.91214106234688,0,0,0,-0.0335168466089706,1.17598410665411,0,2.93867870229353,0,5,424,-5.70286620853151,-2.21992758942845,-5.70286620853151,-5.70286620853151,-2.21992758942845,-5.70286620853151,0.234638049970039,0.234734655228463,0.234638049970039,0.291183551822188,0.291267964382465,0.291183551822188
3.87046980329322,3.21596109395642,0,1,0,1.39932753021471,-0.763121519599275,0,1.25911895655587,1,5,425,3.45015299407179,6.1325074477473,3.45015299407179,3.45015299407179,6.1325074477473,3.45015299407179,0.330541754085046,0.554794719057543,0.330541754085046,0.370679460329356,0.541104350075007,0.370679460329356
1.49232260965164,2.24473494205058,0,1,0,-0.891755305861979,1.6907903897031,0,1.25911895655587,1,5,425,1.32189923122078,6.28067137313313,1.32189923122078,1.32189923122078,6.28067137313313,1.32189923122078,0.242393487606321,0.31853442008904,0.242393487606321,0.29792605119838,0.361109838318111,0.29792605119838
4.31511408734146,4.55394155964627,1,1,1,-0.843166420709288,0.0940987170681053,1,1.25911895655587,1,5,425,4.93123989744504,4.93123989744504,-0.177614671108825,4.93123989744504,4.93123989744504,-0.177614671108825,0.552718459942659,0.552718459942659,0.355049917669324,0.539541146462197,0.539541146462197,0.389964034463653
-0.485437314766535,1.35158903793333,1,1,0,-0.247053707119696,-1.23050437420821,0,1.25911895655587,1,5,425,-0.309992335205954,3.30414867973958,-0.309992335205954,-0.309992335205954,3.30414867973958,-0.309992335205954,0.292571655463649,0.298620696160399,0.292571655463649,0.340096688532991,0.345035039096023,0.340096688532991
2.79360300857733,1.94988677652337,1,1,0,-0.30561312162756,0.432265678449374,0,1.25911895655587,1,5,425,1.2356588884359,3.5225125052012,1.2356588884359,1.2356588884359,3.5225125052012,1.2356588884359,0.347358144123515,0.357463099454506,0.347358144123515,0.383944796094197,0.391846689657081,0.383944796094197
8.72853409599326,7.0257344108567,1,1,1,1.13578656775188,0.659807174611356,0,0.254720100476086,1,5,426,8.40184348819719,8.40184348819719,5.86649798052856,8.40184348819719,8.40184348819719,5.86649798052856,0.600321845867993,0.600321845867993,0.449549194501425,0.575603477089301,0.575603477089301,0.462165393642808
6.83704329109819,4.6990894205661,1,1,1,-0.18601481115581,-0.913703721863996,1,0.254720100476086,1,5,426,7.58423881758596,7.58423881758596,1.64938432623784,7.58423881758596,7.58423881758596,1.64938432623784,0.552446456436564,0.552446456436564,0.430947586447291,0.539336406309041,0.539336406309041,0.448141021107678
7.58108314783826,4.9621867157783,1,1,1,-0.104730633624323,0.535728305001131,1,0.254720100476086,1,5,426,8.64838952494532,8.64838952494532,3.26138470816594,8.64838952494532,8.64838952494532,3.26138470816594,0.575158646652015,0.575158646652015,0.456493204626802,0.556477071281636,0.556477071281636,0.467386624847686
-0.916809737680613,-4.52969184937986,0,1,0,-2.07507241477369,-0.555047799542897,0,0.254720100476086,1,5,426,-1.77007495867683,0.638003101100578,-1.77007495867683,-1.77007495867683,0.638003101100578,-1.77007495867683,0.455505697541946,0.867011019091186,0.455505697541946,0.466644508904673,0.805707070037005,0.466644508904673
7.10292361282398,3.20262642888683,1,1,1,-0.45645890865008,-0.816955718808624,1,0.254720100476086,1,5,426,6.97266078079878,6.97266078079878,1.20524413430467,6.97266078079878,6.97266078079878,1.20524413430467,0.580372702826578,0.580372702826578,0.438724067876807,0.560426972873143,0.560426972873143,0.454011410100202
3.53356133385562,5.36203963336213,1,0,1,-0.882272649578909,-1.09136665764239,0,0.224369332500766,1,4,427,3.38482762724648,3.38482762724648,0.0937464458329516,3.38482762724648,3.38482762724648,0.0937464458329516,0.509157933383881,0.509157933383881,0.418001116702994,0.506856958679481,0.506856958679481,0.43833979927426
2.33555201053351,3.76925053151648,1,1,1,-0.970446787916551,-0.896914082103468,0,0.224369332500766,1,4,427,3.0163056153721,3.0163056153721,0.11185074469659,3.0163056153721,3.0163056153721,0.11185074469659,0.546562633988196,0.546562633988196,0.435879969627685,0.534910256677419,0.534910256677419,0.451865765886936
2.44693009143015,6.68531521469382,0,1,1,-0.427459846940346,-0.750319909016328,0,0.224369332500766,1,4,427,4.00739876560241,4.00739876560241,1.34441879973614,4.00739876560241,4.00739876560241,1.34441879973614,0.468546620848783,0.468546620848783,0.447130626471754,0.476435740985092,0.476435740985092,0.460345247382595
6.60356171517827,7.66258408768805,1,0,1,0.424406531080229,0.270990290645492,0,0.224369332500766,1,4,427,6.24289749306324,6.24289749306324,4.06946175543911,6.24289749306324,6.24289749306324,4.06946175543911,0.491311720574617,0.491311720574617,0.470086669433592,0.49349472073688,0.49349472073688,0.477590874652995
1.79929160412609,2.03299377162179,1,0,1,-1.4916621117432,0.144361874089661,0,0.169612741819649,1,6,428,2.25310951910637,2.25310951910637,0.13226916841569,2.25310951910637,2.25310951910637,0.13226916841569,0.72508014622243,0.72508014622243,0.479009835330893,0.674478486761291,0.674478486761291,0.484280110916785
5.67703991745741,5.95296193419799,1,0,1,-1.84571028864024,0.757926614617485,1,0.169612741819649,1,6,428,5.71219030829495,5.71219030829495,0.0377375551494301,5.71219030829495,5.71219030829495,0.0377375551494301,0.871388944770975,0.871388944770975,0.452995186726335,0.810369979114471,0.810369979114471,0.464757274357644
0.822315345107606,2.41461407812677,1,0,1,-1.36666084432309,-0.439450892490523,0,0.169612741819649,1,6,428,2.09157602358644,2.09157602358644,-0.201541063324282,2.09157602358644,2.09157602358644,-0.201541063324282,0.682856612880931,0.682856612880931,0.470896445768384,0.640004483807668,0.640004483807668,0.478198175095639
1.85381985494096,2.93536444026854,1,0,1,-0.933624281512757,-0.240082510914831,0,0.169612741819649,1,6,428,3.02154005591925,3.02154005591925,0.863900443872076,3.02154005591925,3.02154005591925,0.863900443872076,0.5794881075806,0.5794881075806,0.477275745654835,0.559756402932947,0.559756402932947,0.482980595007993
6.34764654714389,7.87182627693164,0,0,1,-0.228803196250601,1.30428071230383,0,0.169612741819649,1,6,428,7.61905401410282,7.61905401410282,3.81790583761505,7.61905401410282,7.61905401410282,3.81790583761505,0.406897305334118,0.406897305334118,0.400936366221412,0.42990117438267,0.42990117438267,0.425357019353826
4.63151207631147,4.23843765121764,1,0,1,-0.465920728476398,0.0794366805099323,0,0.169612741819649,1,6,428,4.22513692757999,4.22513692757999,2.11882674136956,4.22513692757999,4.22513692757999,2.11882674136956,0.505304359818368,0.505304359818368,0.479694674376634,0.503971470772418,0.503971470772418,0.48479327402696
3.22510742950969,5.90567273317524,0,0,0,1.45692474621128,1.71864338272916,0,1.31183174497325,0,4,429,4.192946965303,9.24668204230173,4.192946965303,4.192946965303,9.24668204230173,4.192946965303,0.330408871053299,0.573755840940965,0.330408871053299,0.370574021079904,0.555415430385516,0.370574021079904
1.98108011674655,3.70272493418843,0,1,0,0.268659482536868,-0.302797604190223,0,1.31183174497325,0,4,429,1.81641643795418,4.00810282705752,1.81641643795418,1.81641643795418,4.00810282705752,1.81641643795418,0.458956637000811,0.467431081108208,0.458956637000811,0.469237374030383,0.47559888164156,0.469237374030383
11.7827655027852,13.6069857780635,0,0,1,-0.282520273767927,-2.31237430594088,1,1.31183174497325,0,4,429,11.1611318561202,11.1611318561202,0.714056925344593,11.1611318561202,11.1611318561202,0.714056925344593,0.34339230949146,0.34339230949146,0.238197732928078,0.380829885156124,0.380829885156124,0.294286808040211
0.353877277684778,-0.716380699782105,0,1,0,-1.50292645813249,1.26525751351048,0,1.31183174497325,0,4,429,-1.72675544338453,1.97412113211018,-1.72675544338453,-1.72675544338453,1.97412113211018,-1.72675544338453,0.389390996122868,0.64970622253665,0.389390996122868,0.416524727586335,0.613754520917847,0.416524727586335
2.40302000441069,3.00604852379022,0,1,1,-0.847772784138439,0.626900146208186,0,-1.0215352121911,1,5,430,3.38082418150083,3.38082418150083,0.887820388184986,3.38082418150083,3.38082418150083,0.887820388184986,0.678949338193588,0.678949338193588,0.600682794826299,0.636877533820918,0.636877533820918,0.575879109752737
5.16156225291,4.57156189379306,0,0,1,0.707327558889335,-1.16662605742084,0,-1.0215352121911,1,5,430,5.6655112284648,5.6655112284648,2.20449487061151,5.6655112284648,5.6655112284648,2.20449487061151,0.613447302504982,0.613447302504982,0.556086142466593,0.585653319070515,0.585653319070515,0.542077001936056
3.92416271852969,4.37638944889994,1,0,1,-0.557464056267411,1.2635828783088,0,-1.0215352121911,1,5,430,5.80176226638282,5.80176226638282,2.10512057602766,5.80176226638282,5.80176226638282,2.10512057602766,0.581175631840704,0.581175631840704,0.545071389359966,0.56103579758026,0.56103579758026,0.533789225811025
-0.310666685175904,3.588094065678,1,0,1,-1.08579957875096,-1.39379769908483,0,-1.0215352121911,1,5,430,2.43374097964109,2.43374097964109,-1.60893104633307,2.43374097964109,2.43374097964109,-1.60893104633307,0.662210445477993,0.662210445477993,0.528822017937669,0.623584613793633,0.623584613793633,0.521590689902635
4.27519278259302,5.75593367908001,1,1,1,-0.0248520078231334,0.932112327186595,0,-1.0215352121911,1,5,430,5.80770751228722,5.80770751228722,2.83887412179401,5.80770751228722,5.80770751228722,2.83887412179401,0.578985128376717,0.578985128376717,0.57891396720167,0.559375200795066,0.559375200795066,0.559321273369548
1.23121832522965,0.145260219679977,1,0,0,-0.324002885675595,0.532783817772711,1,0.619814364005056,1,6,431,2.50060820059453,7.88446679707499,2.50060820059453,2.50060820059453,7.88446679707499,2.50060820059453,0.414261845182157,0.543752624343551,0.414261845182157,0.435501631034619,0.532798098223333,0.435501631034619
0.818569159970187,0.260289730324094,1,1,1,-1.14246563705209,-0.429552383981701,0,0.619814364005056,1,6,431,2.1858617466715,2.1858617466715,-0.0986535039128645,2.1858617466715,2.1858617466715,-0.0986535039128645,0.571709354906923,0.571709354906923,0.418827166943712,0.553867421901546,0.553867421901546,0.43896631796613
9.49104873951778,6.13418319013634,1,0,1,0.105106572120808,0.119510730668205,1,0.619814364005056,1,6,431,8.05983684382768,8.05983684382768,2.94555402908283,8.05983684382768,8.05983684382768,2.94555402908283,0.545380700205828,0.545380700205828,0.426680686451213,0.534021723409214,0.534021723409214,0.444914837785125
8.05791375695287,6.87581356583648,1,0,0,1.62082593624832,1.30885934370699,1,0.619814364005056,1,6,431,7.16634137037664,13.9794541519857,7.16634137037664,7.16634137037664,13.9794541519857,7.16634137037664,0.350460638699542,0.750457367843954,0.350460638699542,0.386376119564667,0.695917545633146,0.386376119564667
3.14669189216729,1.40046095054694,1,1,1,-0.857697358043658,-0.112849720983736,0,0.619814364005056,1,6,431,2.90032077662806,2.90032077662806,0.787585717101955,2.90032077662806,2.90032077662806,0.787585717101955,0.513066522838063,0.513066522838063,0.426752258595542,0.50978404212651,0.50978404212651,0.44496898506097
-0.774169567900024,-1.66229710927993,0,1,0,-2.10269862772842,1.65812329938041,1,0.619814364005056,1,6,431,0.0685561980965796,7.91792907404476,0.0685561980965796,0.0685561980965796,7.91792907404476,0.0685561980965796,0.307074671965601,0.853843184032056,0.307074671965601,0.351892238594505,0.79199437946248,0.351892238594505
10.1811369392114,10.3021403382612,1,1,1,0.915266005904342,-0.980781137277104,1,0.253983101793477,1,6,432,9.84717509777351,9.84717509777351,3.78524345853494,9.84717509777351,9.84717509777351,3.78524345853494,0.638006703950219,0.638006703950219,0.425152117975866,0.6046262190046,0.6046262190046,0.443758145446642
3.63056088460014,4.08410983038943,0,1,0,0.216157917404973,0.162510441951709,0,0.253983101793477,1,6,432,3.53031886076502,5.65672850450836,3.53031886076502,3.53031886076502,5.65672850450836,3.53031886076502,0.468816168803958,0.47431363252299,0.468816168803958,0.476637934241462,0.480760341868692,0.476637934241462
7.06838070394485,9.88605207055589,0,0,1,-0.122503957220649,-0.132408533488625,1,0.253983101793477,1,6,432,7.67560815581405,7.67560815581405,2.55807613607344,7.67560815581405,7.67560815581405,2.55807613607344,0.588105510528195,0.588105510528195,0.46923374001622,0.566297067519067,0.566297067519067,0.476951149758178
4.68609629907238,6.92377098723937,1,1,0,1.17629510357392,-0.348181458616325,1,0.253983101793477,1,6,432,4.93990133253489,10.1611316606591,4.93990133253489,4.93990133253489,10.1611316606591,4.93990133253489,0.464358852612887,0.728308929582283,0.464358852612887,0.473293528602758,0.67717282699052,0.473293528602758
7.1398396405747,7.99186332814156,1,1,1,0.867623664531436,-0.409831638569365,0,0.253983101793477,1,6,432,6.52887024646932,6.52887024646932,4.26090827449687,6.52887024646932,6.52887024646932,4.26090827449687,0.550771580786951,0.550771580786951,0.462164048951562,0.538075955538825,0.538075955538825,0.471645990019025
2.4964519647512,1.94607066297261,0,1,0,-0.977254798736275,0.0371582541121447,0,0.253983101793477,1,6,432,1.01814124064296,3.11952197649162,1.01814124064296,1.01814124064296,3.11952197649162,1.01814124064296,0.469993542608676,0.581963213122739,0.469993542608676,0.477521029586828,0.561633136293036,0.477521029586828
0.0378217919627699,1.62634482221004,0,1,0,-1.00697225407047,0.0854668472515048,0,-0.206935123456378,0,5,433,0.943233346539149,3.05053792851826,0.943233346539149,0.943233346539149,3.05053792851826,0.943233346539149,0.638559960817564,0.74103534541106,0.638559960817564,0.605056477779501,0.687885287428382,0.605056477779501
2.27756048490566,4.10041991585713,0,1,0,0.371980649771647,1.1105532997729,0,-0.206935123456378,0,5,433,3.70113915422339,7.03446778585987,3.70113915422339,3.70113915422339,7.03446778585987,3.70113915422339,0.583470367115063,0.599279616217985,0.583470367115063,0.562776656798147,0.574807817984936,0.562776656798147
4.85980174222795,7.02324406216829,1,1,1,-1.17000856939081,-0.0622227596309807,1,-0.206935123456378,0,5,433,5.72103238771457,5.72103238771457,0.617160715898474,5.72103238771457,5.72103238771457,0.617160715898474,0.845970687281693,0.845970687281693,0.638710124662986,0.784002152492963,0.784002152492963,0.605173281092777
0.624856203867317,0.716289344282641,1,1,0,-1.62380518463425,-1.08000104297636,0,-0.206935123456378,0,5,433,-0.290432514588402,2.97596973824162,-0.290432514588402,-0.290432514588402,2.97596973824162,-0.290432514588402,0.586542829046926,0.833134702607033,0.586542829046926,0.565109586197404,0.771268105119044,0.565109586197404
0.713431434415633,-0.514871039239238,1,1,0,-0.657158955084416,0.698238545583898,0,-0.206935123456378,0,5,433,1.64285994451126,4.23039701105038,1.64285994451126,1.64285994451126,4.23039701105038,1.64285994451126,0.617309856028964,0.664367334787947,0.617309856028964,0.588621909316898,0.625288539606971,0.588621909316898
1.03966880939896,-1.120019206152,1,0,0,-0.510324373596741,-0.0766663594628054,0,1.21107216153815,1,6,434,0.435989112891037,2.54186684356432,0.435989112891037,0.435989112891037,2.54186684356432,0.435989112891037,0.360411525950298,0.389299874679835,0.360411525950298,0.39414330073481,0.416454845787927,0.39414330073481
0.722502694265801,-0.855790430073267,0,1,0,-0.488384952181486,0.238075979041735,1,1.21107216153815,1,6,434,0.794610294226088,5.95129046602277,0.794610294226088,0.794610294226088,5.95129046602277,0.794610294226088,0.35819460375405,0.500563634890206,0.35819460375405,0.392416846390614,0.500421993136072,0.392416846390614
5.4444468894636,4.38154816369838,0,0,0,1.77271561077226,-0.515279679782435,0,1.21107216153815,1,6,434,4.56345576130941,6.9289689097061,4.56345576130941,4.56345576130941,6.9289689097061,4.56345576130941,0.349143003780607,0.703518285986246,0.349143003780607,0.385344111486778,0.656708076358564,0.385344111486778
5.83078715428007,4.1737858963716,0,0,0,1.71848517252007,0.607837992530314,0,1.21107216153815,1,6,434,5.57811255711778,8.04757958228107,5.57811255711778,5.57811255711778,8.04757958228107,5.57811255711778,0.344675238280863,0.680116315276344,0.344675238280863,0.381838419474939,0.637810454942858,0.381838419474939
4.44305727908819,2.80667280757606,0,0,0,0.941899212534941,1.83657868090809,1,1.21107216153815,1,6,434,5.25368132552529,13.7267025766914,5.25368132552529,5.25368132552529,13.7267025766914,5.25368132552529,0.228803834969792,0.421189204463883,0.228803834969792,0.286065124104927,0.440756903254432,0.286065124104927
-0.744466347824832,-1.06557715463295,0,0,0,-0.617802429691835,-0.839564593121542,0,1.21107216153815,1,6,434,-0.541865232957889,2.26300347306545,-0.541865232957889,-0.541865232957889,2.26300347306545,-0.541865232957889,0.330441025606425,0.371632964507082,0.330441025606425,0.370599535813446,0.402849309597525,0.370599535813446
10.428896640101,11.0445364021752,1,0,1,-0.358928748205611,1.06436694359799,1,-0.0150231723916037,1,4,435,9.57916074210219,9.57916074210219,3.34628375147806,9.57916074210219,9.57916074210219,3.34628375147806,0.580837040475088,0.580837040475088,0.448466046306349,0.560779040162337,0.560779040162337,0.461350355702458
2.02874654296005,3.15504174984875,1,0,0,-0.110267809002589,0.188126553813012,0,-0.0150231723916037,1,4,435,2.96736524009913,5.10275684034869,2.96736524009913,2.96736524009913,5.10275684034869,2.96736524009913,0.500102274614501,0.501537300847207,0.500102274614501,0.500076570139139,0.501150983713499,0.500076570139139
2.9271940203791,5.36702884743131,0,0,0,0.439797566333026,-0.0440051490156909,0,-0.0150231723916037,1,4,435,3.83536428794165,5.93730074108155,3.83536428794165,3.83536428794165,5.93730074108155,3.83536428794165,0.501681648746128,0.524491061558812,0.501681648746128,0.501259058297382,0.518343635200242,0.501259058297382
4.39282642812961,6.83852002029714,0,1,1,-1.066804281716,-0.0532097389909833,1,-0.0150231723916037,1,4,435,5.9157872781918,5.9157872781918,0.812956001868313,5.9157872781918,5.9157872781918,0.812956001868313,0.734938555535721,0.734938555535721,0.50163940558563,0.682734438483941,0.682734438483941,0.501227430449128
7.76216328438682,11.9240718398974,1,0,1,1.05529278319761,0.257364598517553,1,1.29274595639556,0,6,436,8.60562999518825,8.60562999518825,3.43939345861815,8.60562999518825,8.60562999518825,3.43939345861815,0.700447848248281,0.700447848248281,0.462390282558964,0.654206935294771,0.654206935294771,0.471815837118514
2.78179756797266,6.44573749134269,1,0,1,-0.0845964646729795,0.800702656566003,0,1.29274595639556,0,6,436,3.90073970710883,3.90073970710883,1.15961496287698,3.90073970710883,3.90073970710883,1.15961496287698,0.436357728840001,0.436357728840001,0.435526303082032,0.452226301580535,0.452226301580535,0.451598847648343
2.41090313413784,6.47305654426918,0,0,0,0.587886929809132,1.10726773104486,0,1.29274595639556,0,6,436,2.5045817518412,5.83062358005443,2.5045817518412,2.5045817518412,5.83062358005443,2.5045817518412,0.408559733395056,0.448533337669806,0.408559733395056,0.431166671762019,0.461400995622342,0.431166671762019
0.364890600211054,5.61910666419313,1,0,0,-0.127630363917373,-2.1209396892592,1,1.29274595639556,0,6,436,1.07354716438819,10.6719323298631,1.07354716438819,1.07354716438819,10.6719323298631,1.07354716438819,0.270662984147955,0.375570379454822,0.270662984147955,0.321967318969688,0.405891774156105,0.321967318969688
-1.25305663231492,1.23979526086147,1,1,0,-0.946481189000796,1.94656608877305,0,1.29274595639556,0,6,436,-0.564154485778656,5.32496505218256,-0.564154485778656,-0.564154485778656,5.32496505218256,-0.564154485778656,0.298157041084459,0.393856905666066,0.298157041084459,0.344657478621591,0.419946263446909,0.344657478621591
-0.379257278972559,3.18223727536375,1,1,0,-0.992838810664169,0.66797281187015,0,1.29274595639556,0,6,436,-0.656869729105404,1.88931794829231,-0.656869729105404,-0.656869729105404,1.88931794829231,-0.656869729105404,0.444602845490591,0.560440631068138,0.444602845490591,0.458441944817776,0.545358694803174,0.458441944817776
-0.962206499528858,2.78374706226656,1,1,0,-1.06634347144764,0.038030001106314,0,-1.04120613121671,0,6,437,-0.216797150578541,1.8846491304056,-0.216797150578541,-0.216797150578541,1.8846491304056,-0.216797150578541,0.724463849235499,0.819326993570305,0.724463849235499,0.673965239305411,0.757941037351701,0.673965239305411
-0.173932722512675,3.75413426039638,0,0,0,-0.922840982890094,-2.3864600030198,0,-1.04120613121671,0,6,437,0.070207826536546,7.86539917254979,0.070207826536546,0.070207826536546,7.86539917254979,0.070207826536546,0.472071737978972,0.572074704458952,0.472071737978972,0.479079500402926,0.554143714711262,0.479079500402926
0.336993774321438,0.197594966963241,0,1,0,-0.804946310232764,0.246315592987047,1,-1.04120613121671,0,6,437,0.305997171851207,5.46666854319977,0.305997171851207,0.305997171851207,5.46666854319977,0.305997171851207,0.722203548407357,0.851598096044189,0.722203548407357,0.672085681570097,0.78970020259095,0.672085681570097
0.984322767559067,2.08317372520077,1,1,0,-0.752389695517294,-1.40504489993648,0,-1.04120613121671,0,6,437,0.411110401282147,4.48526157211967,0.411110401282147,0.411110401282147,4.48526157211967,0.411110401282147,0.643742709855609,0.70276254574492,0.643742709855609,0.609093688057801,0.65609181680669,0.609093688057801
0.656919893930175,3.83326545961467,1,1,1,-2.04007018502844,-0.933795560437667,0,-1.04120613121671,0,6,437,0.807723570952961,0.807723570952961,-2.16425057774014,0.807723570952961,0.807723570952961,-2.16425057774014,0.943627837673723,0.943627837673723,0.690171867154989,0.898101459890569,0.898101459890569,0.645885096759353
-2.15400084488881,2.18869153489119,1,1,0,-1.04937589021471,-0.340357439180589,0,-1.04120613121671,0,6,437,-0.182861988112693,2.03298119829288,-0.182861988112693,-0.182861988112693,2.03298119829288,-0.182861988112693,0.720088125168647,0.813429287569207,0.720088125168647,0.67033054005335,0.752355248869639,0.67033054005335
1.1556835019262,0.732613843476985,0,1,0,-0.788626817954677,-0.0579166705382613,0,0.811213164003416,1,6,438,0.706762896099951,2.81011723682619,0.706762896099951,0.706762896099951,2.81011723682619,0.706762896099951,0.405205521208986,0.477516742678571,0.405205521208986,0.428612533939543,0.483161208113017,0.428612533939543
9.34863306250484,9.08621285236271,0,1,1,0.553348708207375,-0.380347419686332,1,0.811213164003416,1,6,438,8.31294735893803,8.31294735893803,3.06828319927599,8.31294735893803,8.31294735893803,3.06828319927599,0.551415769858869,0.551415769858869,0.398778954734147,0.538560698986025,0.538560698986025,0.423709783222368
1.46358782422845,-1.06416858770684,0,0,0,0.337228216242646,-2.663113315308,0,0.811213164003416,1,6,438,0.353276319724854,9.54544884989565,0.353276319724854,0.353276319724854,9.54544884989565,0.353276319724854,0.149432766903671,0.156564696266365,0.149432766903671,0.211349144202428,0.218541357985538,0.211349144202428
6.77918901368376,6.10717313349488,1,0,1,0.459940787290072,-1.30625367128355,0,0.811213164003416,1,6,438,5.76185975958592,5.76185975958592,1.95556110584416,5.76185975958592,5.76185975958592,1.95556110584416,0.352933147189587,0.352933147189587,0.330366139941645,0.388310383942554,0.388310383942554,0.370540112899307
6.2582331666968,5.52647624223056,1,1,1,0.545394097313349,-1.27913401664198,0,0.811213164003416,1,6,438,5.88977121306294,5.88977121306294,2.15358738053228,5.88977121306294,5.88977121306294,2.15358738053228,0.365361990278557,0.365361990278557,0.333318021914999,0.397990669307645,0.397990669307645,0.37288006258484
4.17251206862767,3.34714068735606,0,0,0,-0.184377353272539,1.41209102461834,0,0.811213164003416,1,6,438,3.38526952062082,7.47927058242849,3.38526952062082,3.38526952062082,7.47927058242849,3.38526952062082,0.318388670581017,0.321903856386127,0.318388670581017,0.360993138922318,0.363804004604986,0.360993138922318
2.78177997400077,1.58142102655779,0,1,0,-0.605542305281275,-0.0724527909301139,1,-0.641825507396824,0,6,439,1.37697540749226,6.48222481440582,1.37697540749226,1.37697540749226,6.48222481440582,1.37697540749226,0.684790670645822,0.806790338041836,0.684790670645822,0.641555858141275,0.746138321126232,0.641555858141275
-1.66974037620432,-1.92114778867577,1,1,0,-2.46988543003501,-1.48062725312487,0,-0.641825507396824,0,6,439,-2.35171084201521,1.94054622068088,-2.35171084201521,-2.35171084201521,1.94054622068088,-2.35171084201521,0.589354634229458,0.965020942981238,0.589354634229458,0.567246739771431,0.930429017297303,0.567246739771431
6.59242001644965,5.37221754573091,1,0,1,0.587558022424973,-0.0872593469827774,0,-0.641825507396824,0,6,439,5.87079025654062,5.87079025654062,3.76317606290476,5.87079025654062,5.87079025654062,3.76317606290476,0.71904322544219,0.71904322544219,0.684693625945232,0.66946498724248,0.66946498724248,0.641477958102044
5.63475149297162,4.7861803395522,1,0,0,1.80504195067604,-0.752323851721851,0,-0.641825507396824,0,6,439,6.19814391940689,8.8641350972765,6.19814391940689,6.19814391940689,8.8641350972765,6.19814391940689,0.661361000712844,0.903616910568343,0.661361000712844,0.622914250977463,0.846604875551267,0.622914250977463
11.6728520563424,10.6655096066832,0,0,1,0.988505165180354,1.21462694543846,1,-0.641825507396824,0,6,439,11.1403889650007,11.1403889650007,4.56507034841552,11.1403889650007,11.1403889650007,4.56507034841552,0.808467709393095,0.808467709393095,0.621748443211036,0.747702186001067,0.747702186001067,0.592039925537773
-0.762734379440984,-1.40314576366384,1,0,0,-1.76120414379222,1.47828174903213,1,-0.641825507396824,0,6,439,-0.934348269529621,6.35096865999187,-0.934348269529621,-0.934348269529621,6.35096865999187,-0.934348269529621,0.589672259701074,0.911647853002901,0.589672259701074,0.567488287641542,0.856256693204999,0.567488287641542
1.50290358338674,1.315572261331,1,0,0,-0.387432281244114,0.24768629104874,0,0.77870656627635,1,6,440,1.86643781219861,4.02778631097209,1.86643781219861,1.86643781219861,4.02778631097209,1.86643781219861,0.406266950885662,0.423491266840601,0.406266950885662,0.429421124965365,0.442500764731433,0.429421124965365
0.976231030689742,1.42125693825107,1,1,0,0.561053462897783,-0.387943616697152,1,0.77870656627635,1,6,440,3.12777939273651,8.37827964247258,3.12777939273651,3.12777939273651,8.37827964247258,3.12777939273651,0.402205428385671,0.55593987131313,0.402205428385671,0.426325323805035,0.541966822349339,0.426325323805035
6.38974564285278,6.58667828586171,1,0,0,1.37608759056549,0.536189802049406,1,0.77870656627635,1,6,440,5.68198106681848,11.0694805706403,5.68198106681848,5.68198106681848,11.0694805706403,5.68198106681848,0.395989124330054,0.720572247374862,0.395989124330054,0.421577551452202,0.670731877282532,0.421577551452202
2.20435442812215,1.01224397250755,0,0,0,-0.542728030069612,0.915298877741138,0,0.77870656627635,1,6,440,2.22345890124001,5.1612309368342,2.22345890124001,2.22345890124001,5.1612309368342,2.22345890124001,0.371359215386199,0.404441320469671,0.371359215386199,0.402637551749414,0.428030170802275,0.402637551749414
4.05330647166542,3.46713149694331,0,0,0,0.373647066890435,0.947843050373247,1,0.77870656627635,1,6,440,4.08875326779221,10.0871597159331,4.08875326779221,4.08875326779221,10.0871597159331,4.08875326779221,0.368681422545164,0.500182111059614,0.368681422545164,0.400564544563652,0.500136344115951,0.400564544563652
3.60357400450962,3.58678625915999,0,0,0,0.418786878535577,0.80765936180932,0,0.77870656627635,1,6,440,4.03884920251857,6.79116284723681,4.03884920251857,4.03884920251857,6.79116284723681,4.03884920251857,0.379595931687334,0.399326758496934,0.379595931687334,0.408996103241275,0.424128179032635,0.408996103241275
7.8536955426747,4.26913316928237,0,1,1,0.0823697577992663,0.524349868292922,1,-0.704034858744596,1,5,441,8.56836708594274,8.56836708594274,3.19342430156393,8.56836708594274,8.56836708594274,3.19342430156393,0.68078885630157,0.68078885630157,0.569677574852688,0.638348491172812,0.638348491172812,0.552331415849393
7.94911116641067,2.44918458493779,1,1,1,1.50729405730915,-1.37628814691532,0,-0.704034858744596,1,5,441,8.13680394871507,8.13680394871507,4.14263488537545,8.13680394871507,8.13680394871507,4.14263488537545,0.741062490127771,0.741062490127771,0.493670468797429,0.687908300619013,0.687908300619013,0.495260921063435
10.9316936915748,7.18587706398829,1,1,1,1.3596391201223,0.449633163348024,1,-0.704034858744596,1,5,441,10.9754163028475,10.9754163028475,5.67324632126511,10.9754163028475,10.9754163028475,5.67324632126511,0.83939772224318,0.83939772224318,0.573046403856944,0.777437374320443,0.777437374320443,0.554878693844928
3.16737281945637,-2.64254464495563,1,1,1,-1.07197414589458,-1.62180899088462,0,-0.704034858744596,1,5,441,3.46884203791289,3.46884203791289,-1.2614223650013,3.46884203791289,3.46884203791289,-1.2614223650013,0.593483420956857,0.593483420956857,0.459007694338278,0.570388749197494,0.570388749197494,0.469275725037368
6.59196257841838,5.62157966807082,1,0,1,1.53105756671793,-0.874161716291065,0,-0.704034858744596,1,5,441,7.55644704104622,7.55644704104622,4.69228833481727,7.55644704104622,7.55644704104622,4.69228833481727,0.786249061785158,0.786249061785158,0.546885161695732,0.72733802583244,0.72733802583244,0.535152753517051
0.0973399377529554,4.16180647772249,0,0,0,-0.12435413410826,-0.291280195968615,0,0.815402467250213,1,5,442,1.79513035221713,3.97997450478065,1.79513035221713,1.79513035221713,3.97997450478065,1.79513035221713,0.401019514169385,0.402777607161123,0.401019514169385,0.425420476632318,0.426761744303842,0.425420476632318
11.7257897109122,10.0773724039669,0,0,1,1.60927250185054,-1.73953289743718,1,0.815402467250213,1,5,442,11.9401056239324,11.9401056239324,3.81413092266617,11.9401056239324,11.9401056239324,3.81413092266617,0.676969822883415,0.676969822883415,0.276950329173433,0.635296956869853,0.635296956869853,0.327211234174669
1.07772539555965,0.510758885986406,1,1,0,-0.317298037247576,0.17691520415903,0,0.815402467250213,1,5,442,1.87743794606614,4.00873693552878,1.87743794606614,1.87743794606614,4.00873693552878,1.87743794606614,0.403455167234077,0.414963349045534,0.403455167234077,0.427278418216708,0.436034352210319,0.427278418216708
4.12709060765866,5.14988005168012,1,1,0,0.667957393435342,0.713005881424543,0,0.815402467250213,1,5,442,4.38403948469749,6.99241687164348,4.38403948469749,4.38403948469749,6.99241687164348,4.38403948469749,0.381926330263462,0.432811304196938,0.381926330263462,0.410790413811292,0.449548991196371,0.410790413811292
3.85719973724743,2.38077525289377,1,1,0,0.0429446625198929,0.889570053386809,0,0.815402467250213,1,5,442,3.31057819482886,6.20191307471147,3.31057819482886,3.31057819482886,6.20191307471147,3.31057819482886,0.369357797044878,0.369561293506964,0.369357797044878,0.40108843743218,0.401246020741345,0.40108843743218
3.19528094024806,3.96747472222753,0,0,0,0.806751114138551,-1.37118365141017,0,0.556655829634311,1,5,443,2.93245286420107,6.9125974700956,2.93245286420107,2.93245286420107,6.9125974700956,2.93245286420107,0.350066325312656,0.42294624523508,0.350066325312656,0.386067371427295,0.442088009376667,0.386067371427295
4.14813352770211,6.03073345317187,0,1,0,0.677344726864275,0.333769425070728,1,0.556655829634311,1,5,443,4.37859316613341,9.58999519524546,4.37859316613341,4.37859316613341,9.58999519524546,4.37859316613341,0.429493345700197,0.599916209669936,0.429493345700197,0.447041905253542,0.575293767120142,0.447041905253542
2.58975077990243,4.91128046719435,1,1,0,0.771596309227867,-1.65390070524435,1,0.556655829634311,1,5,443,2.57942620054552,10.4148137433533,2.57942620054552,2.57942620054552,10.4148137433533,2.57942620054552,0.314073224725166,0.493456030818534,0.314073224725166,0.357531708774532,0.495100357418001,0.357531708774532
3.01273584250293,4.52513368821646,0,1,0,-0.271230629038262,1.44902283396043,1,0.556655829634311,1,5,443,3.59669586321804,10.7963630365567,3.59669586321804,3.59669586321804,10.7963630365567,3.59669586321804,0.340650915988431,0.46195409375896,0.340650915988431,0.37867196681911,0.471488359078125,0.37867196681911
-2.61923900560764,-0.690858738056759,1,1,0,-2.22191871901008,0.140661143243074,0,0.556655829634311,1,5,443,-1.61304200744295,0.506743549775498,-1.61304200744295,-1.61304200744295,0.506743549775498,-1.61304200744295,0.433741352468745,0.890026210501275,0.433741352468745,0.450251349929496,0.830878419077486,0.450251349929496
4.04615302609245,0.421818576354838,1,0,0,-0.0866131948599708,-2.17830261095194,0,0.326901931243009,0,4,444,2.71990873762965,9.56491100250969,2.71990873762965,2.71990873762965,9.56491100250969,2.71990873762965,0.359158452711077,0.359977122717549,0.359158452711077,0.39316772770756,0.393805178414988,0.39316772770756
5.72572023998038,4.58863022392092,1,1,0,0.726675164742174,0.466254828261086,0,0.326901931243009,0,4,444,4.34648545683394,6.66387902171071,4.34648545683394,4.34648545683394,6.66387902171071,4.34648545683394,0.568760243178219,0.628683034561527,0.568760243178219,0.55163820178319,0.597395126223962,0.55163820178319
3.78158456752462,1.73823847228468,1,1,1,-0.566931564454702,-0.650999947176519,0,0.326901931243009,0,4,444,4.28307292966402,4.28307292966402,1.75927199844019,4.28307292966402,4.28307292966402,1.75927199844019,0.596210949788997,0.596210949788997,0.559168207688809,0.572467021501629,0.572467021501629,0.544399416207172
3.17079121074204,2.16781060402235,0,0,0,0.65775029873759,-0.485977632716804,0,0.326901931243009,0,4,444,4.20863572482477,6.5448099843258,4.20863572482477,4.20863572482477,6.5448099843258,4.20863572482477,0.56788940144006,0.617236444377328,0.56788940144006,0.550980277456404,0.588565438399928,0.550980277456404
0.561198446279441,-0.491272579027157,0,1,0,-0.50669749127764,0.613937880340799,0,1.33773328314002,1,5,445,0.811012560964945,3.2879322818823,0.811012560964945,0.811012560964945,3.2879322818823,0.811012560964945,0.330915799419168,0.35841094889822,0.330915799419168,0.370976201420439,0.392585425612161,0.370976201420439
4.09112629238663,3.95423178859641,0,1,0,1.0139476609227,1.66247854730956,1,1.33773328314002,1,5,445,4.90084353233439,12.7646784525989,4.90084353233439,4.90084353233439,12.7646784525989,4.90084353233439,0.238840498672733,0.451148680497674,0.238840498672733,0.294845606061183,0.46336864647134,0.294845606061183
-1.03586134370204,-0.213039882280367,0,1,0,-0.185389329906525,-0.878360917919223,0,1.33773328314002,1,5,445,-0.0386699145528464,2.83284798757505,-0.0386699145528464,-0.0386699145528464,2.83284798757505,-0.0386699145528464,0.314531139212385,0.318063154288289,0.314531139212385,0.357899570330271,0.36073245475862,0.357899570330271
3.90799904639483,3.08563231367872,0,0,0,0.764543741709124,2.04890687006428,0,1.33773328314002,1,5,445,4.78846401666195,11.0864833788586,4.78846401666195,4.78846401666195,11.0864833788586,4.78846401666195,0.192420696121876,0.23978600089897,0.192420696121876,0.253126668930607,0.295666741013809,0.253126668930607
4.35656285907998,4.35942895126118,0,0,1,0.707996509401406,-1.46092584293563,0,1.33773328314002,1,5,445,5.39984115760378,5.39984115760378,1.16553683904661,5.39984115760378,5.39984115760378,1.16553683904661,0.310053934219996,0.310053934219996,0.261405145863822,0.354296945593548,0.354296945593548,0.314180822002354
5.63557741686146,4.16567086930347,0,1,1,-0.212370033715057,-1.06714233553098,0,0.590324807372989,0,6,446,5.46556931865245,5.46556931865245,2.22677655436993,5.46556931865245,5.46556931865245,2.22677655436993,0.49991256404452,0.49991256404452,0.494589841659993,0.499934532817592,0.499934532817592,0.495949306112149
1.86749837973381,4.17924170811927,0,0,1,0.0557639026393755,0.0119232385502113,0,0.590324807372989,0,6,446,4.86318659069632,4.86318659069632,2.76304442707879,4.86318659069632,4.86318659069632,2.76304442707879,0.548564851678555,0.548564851678555,0.548201121157696,0.5364158829761,0.5364158829761,0.536142323693702
-1.3072864443594,-1.43947082329093,1,1,0,-1.14601840014096,0.757247892901914,0,0.590324807372989,0,6,446,0.359479821518122,3.03290419282251,0.359479821518122,0.359479821518122,3.03290419282251,0.359479821518122,0.521267827579121,0.669626616048759,0.521267827579121,0.51592794846053,0.629454135830899,0.51592794846053
6.76386233141967,7.60391300316926,1,1,1,-0.127589479132239,0.0806747314127384,1,0.590324807372989,0,6,446,7.50284607582408,7.50284607582408,2.39633766353557,7.50284607582408,7.50284607582408,2.39633766353557,0.662202354731755,0.662202354731755,0.547903221301778,0.623578226923828,0.623578226923828,0.535918289052947
8.85405584353454,7.741941902299,1,1,1,1.07384521784117,-1.39795910269378,0,0.590324807372989,0,6,446,8.85349671028679,8.85349671028679,4.79920705748239,8.85349671028679,8.85349671028679,4.79920705748239,0.591204904436551,0.591204904436551,0.456198106880719,0.568654217320001,0.568654217320001,0.4671648706306
6.41839966576689,7.12164036519709,1,0,1,1.29947234809945,0.564194062601107,0,0.590324807372989,0,6,446,7.66877625827329,7.66877625827329,5.25046131799894,7.66877625827329,7.66877625827329,5.25046131799894,0.717787390908372,0.717787390908372,0.533276586438026,0.668425905982058,0.668425905982058,0.524932052452934
6.31401997946534,4.82480136320148,0,0,1,-0.608016278769241,1.02039495823339,0,-0.179898537643103,1,5,447,5.91320478763692,5.91320478763692,2.77199891684878,5.91320478763692,5.91320478763692,2.77199891684878,0.515703840262646,0.515703840262646,0.472105462374928,0.51175940339895,0.51175940339895,0.47910478790497
5.21192944857712,2.00832481128779,0,0,1,-0.0311762000027416,-0.87381903326087,0,-0.179898537643103,1,5,447,4.89502478577648,4.89502478577648,2.03146508288752,4.89502478577648,4.89502478577648,2.03146508288752,0.485303969267126,0.485303969267126,0.485189352020895,0.488995477390379,0.488995477390379,0.488909626940879
7.49303120568999,4.1132850526835,1,0,1,0.696516868937312,-0.907710726267324,0,-0.179898537643103,1,5,447,6.37689829034193,6.37689829034193,3.45295952776117,6.37689829034193,6.37689829034193,3.45295952776117,0.539512992100122,0.539512992100122,0.482341792247375,0.529613235445254,0.529613235445254,0.486776560716444
5.17669910447523,2.97083265092148,1,0,1,-0.243813394427563,-0.969469249832069,0,-0.179898537643103,1,5,447,4.55041110383663,4.55041110383663,1.51054047746668,4.55041110383663,4.55041110383663,1.51054047746668,0.483882928460019,0.483882928460019,0.476877496261734,0.487931050734836,0.487931050734836,0.482682122131596
4.12452456276466,3.06478506154385,1,0,1,-0.132267591853925,-0.263406915011548,0,-0.179898537643103,1,5,447,4.60907762031037,4.60907762031037,2.43969441743447,4.60907762031037,4.60907762031037,2.43969441743447,0.520011107731223,0.520011107731223,0.517949178156468,0.514986264482925,0.514986264482925,0.513441416320025
2.89619223043492,-3.16907019619801,1,0,0,0.107552785041792,-0.429440056973223,0,-1.18076882729956,1,5,448,1.39145048958799,3.67586925212116,1.39145048958799,1.39145048958799,3.67586925212116,1.39145048958799,0.627887106601281,0.629166218811891,0.627887106601281,0.596779508745571,0.597768974409774,0.596779508745571
7.60481247581617,2.92032044074216,0,0,1,-0.521172073337535,-2.34313639252233,0,-1.18076882729956,1,5,448,5.8105925912428,5.8105925912428,-1.77969556271977,5.8105925912428,5.8105925912428,-1.77969556271977,0.413072930828496,0.413072930828496,0.382307102034476,0.434598482035291,0.434598482035291,0.411083402035918
6.23487583816423,2.21942340606871,1,1,1,0.981788826045891,-0.926074506284754,0,-1.18076882729956,1,5,448,5.60090211347521,5.60090211347521,2.64328812228466,5.60090211347521,5.60090211347521,2.64328812228466,0.70116923463937,0.70116923463937,0.597659996984697,0.654793947619111,0.654793947619111,0.573572015827397
2.04714731503684,-3.47774522057886,1,1,1,-1.41735896925902,0.578850342903056,0,-1.18076882729956,1,5,448,1.78498510034163,1.78498510034163,-0.650082619137358,1.78498510034163,1.78498510034163,-0.650082619137358,0.810458041931085,0.810458041931085,0.621196437820235,0.749563819971455,0.749563819971455,0.591614442823172
0.78840895985478,-1.40348594464526,1,1,1,-0.940922642825113,-1.31253115211908,0,-1.18076882729956,1,5,448,2.23414656399137,2.23414656399137,-1.58859146129168,2.23414656399137,2.23414656399137,-1.58859146129168,0.657266775699009,0.657266775699009,0.557781566915881,0.619688560774608,0.619688560774608,0.543354348717814
4.3612570688969,5.64325816052238,1,1,1,-0.852230079409077,0.707425735334388,0,-0.453057482137713,1,5,449,4.39815566540867,4.39815566540867,1.79770449439527,4.39815566540867,4.39815566540867,1.79770449439527,0.613641679385205,0.613641679385205,0.529811407384479,0.585802582220832,0.585802582220832,0.522332677038644
1.90725759496807,4.30163628181272,0,1,1,-0.755499014784787,-0.227446542960286,0,-0.453057482137713,1,5,449,3.20802627525376,3.20802627525376,1.05629434534918,3.20802627525376,3.20802627525376,1.05629434534918,0.616327950763247,0.616327950763247,0.550860602983887,0.587866753632427,0.587866753632427,0.538142939844936
6.75857893090587,9.36587081681432,0,1,1,0.686258148282152,0.649319982635672,0,-0.453057482137713,1,5,449,7.338191636929,7.338191636929,4.81657519707901,7.338191636929,7.338191636929,4.81657519707901,0.588260098205636,0.588260098205636,0.533518877890784,0.56641457353101,0.56641457353101,0.525113847217905
13.0161392418844,12.2248025706329,1,1,1,2.85989733264637,-0.0934640290542793,0,-0.453057482137713,1,5,449,10.5298050788446,10.5298050788446,8.4210695541175,10.5298050788446,10.5298050788446,8.4210695541175,0.985130779113357,0.985130779113357,0.552869610736195,0.966323741708183,0.966323741708183,0.539654924313076
10.7786989248698,12.2148749706089,1,1,1,1.81699902625609,-1.08946206871396,1,-0.453057482137713,1,5,449,11.6262025008438,11.6262025008438,5.33927490167726,11.6262025008438,11.6262025008438,5.33927490167726,0.885531625228762,0.885531625228762,0.497437343863126,0.825828352293029,0.825828352293029,0.498081314130695
8.03094579620427,8.76426833281189,1,1,1,1.09577273387262,0.724761439440207,0,-0.577403240955556,1,5,450,8.20819154861891,8.20819154861891,5.58291240451947,8.20819154861891,8.20819154861891,5.58291240451947,0.67738972422934,0.67738972422934,0.543245449238104,0.635632034170089,0.635632034170089,0.532416986270915
6.54140912742273,7.30974963349525,1,1,1,0.946436376798586,0.0652504390558869,0,-0.577403240955556,1,5,450,6.72898630978406,6.72898630978406,4.62472868998708,6.72898630978406,6.72898630978406,4.62472868998708,0.667288767161786,0.667288767161786,0.567549851947186,0.62760053275441,0.62760053275441,0.550723787733995
5.33752505114197,6.00937783783538,0,1,1,0.802940405219776,0.00261226187212713,0,-0.577403240955556,1,5,450,6.37510539355779,6.37510539355779,4.2750985696457,6.37510539355779,6.37510539355779,4.2750985696457,0.640537277622784,0.640537277622784,0.567747027475856,0.606595317011597,0.606595317011597,0.550872727862356
5.87462798737325,5.59627587905829,1,1,1,0.844951746833856,-0.759754854477866,0,-0.577403240955556,1,5,450,6.27398157542655,6.27398157542655,3.59675413652387,6.27398157542655,6.27398157542655,3.59675413652387,0.622723082688176,0.622723082688176,0.540809533179589,0.592791455070427,0.592791455070427,0.53058698365226
12.3504135599446,10.1932439699008,0,1,1,-0.115922393112018,1.32179834097789,1,-0.577403240955556,1,5,450,10.6037099062998,10.6037099062998,3.75655905208787,10.6037099062998,10.6037099062998,3.75655905208787,0.603815630196216,0.603815630196216,0.485669106796667,0.57827313847086,0.57827313847086,0.489268968506326
0.65264931888067,4.03531222668796,1,1,1,-1.69531250447414,-0.245200248067136,0,-0.174586277054694,1,5,451,1.49381753650095,1.49381753650095,-0.66630562515124,1.49381753650095,1.49381753650095,-0.66630562515124,0.808153068792128,0.808153068792128,0.517759600058987,0.747408487519796,0.747408487519796,0.51329939118726
1.71514690493168,3.66184238869766,0,1,0,-0.371871366733636,-0.108015818098596,1,-0.174586277054694,1,5,451,2.11776108029831,7.22942849725782,2.11776108029831,2.11776108029831,7.22942849725782,2.11776108029831,0.520044025451298,0.649879083923619,0.520044025451298,0.515010929166866,0.613889876442268,0.515010929166866
3.4606515848092,2.80202555465436,1,0,0,-0.0158160129302063,0.0205769683254136,0,-0.174586277054694,1,5,451,2.95846457432918,5.05888798595465,2.95846457432918,2.95846457432918,5.05888798595465,2.95846457432918,0.520574008569645,0.520603483725534,0.520574008569645,0.515408045131939,0.515430131329883,0.515408045131939
-1.06671026586404,1.77085907899572,0,1,0,-0.982494733675873,-1.22061916155845,0,-0.174586277054694,1,5,451,-0.216088997046011,3.37382214051764,-0.216088997046011,-0.216088997046011,3.37382214051764,-0.216088997046011,0.450423602624648,0.563860543428067,0.450423602624648,0.462823234591052,0.547938402968113,0.462823234591052
8.44650421145194,12.0056187771488,0,1,1,0.437886841789662,-0.581779406754949,1,-0.174586277054694,1,5,451,8.7019811868127,8.7019811868127,3.26351390868856,8.7019811868127,8.7019811868127,3.26351390868856,0.641500276958049,0.641500276958049,0.50462627467679,0.607345403513765,0.607345403513765,0.503463760708118
-3.75828965125897,-3.99760411897987,1,0,0,-1.92967018887477,-0.139834718865129,0,1.58066441628591,0,5,452,-3.35784037466201,-1.23828662606192,-3.35784037466201,-3.35784037466201,-1.23828662606192,-3.35784037466201,0.430967978830199,0.816269744514299,0.430967978830199,0.448156430594559,0.755037887229451,0.448156430594559
1.42764275084211,2.48361424019339,0,0,0,0.625130116904891,1.36065582679614,1,1.58066441628591,0,5,452,1.75176023689732,8.70314451589162,1.75176023689732,1.75176023689732,8.70314451589162,1.75176023689732,0.348718489299634,0.508210052327284,0.348718489299634,0.385011438536964,0.506147172117924,0.385011438536964
2.1068360630963,1.00287304666239,0,0,0,0.391645888807216,-1.10865308958881,0,1.58066441628591,0,5,452,1.28479178070197,4.61390345375679,1.28479178070197,1.28479178070197,4.61390345375679,1.28479178070197,0.375959273762846,0.393139281807726,0.375959273762846,0.406191943918057,0.419396903683138,0.406191943918057
0.0553853619009241,-0.174016788522544,0,0,0,-0.313562131153341,0.618313093390052,0,1.58066441628591,0,5,452,-0.125624259219144,2.35668682223843,-0.125624259219144,-0.125624259219144,2.35668682223843,-0.125624259219144,0.41423534109971,0.425555050047754,0.41423534109971,0.435481501398763,0.444063100475339,0.435481501398763
2.61278473248892,2.39835012600213,0,0,0,0.784939182361402,0.970622214534893,0,1.58066441628591,0,5,452,2.07137836781034,5.11348585115896,2.07137836781034,2.07137836781034,5.11348585115896,2.07137836781034,0.38879202359144,0.459792658671416,0.38879202359144,0.416065318705472,0.469865301247867,0.416065318705472
3.74930815370709,4.70417919384538,0,1,1,-0.179974628775564,0.912999347733061,0,-0.957580964738772,1,6,453,5.56965659511289,5.56965659511289,2.6360887861519,5.56965659511289,5.56965659511289,2.6360887861519,0.576901308402767,0.576901308402767,0.573160516171753,0.55779652632794,0.55779652632794,0.554965020060288
7.89637940987776,6.25469799747702,0,1,1,0.502949125562121,0.419107606126966,0,-0.957580964738772,1,6,453,5.78369573873465,5.78369573873465,3.50804455322117,5.78369573873465,5.78369573873465,3.50804455322117,0.631562108526437,0.631562108526437,0.60328809871896,0.599624128398193,0.599624128398193,0.577869798418696
5.31349717123116,5.1413191160109,0,1,1,0.456320115753882,-0.86811723715002,0,-0.957580964738772,1,6,453,4.98118922776469,4.98118922776469,2.12756169032771,4.98118922776469,4.98118922776469,2.12756169032771,0.600685552198841,0.600685552198841,0.576853460477042,0.575881215527558,0.575881215527558,0.5577602891253
5.02054191058669,5.34809604071124,0,1,1,0.571703196468854,0.281255911293832,0,-0.957580964738772,1,6,453,5.68680588783923,5.68680588783923,3.5077010002015,5.68680588783923,5.68680588783923,3.5077010002015,0.643877262113265,0.643877262113265,0.607652474064284,0.609198663654673,0.609198663654673,0.581209394499828
3.07973074411857,1.84251343571804,0,1,0,-0.689158104189001,1.49496242532838,0,-0.957580964738772,1,6,453,2.19968491292034,6.53459756606405,2.19968491292034,2.19968491292034,6.53459756606405,2.19968491292034,0.507507556921388,0.563237339325281,0.507507556921388,0.505621147587528,0.547468147664198,0.505621147587528
3.31167774659226,2.86831174260714,0,1,1,-1.40784414769343,-1.71274760532915,0,-0.957580964738772,1,6,453,2.58810715481469,2.58810715481469,-2.44539720474605,2.58810715481469,2.58810715481469,-2.44539720474605,0.697625353660304,0.697625353660304,0.47454931704323,0.651913800081992,0.651913800081992,0.480937022127426
1.70033309506529,-1.16933455239478,1,0,0,0.338457517791061,0.532492228204981,1,-1.6648822140837,1,5,454,1.43757447701486,6.82112245011356,1.43757447701486,1.43757447701486,6.82112245011356,1.43757447701486,0.675669856993661,0.780016533488871,0.675669856993661,0.634260273155998,0.721752809198665,0.634260273155998
2.24858136265803,0.154947712679551,0,1,0,1.82297878603606,-1.00912326678353,0,-1.6648822140837,1,5,454,2.86500151851634,5.98333128608019,2.86500151851634,2.86500151851634,5.98333128608019,2.86500151851634,0.644395180096297,0.899594739632447,0.644395180096297,0.609602813719072,0.841875094631004,0.609602813719072
1.26883019764217,-0.035922939412829,1,0,0,0.644712572796994,-1.19799117792276,0,-1.6648822140837,1,5,454,0.319601180898988,3.85478404327974,0.319601180898988,0.319601180898988,3.85478404327974,0.319601180898988,0.626093742407781,0.670969608875291,0.626093742407781,0.595393346342963,0.630520362785618,0.595393346342963
1.16458173929543,-3.47248155170531,1,0,0,-0.00048212283327391,-0.300142938154729,0,-1.6648822140837,1,5,454,-0.0729399705935204,2.11714581273063,-0.0729399705935204,-0.0729399705935204,2.11714581273063,-0.0729399705935204,0.683673744664539,0.683673768553224,0.683673744664539,0.640659641561969,0.6406596607216,0.640659641561969
-3.25518041398788,-3.08547248989446,1,1,0,-0.826361717673011,0.709969679943501,0,-1.6648822140837,1,5,454,-0.714586542174764,1.88947040426431,-0.714586542174764,-0.714586542174764,1.88947040426431,-0.714586542174764,0.666425915810445,0.734396258544615,0.666425915810445,0.626917186093215,0.682277987420481,0.626917186093215
-0.167030911179595,-0.768575008028098,0,0,0,-0.700070578748144,-0.697809234697362,0,0.782874602991935,1,4,455,0.28915696379657,2.87609469182549,0.28915696379657,0.28915696379657,2.87609469182549,0.28915696379657,0.386529279877717,0.442698878508667,0.386529279877717,0.414328692102395,0.457007664702808,0.414328692102395
-2.70570313799614,-3.5767526784801,1,0,0,-1.81150697177071,-1.34059015036012,1,0.782874602991935,1,4,455,-2.57649673791131,4.32068521333125,-2.57649673791131,-2.57649673791131,4.32068521333125,-2.57649673791131,0.329524902596488,0.789243025967408,0.329524902596488,0.369872357048168,0.730039848721419,0.369872357048168
9.36635540801798,9.64544217827319,1,1,1,1.293640322108,-0.321157878249679,1,0.782874602991935,1,4,455,9.85637250471838,9.85637250471838,4.65323012195654,9.85637250471838,9.85637250471838,4.65323012195654,0.70590844285204,0.70590844285204,0.403886698510946,0.658659902443512,0.658659902443512,0.427607412753823
12.4067962645883,11.1618001147547,0,1,1,1.22818350719387,1.87676871707624,0,0.782874602991935,1,4,455,12.3425039048502,12.3425039048502,6.72024308745421,12.3425039048502,12.3425039048502,6.72024308745421,0.420009971212878,0.420009971212878,0.261375286805743,0.439863130213198,0.439863130213198,0.314155578195585
2.89926632348425,5.10430858546396,1,0,0,0.703340731701308,-0.64648383790271,1,0.658095884857369,1,4,456,3.3271074318337,8.84504878450312,3.3271074318337,3.3271074318337,8.84504878450312,3.3271074318337,0.403756800938284,0.578385468949871,0.403756800938284,0.427508386026556,0.558920803463227,0.427508386026556
3.48639482963134,3.38887580497101,0,0,0,0.11526527460769,-0.0603700491501146,0,0.658095884857369,1,4,456,2.73707030639906,4.84071484923345,2.73707030639906,2.73707030639906,4.84071484923345,2.73707030639906,0.422751614257225,0.424284703260293,0.422751614257225,0.441940595147412,0.44310152896752,0.441940595147412
-0.785089405057241,-1.22479368573321,1,0,0,-1.88518433568935,0.741435658176709,0,0.658095884857369,1,4,456,-0.462023206868204,2.18770362834773,-0.462023206868204,-0.462023206868204,2.18770362834773,-0.462023206868204,0.397769138630695,0.780831592945303,0.397769138630695,0.422938274068912,0.722480273900119,0.422938274068912
3.56402373419785,5.6418592762581,1,0,0,0.790535386577351,-0.210417941086532,1,0.658095884857369,1,4,456,3.93756263840197,9.08183834833306,3.93756263840197,3.93756263840197,9.08183834833306,3.93756263840197,0.420878161467015,0.610266659549486,0.420878161467015,0.440521187142162,0.583212743889045,0.440521187142162
4.64710292017689,5.05032611747322,0,1,1,-0.851376106786011,-1.54029557677402,1,1.40695488343764,1,5,457,5.24994062945455,5.24994062945455,-2.22256983437507,5.24994062945455,5.24994062945455,-2.22256983437507,0.426034544526369,0.426034544526369,0.246516015869161,0.444425954330657,0.444425954330657,0.301482823445975
0.542647467131476,1.46487630543472,0,1,1,-1.49656839841199,0.143238503589583,0,1.40695488343764,1,5,457,0.291096931647156,0.291096931647156,-1.82942033726343,0.291096931647156,0.291096931647156,-1.82942033726343,0.59616154524637,0.59616154524637,0.338667403211493,0.572429358095279,0.572429358095279,0.377108155150181
4.13368036043354,3.21062369854021,1,0,1,-0.0746127766829111,0.0419866554214713,0,1.40695488343764,1,5,457,3.01500193726011,3.01500193726011,0.913239058026624,3.01500193726011,3.01500193726011,0.913239058026624,0.340057582819845,0.340057582819845,0.339465069580531,0.378204399039386,0.378204399039386,0.377737291123794
10.0469196708966,9.55990947936819,0,1,1,0.968992571420546,0.973232431531355,1,1.40695488343764,1,5,457,9.97887689612786,9.97887689612786,3.93169553034342,9.97887689612786,9.97887689612786,3.93169553034342,0.518063980090826,0.518063980090826,0.300408934414486,0.513527422727186,0.513527422727186,0.346489759836753
-5.04399519165398,-2.99630977801823,0,0,0,-1.52005423048036,0.0879596436997149,0,1.40695488343764,1,5,457,-1.93167086129002,0.176066037629758,-1.93167086129002,-1.93167086129002,0.176066037629758,-1.93167086129002,0.339210886323716,0.604781068368905,0.339210886323716,0.377536848432039,0.579011521720249,0.377536848432039
4.13853823609695,5.98278149515201,0,0,0,0.231331958318765,2.1773730326354,0,1.39365484515077,1,5,458,3.69776312186071,10.5387164451086,3.69776312186071,3.69776312186071,10.5387164451086,3.69776312186071,0.172792083516618,0.176513590347954,0.172792083516618,0.234496918198642,0.23808220182127,0.234496918198642
7.99961853095957,10.0198556783358,0,1,1,0.81470789037161,-0.585933753736168,1,1.39365484515077,1,5,458,7.54452656336219,7.54452656336219,2.10120819959483,7.54452656336219,7.54452656336219,2.10120819959483,0.515664548728983,0.515664548728983,0.326465255898034,0.511729971706287,0.511729971706287,0.367440214258451
3.77821028463528,8.7120838154029,1,1,1,-0.493121132891312,-1.07741230497525,1,1.39365484515077,1,5,458,5.25488887674199,5.25488887674199,-1.00592839817009,5.25488887674199,5.25488887674199,-1.00592839817009,0.427919725053573,0.427919725053573,0.293241536213358,0.445852065534172,0.445852065534172,0.340644923051221
2.72072211370866,6.72164151927617,1,1,0,-0.709156232071605,1.70508183502015,0,1.39365484515077,1,5,458,1.34449554346472,6.35179960758039,1.34449554346472,1.34449554346472,6.35179960758039,1.34449554346472,0.229117132796302,0.274296068244463,0.229117132796302,0.286341026350456,0.325001690117481,0.286341026350456
1.05844516747749,4.36898268944434,1,1,1,-0.812083031876919,-0.562222220688336,0,1.39365484515077,1,5,458,1.28743171358133,1.28743171358133,-1.12866211185439,1.28743171358133,1.28743171358133,-1.12866211185439,0.39973937048439,0.39973937048439,0.32760332483276,0.424443258855514,0.424443258855514,0.36834551520937
9.95248645824981,9.00449987769872,0,0,1,0.42650201990175,1.41028833452425,0,-0.00230484023823912,1,4,459,9.3522002485344,9.3522002485344,5.26328706203922,9.3522002485344,9.3522002485344,5.26328706203922,0.428319675017176,0.428319675017176,0.407406456280982,0.446154523645913,0.446154523645913,0.430288839263624
9.61321967246229,9.34618995147984,0,0,1,-0.162581926209287,1.54832595763125,0,-0.00230484023823912,1,4,459,8.72047006399887,8.72047006399887,4.22315679292415,8.72047006399887,8.72047006399887,4.22315679292415,0.391868379773069,0.391868379773069,0.388891766697514,0.418423581113581,0.418423581113581,0.416141829655408
4.00021291424794,3.78310159029101,1,1,1,-1.59740251688193,0.371181484403987,0,-0.00230484023823912,1,4,459,2.41414683271596,2.41414683271596,0.176371138351612,2.41414683271596,2.41414683271596,0.176371138351612,0.765966344686099,0.765966344686099,0.493768097336733,0.709344806799471,0.709344806799471,0.495334021613977
9.42220797475311,9.59338635817074,0,1,1,1.14215847481759,-1.74778958655068,0,-0.00230484023823912,1,4,459,8.69129048965098,8.69129048965098,3.53652205079597,8.69129048965098,8.69129048965098,3.53652205079597,0.510021579540952,0.510021579540952,0.359736789252468,0.507503689526222,0.507503689526222,0.393618075993047
6.85612967926482,9.88309993987724,1,0,1,1.17904077087088,-0.490137955851059,0,0.4357561690861,1,5,460,7.01829536275996,7.01829536275996,4.6780601469941,7.01829536275996,7.01829536275996,4.6780601469941,0.599996544674264,0.599996544674264,0.437542044701452,0.575355100258976,0.575355100258976,0.453119849013339
6.97921163795203,8.9520094653187,1,0,1,1.31843320537392,-0.264641499436022,0,0.4357561690861,1,5,460,7.35237659563897,7.35237659563897,5.18234147241522,7.35237659563897,7.35237659563897,5.18234147241522,0.646233736638268,0.646233736638268,0.44547208528362,0.611038518489671,0.611038518489671,0.459096556613139
6.26955384486071,9.78912953508032,0,1,1,0.266306786833907,-1.84931166169372,0,0.4357561690861,1,5,460,7.01337209515389,7.01337209515389,1.4934184730775,7.01337209515389,7.01337209515389,1.4934184730775,0.305735018234205,0.305735018234205,0.298620916470119,0.350808964464653,0.350808964464653,0.345035218459794
6.99708646986624,10.680946453559,1,1,1,1.62389471491687,-1.24710076484842,0,0.4357561690861,1,5,460,8.46606554377424,8.46606554377424,4.81080522608873,8.46606554377424,8.46606554377424,4.81080522608873,0.67854757378986,0.67854757378986,0.377565672687226,0.636556544257564,0.636556544257564,0.407431230523272
2.13634405451871,4.55180595745313,0,1,0,-1.06709032528088,0.836963736001412,0,0.4357561690861,1,5,460,1.51289964654305,4.31340794192449,1.51289964654305,1.51289964654305,4.31340794192449,1.51289964654305,0.416259012823468,0.549733549759579,0.416259012823468,0.437017949523094,0.537294980349389,0.437017949523094
3.11140166688011,-0.262768507971866,0,1,0,-0.45670117360247,0.269594785009954,1,0.715621591495357,1,5,461,1.84407817559067,7.01675952369523,1.84407817559067,1.84407817559067,7.01675952369523,1.84407817559067,0.412961978061264,0.554540947373607,0.412961978061264,0.43451417898545,0.540913250330333,0.43451417898545
3.38898883013027,1.80156237179896,0,1,0,1.20059263779923,-1.20466861451906,0,0.715621591495357,1,5,461,3.68440239886504,7.23562886967232,3.68440239886504,3.68440239886504,7.23562886967232,3.68440239886504,0.351426938257224,0.517143471262134,0.351426938257224,0.387132414610019,0.512837822120135,0.387132414610019
2.65095961306379,2.00961693193248,0,1,0,-0.487690540544995,1.25002200007212,1,0.715621591495357,1,5,461,2.76252665676779,9.4250816574321,2.76252665676779,2.76252665676779,9.4250816574321,2.76252665676779,0.346629232024904,0.487869407534633,0.346629232024904,0.383372878798001,0.490916900983474,0.383372878798001
5.12194602842194,2.38532320414895,0,1,0,-0.517714862505892,1.47731731866672,1,0.715621591495357,1,5,461,2.92977333144058,10.2122397914732,2.92977333144058,2.92977333144058,10.2122397914732,2.92977333144058,0.32047561705799,0.462233114539183,0.32047561705799,0.362662858326147,0.47169784227992,0.362662858326147
6.14905685306017,3.73757033785677,0,1,0,0.991412981458473,-0.176274733384065,1,0.715621591495357,1,5,461,4.29443696731853,9.42550974894815,4.29443696731853,4.29443696731853,9.42550974894815,4.29443696731853,0.414870769972171,0.644101716310126,0.414870769972171,0.435964054966808,0.609373798047018,0.435964054966808
4.55695114506197,5.84734180249189,0,1,0,0.139922156149602,-1.77901191508008,1,0.395251955173861,0,6,462,3.12362020423044,11.3885035982273,3.12362020423044,3.12362020423044,11.3885035982273,3.12362020423044,0.422561132356631,0.542200164945232,0.422561132356631,0.441796315030189,0.531631618752935,0.441796315030189
7.90785748761134,8.98158727891421,1,1,1,0.246622723787235,0.196279695475966,1,0.395251955173861,0,6,462,8.47554705836185,8.47554705836185,3.33702133950571,8.47554705836185,8.47554705836185,3.33702133950571,0.685860186286264,0.685860186286264,0.569130738021632,0.642414786220523,0.642414786220523,0.551918158608402
10.1283481060025,9.41157950228023,0,1,1,0.579696838618262,0.376675704337725,1,0.395251955173861,0,6,462,9.24505415540609,9.24505415540609,4.00316956916777,9.24505415540609,9.24505415540609,4.00316956916777,0.709323501217953,0.709323501217953,0.564334127026771,0.661456178444711,0.661456178444711,0.548295806841416
6.48961484490908,8.64553436576508,1,1,1,-0.843970812412483,-1.24023356083939,1,0.395251955173861,0,6,462,7.79401355253862,7.79401355253862,1.15583426710627,7.79401355253862,7.79401355253862,1.15583426710627,0.691121341685778,0.691121341685778,0.498757980271662,0.646650955808412,0.646650955808412,0.499070088839301
9.22389276878381,9.88562093924402,1,1,1,0.348147566323604,0.560110603289742,1,0.395251955173861,0,6,462,8.95379491249605,8.95379491249605,3.54007102457845,8.95379491249605,8.95379491249605,3.54007102457845,0.680749898237668,0.680749898237668,0.556334482600082,0.638317316825512,0.638317316825512,0.542264073612197
5.86356056875426,6.32040636520629,0,1,1,-1.0710266204359,-1.48602804693239,0,0.395251955173861,0,6,462,5.01000200732914,5.01000200732914,0.701722651059435,5.01000200732914,5.01000200732914,0.701722651059435,0.601159300936243,0.601159300936243,0.467168338782444,0.576243046769422,0.576243046769422,0.475401759813789
-0.582966898236505,-0.786539245204216,0,1,0,-1.77298623343774,0.306928874202698,0,0.106816896293894,1,5,463,-0.250453442006639,1.9437518918127,-0.250453442006639,-0.250453442006639,1.9437518918127,-0.250453442006639,0.482952203017604,0.80623270671006,0.482952203017604,0.487233843143485,0.745619434551666,0.487233843143485
2.82279686808818,6.40275181093148,0,1,1,-0.677888562055847,0.60599189164641,0,0.106816896293894,1,5,463,4.70603109094205,4.70603109094205,2.23880491820086,4.70603109094205,4.70603109094205,2.23880491820086,0.524273809092225,0.524273809092225,0.470090934590793,0.518180791054799,0.518180791054799,0.477594073500516
11.1713711226982,8.67332866093345,1,1,1,1.62169151270825,0.862051044757017,0,0.106816896293894,1,5,463,9.93715622460631,9.93715622460631,7.09402422083965,9.93715622460631,9.93715622460631,7.09402422083965,0.741750238754164,0.741750238754164,0.452448031146345,0.688491612202822,0.688491612202822,0.464345846481795
7.85986210466176,8.76728025856217,0,0,1,1.03600821705713,0.214791927312376,1,0.106816896293894,1,5,463,10.4215340841313,10.4215340841313,5.27539851209277,10.4215340841313,10.4215340841313,5.27539851209277,0.715568359672073,0.715568359672073,0.485219330426438,0.66659304387502,0.66659304387502,0.488932081378216
5.72439206134998,3.97108271474393,0,1,1,-0.645205364872559,1.07236935866402,0,0.106816896293894,1,5,463,6.02052482098651,6.02052482098651,2.77054877958504,6.02052482098651,6.02052482098651,2.77054877958504,0.482242726872424,0.482242726872424,0.433481740994151,0.486702345223941,0.486702345223941,0.450055312260746
3.79935538186365,5.62436437207741,1,1,1,1.04729794692955,-0.740255529594463,1,-2.4332033500311,1,6,464,4.08184007075726,4.08184007075726,-1.56613817833792,4.08184007075726,4.08184007075726,-1.56613817833792,0.887057298563257,0.887057298563257,0.740669112663141,0.827534714657054,0.827534714657054,0.687574867039476
6.92474993619864,8.05168468144759,0,1,1,0.0925546279954862,2.23393843478771,0,-2.4332033500311,1,6,464,6.58905007859789,6.58905007859789,-0.501430851823871,6.58905007859789,6.58905007859789,-0.501430851823871,0.552404147528385,0.552404147528385,0.551403503805645,0.539304560928908,0.539304560928908,0.538551468370317
0.909796107488098,2.07094019474664,1,1,1,0.835198620308341,-0.109821998944677,0,-2.4332033500311,1,6,464,0.752157570521657,0.752157570521657,-1.35990330093055,0.752157570521657,0.752157570521657,-1.35990330093055,0.81560364297983,0.81560364297983,0.759861870314961,0.754407541716496,0.754407541716496,0.704027702685081
3.39588088654814,4.1162037886868,1,1,1,-0.0926229540125408,-0.362595183574447,1,-2.4332033500311,1,6,464,1.76315563294931,1.76315563294931,-3.46831963420208,1.76315563294931,1.76315563294931,-3.46831963420208,0.8339439491442,0.8339439491442,0.755667472880494,0.772060687466767,0.772060687466767,0.700398705863082
-6.49885277466641,-5.5548294847758,1,0,0,-1.76032496510387,1.04377735117838,0,-2.4332033500311,1,6,464,-5.39735112163191,-2.20787996279896,-5.39735112163191,-5.39735112163191,-2.20787996279896,-5.39735112163191,0.720332659159312,0.920192659272882,0.720332659159312,0.670533234085251,0.866859928453846,0.670533234085251
-1.50835264444018,-0.67964630552515,1,0,0,0.294746003225893,0.0810648064642937,0,-2.4332033500311,1,6,464,-2.24992172968647,-0.143350226839379,-2.24992172968647,-2.24992172968647,-0.143350226839379,-2.24992172968647,0.7600535391539,0.767555874960784,0.7600535391539,0.70419400256799,0.710736429974412,0.70419400256799
4.17529476140669,7.6444456304951,1,1,1,0.31008069460359,0.138152268685199,0,-0.53535387256541,1,5,465,5.59079593836447,5.59079593836447,3.4717098890216,5.59079593836447,5.59079593836447,3.4717098890216,0.573127640752182,0.573127640752182,0.561977629337457,0.554940149444611,0.554940149444611,0.546517819453988
4.85247442084814,5.11931082503369,0,0,0,0.0516932622976458,0.332277099123123,0,-0.53535387256541,1,5,465,3.14905985484763,5.35946792544931,3.14905985484763,3.14905985484763,5.35946792544931,3.14905985484763,0.557725289801642,0.558036642208232,0.557725289801642,0.543311941353013,0.543546566276779,0.543311941353013
-0.624918855681853,1.78744366272852,0,1,0,-1.12937417307683,-0.326327049199711,0,-0.53535387256541,1,5,465,0.128320835775854,2.33481017881524,0.128320835775854,0.128320835775854,2.33481017881524,0.128320835775854,0.557907932327386,0.69783001214873,0.557907932327386,0.543449572755187,0.652079883195193,0.543449572755187
1.43913911682882,2.6378340295971,0,1,0,-0.333263111850768,1.02890465898284,0,-0.53535387256541,1,5,465,3.07577466641053,6.23441946368713,3.07577466641053,3.07577466641053,6.23441946368713,3.07577466641053,0.513203289527562,0.526291160819028,0.513203289527562,0.509886474033359,0.51969305191304,0.509886474033359
-1.13894320417887,0.454894762652817,0,1,0,-1.20797984270906,-0.893882163825134,0,-0.53535387256541,1,5,465,-0.596445618114038,2.30257970469066,-0.596445618114038,-0.596445618114038,2.30257970469066,-0.596445618114038,0.525441622579049,0.688394339427109,0.525441622579049,0.519056179031267,0.644452942352267,0.519056179031267
6.28812994093995,4.37241280167817,1,1,1,0.843312081670786,0.7632934218431,0,-0.40546817572504,0,6,466,7.20483656964473,7.20483656964473,4.52221972181578,7.20483656964473,7.20483656964473,4.52221972181578,0.709279717407139,0.709279717407139,0.635098108844663,0.661420271246121,0.661420271246121,0.602366455524491
4.73810978554993,5.40621714469791,1,1,1,0.561277813394293,0.144046106319042,0,-0.40546817572504,0,6,466,6.07890046600847,6.07890046600847,3.95815118526279,6.07890046600847,6.07890046600847,3.95815118526279,0.692179882196741,0.692179882196741,0.659417897664556,0.64750550773028,0.64750550773028,0.621382248346565
0.604673872647592,-0.0962494923821218,0,1,0,-1.03647821677312,-1.52621610572227,0,-0.40546817572504,0,6,466,0.76263912492797,5.19197472629404,0.76263912492797,0.76263912492797,5.19197472629404,0.76263912492797,0.555690256499,0.675311517227692,0.555690256499,0.541778806635618,0.633974686875532,0.541778806635618
3.28057574428205,0.344766978420849,1,1,0,0.483978402777913,-1.57036502680938,0,-0.40546817572504,0,6,466,3.80355236403003,8.36959868145607,3.80355236403003,3.80355236403003,8.36959868145607,3.80355236403003,0.549304147420172,0.576525190860734,0.549304147420172,0.536971960170517,0.557511691107349,0.536971960170517
6.6397988322109,6.12543116467676,0,1,1,-0.276050278841511,0.985931701196037,1,-0.40546817572504,0,6,466,8.3555563202145,8.3555563202145,2.28349500079119,8.3555563202145,8.3555563202145,2.28349500079119,0.729407393511253,0.729407393511253,0.617837902560879,0.678091573919971,0.678091573919971,0.589028159773573
-1.5976529593056,-3.55539188430326,1,1,0,-2.41195892420842,-0.540070258675712,1,-0.40546817572504,0,6,466,-1.98832228994264,3.40335359436341,-1.98832228994264,-1.98832228994264,3.40335359436341,-1.98832228994264,0.647782256757922,0.980802180990548,0.647782256757922,0.612248977478541,0.957951597728029,0.612248977478541
0.13013626179406,1.31704716737218,0,0,0,-1.51229489003001,2.35552382227762,0,1.28399873328318,1,4,467,0.682281295144786,8.33077377246217,0.682281295144786,0.682281295144786,8.33077377246217,0.682281295144786,0.158552506427982,0.360090798884574,0.158552506427982,0.220525566106569,0.393893667616784,0.220525566106569
-2.38710310174127,0.0587990597488757,0,1,0,-0.885311585737985,-0.892022741308608,0,1.28399873328318,1,4,467,-1.31129865985739,1.58440591115433,-1.31129865985739,-1.31129865985739,1.58440591115433,-1.31129865985739,0.31906268657073,0.404527635265437,0.31906268657073,0.361532701459767,0.42809595585936,0.361532701459767
1.58870334601734,2.66995822420417,0,1,0,-0.360361466601478,0.251256102709971,1,1.28399873328318,1,4,467,0.881880422434199,6.0450100515832,0.881880422434199,0.881880422434199,6.0450100515832,0.881880422434199,0.350008405101947,0.478840015739327,0.350008405101947,0.386022013403541,0.4841528574645,0.386022013403541
7.28102833421458,8.30927835958898,1,1,1,1.68826698394043,-1.49271185997591,0,1.28399873328318,1,4,467,7.56335805774486,7.56335805774486,3.23516936083213,7.56335805774486,7.56335805774486,3.23516936083213,0.579025651290737,0.579025651290737,0.262899390836506,0.55940591043765,0.55940591043765,0.315443014888263
3.0576144293793,4.53139454974027,0,0,0,0.132136060851776,1.14551384641566,0,0.644320620751587,1,6,468,3.9946369057935,7.4068388781235,3.9946369057935,3.9946369057935,7.4068388781235,3.9946369057935,0.365255504115853,0.367175285947197,0.365255504115853,0.39790802307661,0.399397267003456,0.39790802307661
0.272310103203206,3.96950366554713,1,1,1,-1.51119577021644,0.450335954513327,0,0.644320620751587,1,6,468,2.31559782368216,2.31559782368216,0.0127953517547309,2.31559782368216,2.31559782368216,0.0127953517547309,0.676378047598688,0.676378047598688,0.415170222757418,0.634824907345921,0.634824907345921,0.436191427911577
2.7729326343353,6.35642091901296,0,1,1,-1.08659057613114,0.554772909081935,0,0.644320620751587,1,6,468,3.37421567514518,3.37421567514518,0.966442694493951,3.37421567514518,3.37421567514518,0.966442694493951,0.54862582633433,0.54862582633433,0.410358515403968,0.536461743433059,0.536461743433059,0.432535110467757
6.92743654328523,11.8465008940349,0,0,1,0.375872267807557,1.05762350793207,0,0.644320620751587,1,6,468,7.61278646575201,7.61278646575201,4.39421898122148,7.61278646575201,7.61278646575201,4.39421898122148,0.389583940035938,0.389583940035938,0.373802227795426,0.416672688577679,0.416672688577679,0.404526272811682
12.8676786340214,15.9731797831615,1,1,1,0.881114355696432,1.63917647817513,1,0.644320620751587,1,6,468,13.7731556538449,13.7731556538449,5.98625612724228,13.7731556538449,13.7731556538449,5.98625612724228,0.506760169654144,0.506760169654144,0.307123555914107,0.505061519969998,0.505061519969998,0.351931743917886
0.897527570991478,3.23582148998141,0,1,0,-1.7311457859837,1.12754877705802,1,0.644320620751587,1,6,468,0.250108142764905,6.62147438740993,0.250108142764905,0.250108142764905,6.62147438740993,0.250108142764905,0.367051394953987,0.794325341946806,0.367051394953987,0.3993012073918,0.734655257574798,0.3993012073918
4.01288034061032,3.93863668434691,1,1,1,-0.814408898841808,-0.14558664802905,0,-0.430429909396856,0,6,469,3.30710776749733,3.30710776749733,1.185912295413,3.30710776749733,3.30710776749733,1.185912295413,0.728688064576179,0.728688064576179,0.662053823565105,0.677489810744107,0.677489810744107,0.623460982061911
2.78938141422555,2.59507736815193,1,0,0,-0.528203843445579,-1.28604126198586,0,-0.430429909396856,0,6,469,1.75832240620546,5.51222453373565,1.75832240620546,1.75832240620546,5.51222453373565,1.75832240620546,0.589806142252015,0.621321940268251,0.589806142252015,0.567590110799891,0.591711169290965,0.567590110799891
11.6760832053311,8.14526553904868,0,1,1,0.1326432530533,0.652843251965011,1,-0.430429909396856,0,6,469,8.60622091083947,8.60622091083947,3.08001659920322,8.60622091083947,8.60622091083947,3.08001659920322,0.746455603298911,0.746455603298911,0.644655592796599,0.692495047899973,0.692495047899973,0.609806070303402
0.864504128455391,1.01145795338174,1,1,0,-0.729453811919521,0.884387469970442,0,-0.430429909396856,0,6,469,1.35582246925757,4.23796366629829,1.35582246925757,1.35582246925757,4.23796366629829,1.35582246925757,0.629056207703695,0.685810596563208,0.629056207703695,0.597683848534806,0.642374944327817,0.597683848534806
0.370941874699044,0.541359450295763,0,1,0,-1.08589010783682,1.27626790514654,0,-0.430429909396856,0,6,469,0.642949877422984,4.37180964313012,0.642949877422984,0.642949877422984,4.37180964313012,0.642949877422984,0.590951539738569,0.716537237645401,0.590951539738569,0.568461430907849,0.667392816835999,0.568461430907849
-0.595515718375036,0.739475425760614,1,0,0,-1.14889945506314,0.363380260374022,0,-0.430429909396856,0,6,469,0.516931182970329,2.74897639659982,0.516931182970329,0.516931182970329,2.74897639659982,0.516931182970329,0.657331186527183,0.782603580445698,0.657331186527183,0.619739239616152,0.724064851523858,0.619739239616152
2.82930716368649,1.65317183852206,0,1,1,-0.652426385961076,-0.523879340107884,0,0.897101848027453,1,6,470,2.74092572522757,2.74092572522757,0.366476162235694,2.74092572522757,2.74092572522757,0.366476162235694,0.431809961472393,0.431809961472393,0.383253736794446,0.44879260042274,0.44879260042274,0.411811569682369
1.10290232388379,2.0897472226441,0,0,0,-1.10121622196002,-0.251049203449473,0,0.897101848027453,1,6,470,-0.258273373103781,1.90475232944883,-0.258273373103781,-0.258273373103781,1.90475232944883,-0.258273373103781,0.392756731959157,0.534218527464158,0.392756731959157,0.419103983083939,0.525638836473417,0.419103983083939
4.38068946428993,4.44397554239878,0,1,0,0.70241287966081,1.22234552464496,0,0.897101848027453,1,6,470,4.82237955823231,8.41650813985187,4.82237955823231,4.82237955823231,8.41650813985187,4.82237955823231,0.330258953102491,0.383870639405703,0.330258953102491,0.370455052920795,0.41228592714314,0.370455052920795
3.60084313396207,0.964066001294197,0,1,0,-0.475034722398034,1.53702897722365,0,0.897101848027453,1,6,470,2.78216780669331,7.24462588351848,2.78216780669331,2.78216780669331,7.24462588351848,2.78216780669331,0.294812374595403,0.31760409831722,0.294812374595403,0.341929172340242,0.360364714048674,0.341929172340242
0.816773947034422,1.64827957046526,1,1,1,-1.19735382638375,-0.589968335237722,0,0.897101848027453,1,6,470,1.65859492284368,1.65859492284368,-0.78946771373949,1.65859492284368,1.65859492284368,-0.78946771373949,0.546763198769622,0.546763198769622,0.379964488314072,0.535061052370215,0.535061052370215,0.409280010909451
0.726655625417625,-2.2098680590993,1,0,0,-1.26757145843199,-0.130911824979348,1,0.897101848027453,1,6,470,-0.470846467577607,4.64629143834182,-0.470846467577607,-0.470846467577607,4.64629143834182,-0.470846467577607,0.394829810958288,0.691224594170798,0.394829810958288,0.420690781198071,0.646734277332867,0.420690781198071
1.93338616172055,2.33362484254585,0,1,0,0.832751311376266,-1.1014555049296,0,0.186893437104578,1,6,471,3.52911796099017,6.84232219032989,3.52911796099017,3.52911796099017,6.84232219032989,3.52911796099017,0.421296531951165,0.502513812367232,0.421296531951165,0.440838233424617,0.501882108997417,0.440838233424617
6.66924738510887,6.28882671214605,1,1,1,-1.11717951579131,-0.342073945462788,1,0.186893437104578,1,6,471,5.6056524502863,5.6056524502863,0.38863786612182,5.6056524502863,5.6056524502863,0.38863786612182,0.721959905738467,0.721959905738467,0.472444905510388,0.671883341073776,0.671883341073776,0.479359306845232
7.00849782318376,4.32861765665962,1,1,0,0.702318040009965,1.12704235274769,0,0.186893437104578,1,6,471,5.49674927593486,8.86697374082192,5.49674927593486,5.49674927593486,8.86697374082192,5.49674927593486,0.418670378991427,0.476208195672142,0.418670378991427,0.438847414721149,0.482180482698854,0.438847414721149
3.26785622165414,5.41220576865113,0,1,0,0.385486180929388,1.47891287723844,1,0.186893437104578,1,6,471,5.21495608226445,12.5021393807261,5.21495608226445,5.21495608226445,12.5021393807261,5.21495608226445,0.377131102466838,0.510246842174422,0.377131102466838,0.407096071091533,0.50767237815255,0.407096071091533
4.46688912825941,4.32391047636525,0,1,0,0.194633656204619,0.240405231452954,0,0.186893437104578,1,6,471,3.59474338702943,5.75253806233938,3.59474338702943,3.59474338702943,5.75253806233938,3.59474338702943,0.475233317410026,0.479695589875436,0.475233317410026,0.481449758169838,0.484793960009293,0.481449758169838
2.97356975881078,5.87801792340843,0,1,1,0.100477076664952,-1.20464275012384,0,0.186893437104578,1,6,471,5.51254640179922,5.51254640179922,1.9613822463733,5.51254640179922,5.51254640179922,1.9613822463733,0.411522081990246,0.411522081990246,0.410366605493571,0.43341983844319,0.43341983844319,0.432541263090168
5.47783575323243,4.85784781183145,0,0,0,0.583921049211252,-0.378066664298225,1,-0.218331425326156,1,4,472,3.74210682283933,8.98504122549292,3.74210682283933,3.74210682283933,8.98504122549292,3.74210682283933,0.519011458663028,0.670514338646866,0.519011458663028,0.514237273845281,0.630158798841329,0.514237273845281
1.7086442904862,2.11245384300059,1,1,0,-0.566562038404944,-0.308035844788367,0,-0.218331425326156,1,4,472,1.51117146711679,3.70605754879128,1.51117146711679,1.51117146711679,3.70605754879128,1.51117146711679,0.521276257345549,0.558911057009439,0.521276257345549,0.515934265364716,0.544205584896152,0.515934265364716
9.94073060410413,9.53299743676653,1,1,1,1.45334102224843,0.916640914982761,0,-0.218331425326156,1,4,472,9.71588491521511,9.71588491521511,6.77565434819467,9.71588491521511,9.71588491521511,6.77565434819467,0.720046858398016,0.720046858398016,0.486105021291546,0.670296339006742,0.670296339006742,0.489595464977997
4.89264268658235,4.2015295162469,0,1,0,0.702240995210785,-0.53946541759721,0,-0.218331425326156,1,4,472,3.81734796153941,6.20837089832274,3.81734796153941,3.81734796153941,6.20837089832274,3.81734796153941,0.512026884929005,0.569794211337745,0.512026884929005,0.509005424028648,0.55241956868051,0.509005424028648
11.8609432206598,10.9434237098617,1,1,1,1.99230345862471,0.494931780760954,1,-1.00777295487923,1,5,473,11.8088898370316,11.8088898370316,6.46393236942436,11.8088898370316,11.8088898370316,6.46393236942436,0.94427359412744,0.94427359412744,0.605829383713644,0.899015801435376,0.899015801435376,0.579813628486599
2.60074646452032,4.8770826882001,1,0,1,-0.37565402765298,-1.01537341037883,0,-1.00777295487923,1,5,473,3.34869536823352,3.34869536823352,0.217712205729196,3.34869536823352,3.34869536823352,0.217712205729196,0.586098074986389,0.586098074986389,0.569830700552898,0.564771733909108,0.564771733909108,0.552447147484315
5.50180381598984,3.87401788376962,1,0,1,0.108932031313611,0.873520413958409,0,-1.00777295487923,1,5,473,5.93881606160168,5.93881606160168,3.07577814799961,5.93881606160168,5.93881606160168,3.07577814799961,0.583564606885146,0.583564606885146,0.582200812055622,0.562848177879367,0.562848177879367,0.561813372202414
4.4538414942149,2.14512044775607,1,0,1,0.0899680799600706,-0.843425864325627,0,-1.00777295487923,1,5,473,4.13227115562193,4.13227115562193,1.3209039670085,4.13227115562193,4.13227115562193,1.3209039670085,0.585504418801762,0.585504418801762,0.584575457133903,0.564320849226156,0.564320849226156,0.563615479090549
8.33926200908056,8.0506167091661,0,0,1,0.675008150654162,-0.597920916238892,1,-1.00777295487923,1,5,473,8.19399847855937,8.19399847855937,2.73648905648341,8.19399847855937,8.19399847855937,2.73648905648341,0.75031302876607,0.75031302876607,0.600732204032278,0.695793811188361,0.695793811188361,0.575916843367814
-1.05289980458164,-3.18282179710969,1,0,0,-1.48956824459879,-0.380969372931032,0,-1.40296474353382,0,5,474,-1.9474465607965,0.297691102314966,-1.9474465607965,-1.9474465607965,0.297691102314966,-1.9474465607965,0.752501317470192,0.898838827558674,0.752501317470192,0.697672073472929,0.840993543704305,0.697672073472929
1.41983549468278,-0.873370103975639,1,0,0,0.102985961012781,-0.0520304639567627,1,-1.40296474353382,0,5,474,1.23766185042665,6.34036901960621,1.23766185042665,1.23766185042665,6.34036901960621,1.23766185042665,0.757540978598365,0.835496606608634,0.757540978598365,0.702017260259879,0.773585109754299,0.702017260259879
2.41159673504586,3.8107156588079,1,1,0,0.476227410769149,-0.545195029140435,1,-1.40296474353382,0,5,474,1.98414474993938,7.38138236973882,1.98414474993938,1.98414474993938,7.38138236973882,1.98414474993938,0.747045457460059,0.841928645759963,0.747045457460059,0.692998483245926,0.779953916252927,0.692998483245926
-0.631952388287167,2.13799131739549,1,0,0,-0.116958144678005,-0.0264652837684778,0,-1.40296474353382,0,5,474,0.797773639045076,2.89847405029002,0.797773639045076,0.797773639045076,2.89847405029002,0.797773639045076,0.757611502598809,0.758811268398617,0.757611502598809,0.702078262574115,0.70311688856567,0.702078262574115
4.90545112047655,5.52276006405418,1,1,1,-0.689031029064445,0.20436762634467,1,-1.40296474353382,0,5,474,4.79539399696995,4.79539399696995,-0.346372129727804,4.79539399696995,4.79539399696995,-0.346372129727804,0.863218745042558,0.863218745042558,0.756165649403818,0.801711131837224,0.801711131837224,0.700828713847439
7.06350592320708,8.3494624446933,0,1,1,0.963873582942246,-0.769907053392811,0,0.1413118070532,1,6,475,6.83062795654304,6.83062795654304,4.13787108567904,6.83062795654304,6.83062795654304,4.13787108567904,0.564641176604355,0.564641176604355,0.455451438797599,0.548527553542441,0.548527553542441,0.466603729588758
10.7570908166484,10.8349474758415,1,0,1,1.78871662822279,1.22131009632807,0,0.1413118070532,1,6,475,11.3703726773539,11.3703726773539,7.77877432596101,11.3703726773539,11.3703726773539,7.77877432596101,0.762747174703924,0.762747174703924,0.413735016348194,0.706535514762078,0.706535514762078,0.435101474914235
5.44742448772611,4.93894998565773,0,1,1,-0.248191454178763,0.400579555560566,0,0.1413118070532,1,6,475,5.1446916007235,5.1446916007235,2.8842276203904,5.1446916007235,5.1446916007235,2.8842276203904,0.483023012397624,0.483023012397624,0.475764840831786,0.487286888004429,0.487286888004429,0.481848172269046
2.88478887225298,5.60915516266903,1,0,1,-0.616503413630444,0.53679630492786,0,0.1413118070532,1,6,475,4.67197072383853,4.67197072383853,2.28382045085433,4.67197072383853,4.67197072383853,2.28382045085433,0.514572353766635,0.514572353766635,0.469754018827745,0.510911880055035,0.510911880055035,0.477341383425359
6.33364623046111,7.10108818798722,0,0,1,-0.392652587495765,-0.955125132616577,1,0.1413118070532,1,6,475,7.25186468453509,7.25186468453509,1.23960066557925,7.25186468453509,7.25186468453509,1.23960066557925,0.57591051154809,0.57591051154809,0.440524433456066,0.557046261254622,0.557046261254622,0.455368885369222
4.39459138082115,5.55263546024284,1,1,1,-0.17730032564995,-0.190878865200162,0,0.1413118070532,1,6,475,4.5709861978674,4.5709861978674,2.4345514566873,4.5709861978674,4.5709861978674,2.4345514566873,0.485316126180195,0.485316126180195,0.481609930173972,0.489004583111718,0.489004583111718,0.486228269350634
4.20783095402706,7.49696763584023,1,1,1,-0.637507373063019,-1.34929663869586,0,-0.594984562852478,1,5,476,3.9422834043413,3.9422834043413,0.0216819851453451,3.9422834043413,3.9422834043413,0.0216819851453451,0.53219644031886,0.53219644031886,0.484277772314481,0.524121671455387,0.524121671455387,0.488226816474858
5.92646351858392,9.20152212972176,1,1,1,-0.857843107638005,0.0728931489327045,1,-0.594984562852478,1,5,476,6.10851371478527,6.10851371478527,1.00320030362394,6.10851371478527,6.10851371478527,1.00320030362394,0.751059981458725,0.751059981458725,0.569538731848378,0.696434371380546,0.696434371380546,0.55222648317381
7.90765150952515,9.93544457343934,1,1,1,1.49703418346271,-0.764111740428024,0,-0.594984562852478,1,5,476,7.55981674832458,7.55981674832458,4.87594999646463,7.55981674832458,7.55981674832458,4.87594999646463,0.774750637841531,0.774750637841531,0.542559424103728,0.717073561910965,0.717073561910965,0.531901530500272
5.00556217626019,10.2741649405213,1,1,1,-1.28479725986518,0.492744623918295,1,-0.594984562852478,1,5,476,5.91194073855556,5.91194073855556,0.569143474155178,5.91194073855556,5.91194073855556,0.569143474155178,0.817238195654864,0.817238195654864,0.558502952042407,0.755955736654995,0.755955736654995,0.543897992863026
6.5301952535273,9.61724985674465,1,0,1,-0.455721795706859,-0.868265105024193,1,-0.594984562852478,1,5,476,6.72016896613201,6.72016896613201,0.866284673529335,6.72016896613201,6.72016896613201,0.866284673529335,0.670408574528306,0.670408574528306,0.534578730101989,0.630074820822138,0.630074820822138,0.525909137071124
3.51264208867059,-0.506456135994047,1,1,1,-1.4951688529464,-0.0994099912132666,0,-0.800369692736337,1,6,477,1.37954300419609,1.37954300419609,-0.730339342156934,1.37954300419609,1.37954300419609,-0.730339342156934,0.808699110914307,0.808699110914307,0.592953841545098,0.747918289194293,0.747918289194293,0.56998547517806
9.06078137394369,4.49312227579548,1,1,1,-0.563157877635904,-0.165771802247295,1,-0.800369692736337,1,6,477,6.19480108785035,6.19480108785035,1.06732079743004,6.19480108785035,6.19480108785035,1.06732079743004,0.730693278738277,0.730693278738277,0.592150200828628,0.679168455664332,0.679168455664332,0.569373653731204
6.92114420046663,2.60862457566835,0,0,1,-0.0923458070848,-0.173076183277384,0,-0.800369692736337,1,6,477,4.13159592272003,4.13159592272003,2.00164055750216,4.13159592272003,4.13159592272003,2.00164055750216,0.593010740421763,0.593010740421763,0.592037134441179,0.570028799821836,0.570028799821836,0.569287589334048
6.93058131475664,5.30421424715261,0,1,1,-0.0560242005842059,-1.88339150788172,0,-0.800369692736337,1,6,477,6.01113201785998,6.01113201785998,0.363968445899015,6.01113201785998,6.01113201785998,0.363968445899015,0.427856825667465,0.427856825667465,0.427493773400655,0.445804495412045,0.445804495412045,0.445529906405574
6.00009541906108,1.95081097390588,1,0,0,0.812845106817804,-0.303543133451416,1,-0.800369692736337,1,6,477,3.68155543513333,8.87369386899884,3.68155543513333,3.68155543513333,8.87369386899884,3.68155543513333,0.589193467500169,0.759499555155501,0.589193467500169,0.567124186029058,0.703713455692003,0.567124186029058
5.92102860954811,1.65311994248391,1,0,1,-0.552587189912648,0.0161962121949738,0,-0.800369692736337,1,6,477,3.37069250460829,3.37069250460829,1.27043018731882,3.37069250460829,3.37069250460829,1.27043018731882,0.627733958008609,0.627733958008609,0.593392956807967,0.596661083906391,0.596661083906391,0.570319855283609
0.86341276243781,2.62881885092952,1,1,1,-1.6815798323859,-0.218761539633636,0,0.110935909673228,1,6,478,1.55362863076241,1.55362863076241,-0.594227980460468,1.55362863076241,1.55362863076241,-0.594227980460468,0.782607693906759,0.782607693906759,0.48465243740072,0.72406853479006,0.72406853479006,0.488507460371333
3.51257993648297,4.80011019873163,0,0,0,0.433112210505526,0.3376256397403,0,0.110935909673228,1,6,478,4.19154328469632,6.40553435730637,4.19154328469632,4.19154328469632,6.40553435730637,4.19154328469632,0.481533711558141,0.503664985877713,0.481533711558141,0.486171166802688,0.502744014761758,0.486171166802688
3.56635193416287,6.02910000613452,0,0,1,-0.29885560173761,-0.687578859252541,0,0.110935909673228,1,6,478,4.27516784890824,4.27516784890824,1.70240316121721,4.27516784890824,4.27516784890824,1.70240316121721,0.475149034328858,0.475149034328858,0.46464467510368,0.481386580243122,0.481386580243122,0.473508045201389
6.5507467066443,7.01919343381375,1,0,0,1.40010910620643,0.633458608924261,0,0.110935909673228,1,6,478,6.42137004528209,8.92263985450235,6.42137004528209,6.42137004528209,8.92263985450235,6.42137004528209,0.468005278275789,0.689810349003578,0.468005278275789,0.47602964918513,0.645593650623627,0.47602964918513
12.8868637719921,15.2848428734279,0,0,1,0.42745556454046,-3.27038761158177,0,0.110935909673228,1,6,478,13.3676518714316,13.3676518714316,0.572216741444125,13.3676518714316,13.3676518714316,0.572216741444125,0.11814091682857,0.11814091682857,0.109176607245769,0.178246985219229,0.178246985219229,0.168218436588241
6.72628664414824,7.53995172632443,1,0,1,0.924466756250074,-0.890383967478868,0,0.110935909673228,1,6,478,6.83902637850966,6.83902637850966,3.94624276896625,6.83902637850966,6.83902637850966,3.94624276896625,0.550185620047938,0.550185620047938,0.449643744531901,0.537635081498728,0.537635081498728,0.462236531582987
6.78131576449503,6.51474491397034,1,0,0,1.83802056662188,-0.930337438263172,0,0.419143789840302,1,5,479,5.5700221784189,8.53554992745298,5.5700221784189,5.5700221784189,8.53554992745298,5.5700221784189,0.410595918716343,0.775620686461477,0.410595918716343,0.432715651572181,0.717844240400495,0.432715651572181
0.541012550264142,0.341423721201942,0,0,0,-1.33492595258256,-0.213487795840868,1,0.419143789840302,1,5,479,-0.0590212175676713,5.08655582140532,-0.0590212175676713,-0.0590212175676713,5.08655582140532,-0.0590212175676713,0.44855402155502,0.752478432654908,0.44855402155502,0.461416561083358,0.697652404645129,0.461416561083358
2.74898133892349,1.22847340071661,1,0,0,-0.245312398101003,-0.986437102392794,1,0.419143789840302,1,5,479,1.34725658484351,7.4203147418206,1.34725658484351,1.34725658484351,7.4203147418206,1.34725658484351,0.405682926901946,0.529686032265801,0.405682926901946,0.428976258511748,0.522238648054809,0.428976258511748
5.50499431028814,6.33867117497137,1,0,0,1.17299028162141,0.751923369895036,1,0.419143789840302,1,5,479,5.92222241657615,11.5876111707705,5.92222241657615,5.92222241657615,11.5876111707705,5.92222241657615,0.424396493730712,0.694041697844265,0.424396493730712,0.443186161674173,0.649010394323915,0.443186161674173
7.79556219125448,11.2877270823489,1,1,1,1.32084650060461,-1.13147134574804,0,0.419143789840302,1,5,479,7.71476754514837,7.71476754514837,4.33454013889949,7.71476754514837,7.71476754514837,4.33454013889949,0.594890889502463,0.594890889502463,0.391750310547036,0.571460920151936,0.571460920151936,0.418333130528074
1.70831916107759,2.03554800516223,1,1,1,-0.0534820732433288,-0.792419227357056,1,2.57547544325378,1,5,480,1.19547109923817,1.19547109923817,-4.53245713264698,1.19547109923817,1.19547109923817,-4.53245713264698,0.296626360716953,0.296626360716953,0.207039846877747,0.343409903970079,0.343409903970079,0.266588159303735
-5.30021342823407,-2.62112987270609,0,0,0,-0.809762758103001,0.195869554082983,0,2.57547544325378,1,5,480,-5.05672972092629,-2.91836483870962,-5.05672972092629,-5.05672972092629,-2.91836483870962,-5.05672972092629,0.226231791578351,0.285687659819978,0.226231791578351,0.283795515451936,0.334442618493776,0.283795515451936
6.83800829904738,6.19505822835829,0,0,1,1.31004577471327,0.8730711738255,1,2.57547544325378,1,5,480,5.7223422390138,5.7223422390138,-0.139911035551233,5.7223422390138,5.7223422390138,-0.139911035551233,0.480635079648391,0.480635079648391,0.20283349279837,0.485497893295576,0.485497893295576,0.26274821852002
2.27895573707372,1.39927895811068,0,0,1,0.225775214940386,-0.591868612282111,1,2.57547544325378,1,5,480,1.67691651300014,1.67691651300014,-3.77339194120461,1.67691651300014,1.67691651300014,-3.77339194120461,0.312660459979903,0.312660459979903,0.215929297293607,0.356395915691307,0.356395915691307,0.274620019844203
-6.6804988206108,-8.57212706129578,1,0,0,-1.67536027171077,0.184929948262816,0,2.57547544325378,1,5,480,-6.798864353962,-4.66466526819751,-6.798864353962,-6.798864353962,-4.66466526819751,-6.798864353962,0.226371613946837,0.525669217869014,0.226371613946837,0.283919107502768,0.519226795000223,0.283919107502768
3.03747900307552,5.8688504673592,1,0,0,0.166979611985919,1.77507604699511,0,-0.796184962832576,1,4,481,4.47512477592624,9.72601974854203,4.47512477592624,4.47512477592624,9.72601974854203,4.47512477592624,0.445425084013985,0.44868064394113,0.445425084013985,0.459061163740335,0.461511848156512,0.459061163740335
-0.150264666305833,-1.10912484623722,1,1,0,-1.35022179373081,0.389915516739719,0,-0.796184962832576,1,4,481,0.0555614342373887,2.30759554443179,0.0555614342373887,0.0555614342373887,2.30759554443179,0.0555614342373887,0.58596912511906,0.771043077941805,0.58596912511906,0.564673788176119,0.71380004356234,0.564673788176119
7.91881540957138,9.23136254244194,1,1,1,1.45857199086887,-1.38032968538292,0,-0.796184962832576,1,4,481,7.90821384166342,7.90821384166342,3.90290380131411,7.90821384166342,7.90821384166342,3.90290380131411,0.735823828100003,0.735823828100003,0.504019870324758,0.683480163242541,0.683480163242541,0.503009726191348
5.47781118007907,6.60603129610794,1,1,1,0.687227920426662,-1.6690770946986,0,-0.796184962832576,1,4,481,6.95728659916154,6.95728659916154,2.07146825111401,6.95728659916154,6.95728659916154,2.07146825111401,0.51818429048218,0.51818429048218,0.462519198003353,0.513617556652948,0.513617556652948,0.471912619155221
3.64045322510211,7.0130220041306,0,1,1,0.320167647350072,-0.0908062643458067,0,-0.75531188783797,0,5,482,5.17808502443522,5.17808502443522,3.06983924679079,5.17808502443522,5.17808502443522,3.06983924679079,0.706416880695771,0.706416880695771,0.696199471823757,0.659075651789616,0.659075651789616,0.650757500664693
4.81476762290038,5.27132859815207,0,1,0,1.02141221547515,-0.40472768546244,1,-0.75531188783797,0,5,482,4.47232838304094,9.73613288242072,4.47232838304094,4.47232838304094,9.73613288242072,4.47232838304094,0.689904788761309,0.855725646868951,0.689904788761309,0.645669776944292,0.79392748057947,0.645669776944292
-0.953655050583754,1.62662376419001,0,1,0,-1.2345141923823,0.390436760491561,0,-0.75531188783797,0,5,482,-0.0395244326739495,2.2129164312692,-0.0395244326739495,-0.0395244326739495,2.2129164312692,-0.0395244326739495,0.690366941744807,0.822209695776893,0.690366941744807,0.64604239703473,0.760693781802675,0.64604239703473
3.95391113797612,4.92274421140918,1,1,1,-0.399137092786918,-0.108638936881356,0,-0.75531188783797,0,5,482,3.74303218512352,3.74303218512352,1.63122976651681,3.74303218512352,3.74303218512352,1.63122976651681,0.711856045736668,0.711856045736668,0.696056324178784,0.663535666052252,0.663535666052252,0.650641496175862
5.41127608122922,4.35472952354542,0,1,1,-0.0196301637134707,-0.818252619486525,0,-0.75531188783797,0,5,482,5.15978097396026,5.15978097396026,2.3902436246637,5.15978097396026,5.15978097396026,2.3902436246637,0.669019150392028,0.669019150392028,0.66897864174221,0.628972197619348,0.628972197619348,0.628940067220586
-0.991873218471394,-1.61676382313218,1,1,0,-0.808892858915977,-0.335377779339135,1,-1.85286953776275,1,4,483,-2.38628902114025,2.8261892337342,-2.38628902114025,-2.38628902114025,2.8261892337342,-2.38628902114025,0.701791621042293,0.838771140943464,0.701791621042293,0.655300705669352,0.776816478074651,0.655300705669352
0.990280330459934,-0.440028209825871,0,1,0,-1.17744683215757,2.05816329742337,1,-1.85286953776275,1,4,483,-0.729855890860938,8.60618026799971,-0.729855890860938,-0.729855890860938,8.60618026799971,-0.729855890860938,0.518692924732098,0.769887962879459,0.518692924732098,0.513998622800168,0.712783612526505,0.513998622800168
4.75708802196528,5.85223269762917,0,1,0,1.28775334742863,1.59937156263793,0,-1.85286953776275,1,4,483,3.74175273352603,8.39974212890092,3.74175273352603,3.74175273352603,8.39974212890092,3.74175273352603,0.596744218462149,0.765028894827133,0.596744218462149,0.57287360256759,0.708525471567948,0.57287360256759
5.54173225204182,2.88072779582285,0,1,1,0.638060301867769,-1.40394807128131,0,-1.85286953776275,1,4,483,3.51011719533958,3.51011719533958,-0.560952991514933,3.51011719533958,3.51011719533958,-0.560952991514933,0.667301455707438,0.667301455707438,0.623166343039093,0.627610584734671,0.627610584734671,0.593133366521819
7.87866930985166,9.39982789100668,1,0,1,-0.167766953240906,-0.471145705537538,1,0.738591516991724,1,6,484,6.96978123485498,6.96978123485498,1.64780295900851,6.96978123485498,6.96978123485498,1.64780295900851,0.523677616319973,0.523677616319973,0.403516547994679,0.517733924635173,0.517733924635173,0.427325217521398
9.99520485582416,9.1459469304616,0,1,1,-0.0300404565492781,1.01668671816491,0,0.738591516991724,1,6,484,6.54474025898715,6.54474025898715,3.41108837609422,6.54474025898715,6.54474025898715,3.41108837609422,0.367240408631892,0.367240408631892,0.367141077114474,0.399447757670855,0.399447757670855,0.399370743629127
1.75989043415459,3.13364677551535,1,0,1,-0.845639315996271,-0.296986545532396,0,0.738591516991724,1,6,484,2.65441840173019,2.65441840173019,0.466217393502927,2.65441840173019,2.65441840173019,0.466217393502927,0.493064726830156,0.493064726830156,0.409621692826403,0.494807360449872,0.494807360449872,0.431974672842065
7.17338457136375,7.84415227902599,0,0,1,1.00780250240284,-0.247758262161736,0,0.738591516991724,1,6,484,6.38371347014121,6.38371347014121,4.2223293136718,6.38371347014121,6.38371347014121,4.2223293136718,0.529769497091698,0.529769497091698,0.410848787311241,0.522301244955934,0.522301244955934,0.432907937116242
7.1299120597914,8.04526570736276,0,0,1,0.370907413689479,-1.63983120902672,0,0.738591516991724,1,6,484,6.34551258347815,6.34551258347815,1.5564661893801,6.34551258347815,6.34551258347815,1.5564661893801,0.311434503458381,0.311434503458381,0.297578142442502,0.355409244960115,0.355409244960115,0.344185852613054
7.55931947877622,10.4682097274967,0,1,1,1.07838358716109,-0.26287245265367,1,0.738591516991724,1,6,484,9.51747921906052,9.51747921906052,4.34837729269637,9.51747921906052,9.51747921906052,4.34837729269637,0.659365729607412,0.659365729607412,0.410495525970246,0.621341145052695,0.621341145052695,0.432639306477569
5.39128624128224,5.11670208191462,1,1,1,-0.118244479274115,-1.56033039001931,0,0.0952665365925482,1,5,485,5.72873586445593,5.72873586445593,1.19410493843812,5.72873586445593,5.72873586445593,1.19410493843812,0.377868717442097,0.377868717442097,0.376313731396687,0.407664909079347,0.407664909079347,0.406465482465376
4.68702596463054,6.92782420490493,1,1,1,0.435543312600155,-0.724556932438638,0,0.0952665365925482,1,5,485,5.76243672811222,5.76243672811222,3.13745397976733,5.76243672811222,5.76243672811222,3.13745397976733,0.486364381684678,0.486364381684678,0.464031835843225,0.489789720216131,0.489789720216131,0.473048084368103
7.09975570130874,4.93039007312283,0,1,1,-0.466687509436133,0.929924195360925,0,0.0952665365925482,1,5,485,5.95223247261198,5.95223247261198,2.98747346349432,5.95223247261198,5.95223247261198,2.98747346349432,0.473660274478828,0.473660274478828,0.448110620018685,0.480270532137901,0.480270532137901,0.461082869366965
8.16246579010905,7.07742836298839,1,1,1,1.74747941498633,-0.540813051106861,0,0.0952665365925482,1,5,485,8.33754882211897,8.33754882211897,5.94507006587146,8.33754882211897,8.33754882211897,5.94507006587146,0.79412336579389,0.79412336579389,0.474968779223009,0.7344711256905,0.7344711256905,0.481251460738507
6.51531660288257,5.60705437126463,1,1,1,0.671695226142039,0.455476780587774,0,0.0952665365925482,1,5,485,7.09725061753212,7.09725061753212,4.78979151987751,7.09725061753212,7.09725061753212,4.78979151987751,0.532168773983574,0.532168773983574,0.478974335764654,0.524100916195045,0.524100916195045,0.484253509641082
-2.21169596906943,-1.78858145142859,1,1,0,-1.53990035267565,-2.27811275933701,0,0.0873495176799303,1,4,486,-2.36554340292723,4.92425434132685,-2.36554340292723,-2.36554340292723,4.92425434132685,-2.36554340292723,0.264011472417453,0.524532744677947,0.264011472417453,0.316381015203019,0.51837487965368,0.316381015203019
7.13204470923491,7.40882512176875,1,1,1,1.32166174958902,0.713106120097768,0,0.0873495176799303,1,4,486,8.95732001955779,8.95732001955779,6.3487996810369,8.95732001955779,8.95732001955779,6.3487996810369,0.665662909499673,0.665662909499673,0.465735351337584,0.626313259594841,0.626313259594841,0.47432654747611
-1.29087458909491,2.11844421389377,1,0,0,-0.0263153479460902,-1.25855349703504,0,0.0873495176799303,1,4,486,1.68118586883386,5.365142773733,1.68118586883386,1.68118586883386,5.365142773733,1.68118586883386,0.415687911336924,0.415767428479784,0.415687911336924,0.436584452567977,0.436644815296138,0.436584452567977
5.08236170558479,5.69063801817691,1,1,0,1.05321001399576,0.499327531762335,0,0.0873495176799303,1,4,486,5.59811762151494,7.94744560549081,5.59811762151494,5.59811762151494,7.94744560549081,5.59811762151494,0.477933979305622,0.607227308977085,0.477933979305622,0.483473893560951,0.58088378902851,0.483473893560951
7.71442963196053,10.2023327024316,1,1,1,0.701442250633931,-0.503310301232676,1,-0.493463888889211,1,6,487,9.00938884972445,9.00938884972445,3.65606759039752,9.00938884972445,9.00938884972445,3.65606759039752,0.709334691864122,0.709334691864122,0.546155243865539,0.661465356156228,0.661465356156228,0.534603975010458
-0.339480007619326,1.13893313134001,1,1,0,-0.788907306944548,0.00768446129405057,1,-0.493463888889211,1,6,487,1.18636323776729,6.28642228871267,1.18636323776729,1.18636323776729,6.28642228871267,1.18636323776729,0.557987409162362,0.731564653112203,0.557987409162362,0.543509464779821,0.679899050793469,0.543509464779821
9.12753706753585,11.04331201425,1,0,1,0.622739606764594,1.57130786057532,0,-0.493463888889211,1,6,487,10.1422888571726,10.1422888571726,5.57328046446684,10.1422888571726,10.1422888571726,5.57328046446684,0.487452638869566,0.487452638869566,0.441931137599311,0.490604772740425,0.490604772740425,0.456429145836042
8.89310728899746,12.2980924090471,0,0,1,-0.110119949511347,1.88462163266426,0,-0.493463888889211,1,6,487,10.07267382231,10.07267382231,4.4208751240039,10.07267382231,10.07267382231,4.4208751240039,0.393567559160119,0.393567559160119,0.392199029608521,0.419724781333227,0.419724781333227,0.418676861093453
-0.754347259589222,4.83262354352717,1,1,1,-2.65322813900905,1.15224820513575,0,-0.493463888889211,1,6,487,2.02996124371855,2.02996124371855,-1.39771468252001,2.02996124371855,2.02996124371855,-1.39771468252001,0.967237776581371,0.967237776581371,0.495561715448362,0.934065255230113,0.934065255230113,0.496676987234244
2.48913222348394,5.88715859697278,0,1,1,0.131216264297415,-0.278927577602201,0,-0.493463888889211,1,6,487,4.917798934902,4.917798934902,2.73999834135497,4.917798934902,4.917798934902,2.73999834135497,0.556369795481103,0.556369795481103,0.554361458696214,0.542290675210851,0.542290675210851,0.540778094719752
-1.43630297266476,-3.65402399903881,1,1,1,-2.7284501598251,-0.604214292550968,0,-0.298655544420225,1,5,488,-0.685234835091245,-0.685234835091245,-3.15030974641411,-0.685234835091245,-0.685234835091245,-3.15030974641411,0.975408021536772,0.975408021536772,0.518005797214198,0.948076687976409,0.948076687976409,0.513483833653393
5.10151716847575,7.28791404728302,1,1,1,-0.805393493818117,-1.15039235684477,1,-0.298655544420225,1,5,488,6.57302809599292,6.57302809599292,0.149625521306055,6.57302809599292,6.57302809599292,0.149625521306055,0.661629188944785,0.661629188944785,0.472797229935694,0.623125857204605,0.623125857204605,0.479623474649689
1.13498703996662,1.04287950681322,0,1,0,-0.389629035503701,0.123930450875362,0,-0.298655544420225,1,5,488,2.25547724565502,4.37083600230919,2.25547724565502,2.25547724565502,4.37083600230919,2.25547724565502,0.534470783121525,0.552257632222716,0.534470783121525,0.525828130940273,0.539194282825671,0.525828130940273
2.70998713440331,2.39019366859784,1,1,0,-1.37022398381362,2.38538619000949,0,-0.298655544420225,1,5,488,2.55574308816931,10.3458103636573,2.55574308816931,2.55574308816931,10.3458103636573,2.55574308816931,0.281595813773551,0.488216667300992,0.281595813773551,0.33106391610029,0.491176967671306,0.33106391610029
-0.0738960719430152,-2.85963238461822,0,1,0,-1.86605135084318,0.117489306108194,0,-0.298655544420225,1,5,488,-0.703808529791113,1.40999520725867,-0.703808529791113,-0.703808529791113,1.40999520725867,-0.703808529791113,0.534543860920352,0.858233496869385,0.534543860920352,0.525882970232309,0.79651651193272,0.525882970232309
3.09644036529521,5.72349404477297,0,1,0,0.33272961635502,-0.0109040727863283,0,0.949864118108024,1,4,489,2.75231331705458,4.85243221585791,2.75231331705458,2.75231331705458,4.85243221585791,2.75231331705458,0.389646506539084,0.40217176701432,0.389646506539084,0.416720665620376,0.426299646101482,0.416720665620376
9.95746906353486,8.98808027562177,1,1,1,0.351022463778903,0.181080749191957,1,0.949864118108024,1,4,489,8.11367407160855,8.11367407160855,2.98088383388063,8.11367407160855,8.11367407160855,2.98088383388063,0.518902896314146,0.518902896314146,0.388176763183021,0.514155936465072,0.514155936465072,0.415593289335275
7.766318906972,7.48243359529493,1,1,1,0.739972915969371,0.226479602730872,0,0.949864118108024,1,4,489,5.95547660225361,5.95547660225361,3.80418359180048,5.95547660225361,5.95547660225361,3.80418359180048,0.450254869985401,0.450254869985401,0.387345260697282,0.462696301113838,0.462696301113838,0.414955151304517
6.73441219962457,9.56978524744551,1,1,1,-0.453207674029943,-0.85977906253074,1,0.949864118108024,1,4,489,6.17078378290648,6.17078378290648,0.33156374654024,6.17078378290648,6.17078378290648,0.33156374654024,0.495260965251488,0.495260965251488,0.356909065088653,0.496451804837849,0.496451804837849,0.391414695233244
6.66381473742328,4.20598018623777,0,1,1,1.00484643958951,0.730736341823266,0,1.10604888941447,1,6,490,7.15106067648855,7.15106067648855,4.5170850752273,7.15106067648855,7.15106067648855,4.5170850752273,0.46348423669722,0.46348423669722,0.348888560094301,0.472637055818869,0.472637055818869,0.385144726052509
8.61957180242285,2.92894114866639,0,0,1,-0.0515216810055613,1.10255679629632,0,1.10604888941447,1,6,490,6.09180077756943,6.09180077756943,2.77616928851022,6.09180077756943,6.09180077756943,2.77616928851022,0.320368151800894,0.320368151800894,0.32009363155612,0.362576943965277,0.362576943965277,0.362357443044533
10.5124821518324,6.79781506234877,1,1,1,1.67495670926896,0.0684112866258211,1,1.10604888941447,1,6,490,10.2996606635266,10.2996606635266,5.19498055938876,10.2996606635266,10.2996606635266,5.19498055938876,0.782601724766773,0.782601724766773,0.372011151994596,0.724063189923336,0.724063189923336,0.40314180566108
2.7007911196283,0.760099237083008,0,1,1,-0.788108752283927,-0.186676816901884,0,1.10604888941447,1,6,490,2.14860976672391,2.14860976672391,0.0137615327552898,2.14860976672391,2.14860976672391,0.0137615327552898,0.441379747667136,0.441379747667136,0.370676966045596,0.4560135930136,0.4560135930136,0.402109671560569
3.24605177258567,0.26397682066841,0,0,1,-0.674893362763924,-0.950937468853621,0,1.10604888941447,1,6,490,2.48021372951329,2.48021372951329,-0.524068340156442,2.48021372951329,2.48021372951329,-0.524068340156442,0.382649856311447,0.382649856311447,0.333099190471904,0.411347092100411,0.411347092100411,0.372706764213483
8.89922514107966,4.35906698543461,0,1,1,0.726232892857637,0.714083691238799,0,1.10604888941447,1,6,490,6.55312084927233,6.55312084927233,3.9432053311791,6.55312084927233,6.55312084927233,3.9432053311791,0.408623926277763,0.408623926277763,0.349925939658592,0.431215522246972,0.431215522246972,0.385957430881096
4.80980288680076,3.60071148753563,0,1,0,0.970764537303577,-0.987669398727177,1,-0.313831859471741,0,6,491,4.84303863858766,10.9185294797698,4.84303863858766,4.84303863858766,10.9185294797698,4.84303863858766,0.607392603599119,0.79604856709052,0.607392603599119,0.581010370047567,0.736228674788459,0.581010370047567
2.63759990537884,0.673520993887843,1,1,0,0.476380307770452,0.871711881045425,1,-0.313831859471741,0,6,491,3.85427017952141,9.71415178307717,3.85427017952141,3.85427017952141,9.71415178307717,3.85427017952141,0.617081592001539,0.742755727872004,0.617081592001539,0.588446326730803,0.689345251761489,0.588446326730803
5.40421861868975,3.1177294314714,0,1,0,1.63462578569814,0.818547785959139,0,-0.313831859471741,0,6,491,6.17076113537679,8.9407816132754,6.17076113537679,6.17076113537679,8.9407816132754,6.17076113537679,0.621094155620451,0.854810913145055,0.621094155620451,0.591535616920014,0.792987049548574,0.591535616920014
0.640833799873348,-1.73256182360435,1,1,0,-0.607394475704301,0.900463550012096,0,-0.313831859471741,0,6,491,1.68672061257191,4.59755521747229,1.68672061257191,1.68672061257191,4.59755521747229,1.68672061257191,0.614799572717578,0.655278384860543,0.614799572717578,0.586692010683483,0.618125135675523,0.586692010683483
1.15550738464252,0.91336826300149,0,1,0,-0.141510126685791,-1.04456790338838,1,-0.313831859471741,0,6,491,2.61848931060893,8.80961141539812,2.61848931060893,2.61848931060893,8.80961141539812,2.61848931060893,0.602162470379885,0.710634060577742,0.602162470379885,0.577009457617143,0.662531660553053,0.577009457617143
0.747753155086555,0.845754349333218,1,0,0,-0.670670864510135,-0.900932393253624,0,-0.313831859471741,0,6,491,1.56016783496024,4.47184701217394,1.56016783496024,1.56016783496024,4.47184701217394,1.56016783496024,0.614761706170879,0.663857228591943,0.614761706170879,0.58666291624309,0.624885330529512,0.58666291624309
10.6169151869027,7.36436192718036,1,0,1,1.19701927714708,1.10833177464675,0,-0.287382304227931,1,5,492,9.74818106284915,9.74818106284915,6.41978174015755,9.74818106284915,9.74818106284915,6.41978174015755,0.641275010339565,0.641275010339565,0.47594383325239,0.607169904245801,0.607169904245801,0.481982335178842
0.252265826013082,0.448672683468776,1,1,1,-1.02225900812997,-0.101911478225114,0,-0.287382304227931,1,5,492,2.88136786612561,2.88136786612561,0.770981916731585,2.88136786612561,2.88136786612561,0.770981916731585,0.652037531511907,0.652037531511907,0.533379854747357,0.615581238653808,0.615581238653808,0.525009535458453
6.42892815479257,2.43949211099462,0,0,1,0.0780419415505644,0.0986570816851677,0,-0.287382304227931,1,5,492,5.28188559576957,5.28188559576957,3.17215237600294,5.28188559576957,5.28188559576957,3.17215237600294,0.534126235991712,0.534126235991712,0.533410538495083,0.525569581863289,0.525569581863289,0.525032557908352
0.999229579665187,-1.3673296793877,1,1,0,-0.0253989965838768,-1.73290052803385,1,-0.287382304227931,1,5,492,1.13371289001504,9.23665713007504,1.13371289001504,1.13371289001504,9.23665713007504,1.13371289001504,0.39371818279596,0.510248833360571,0.39371818279596,0.419840080543431,0.507673869265139,0.419840080543431
3.64375017297912,2.14162020839916,1,0,0,-0.28309065799703,1.1936672121401,0,-0.287382304227931,1,5,492,3.54489730736268,7.06973872070099,3.54489730736268,3.54489730736268,7.06973872070099,3.54489730736268,0.466699325001867,0.476127955562038,0.466699325001867,0.475049866965777,0.482120340852163,0.475049866965777
6.86655248097663,8.89292213208638,1,1,1,1.25698966629006,-0.00910997520904069,0,0.125165682188869,1,6,493,7.58928590102158,7.58928590102158,5.48920290937327,7.58928590102158,7.58928590102158,5.48920290937327,0.665535298315817,0.665535298315817,0.48522785000011,0.626212285773226,0.626212285773226,0.488938462705719
-3.23687409266856,-0.478900575559001,0,1,0,-1.07907205735292,-1.69012433331888,0,0.125165682188869,1,6,493,-0.86393489602253,4.09258536605407,-0.86393489602253,-0.86393489602253,4.09258536605407,-0.86393489602253,0.354495109655809,0.487801494109434,0.354495109655809,0.389530815069371,0.490866039378094,0.389530815069371
0.681925572286027,2.41201145695387,1,0,0,-0.696343536207016,-1.55495221231924,0,0.125165682188869,1,6,493,0.0366942672689223,4.55457064986542,0.0366942672689223,0.0366942672689223,4.55457064986542,0.0366942672689223,0.373739200912213,0.428775003043722,0.373739200912213,0.404477575927703,0.446498819602002,0.404477575927703
2.49030298653384,3.77734196083511,0,0,0,-0.334529036608257,0.226120929381472,0,0.125165682188869,1,6,493,2.54139640816715,4.69252708287149,2.54139640816715,2.54139640816715,4.69252708287149,2.54139640816715,0.482820292631568,0.49602175926476,0.482820292631568,0.487135025520203,0.497021436235862,0.487135025520203
4.15815160947569,5.04542537664343,1,1,0,-0.661027256511218,1.47712504732738,0,0.125165682188869,1,6,493,3.13940408630714,7.42130249174907,3.13940408630714,3.13940408630714,7.42130249174907,3.13940408630714,0.384256298436745,0.434159405815513,0.384256298436745,0.412582403994103,0.450567002519573,0.412582403994103
0.108114084555039,2.63886965506516,0,0,0,-0.480479707152738,-0.978577576081894,1,0.125165682188869,1,6,493,1.04479656161482,7.10241063402514,1.04479656161482,1.04479656161482,7.10241063402514,1.04479656161482,0.440292293551073,0.584509255176826,0.440292293551073,0.45519388403913,0.563565219622512,0.45519388403913
-1.30692311674385,-0.600747527434049,0,0,0,-0.680671681344462,-0.691146794652449,0,0.410056423098698,0,4,494,1.47051036718658,4.04819425894493,1.47051036718658,1.47051036718658,4.04819425894493,1.47051036718658,0.546943519326712,0.600438865081648,0.546943519326712,0.535196632008502,0.575692832507888,0.535196632008502
5.74760830141643,2.71205847468839,0,1,1,-1.8358709743103,1.31788037499745,1,0.410056423098698,0,4,494,5.99692046405832,5.99692046405832,-0.839888218745098,5.99692046405832,5.99692046405832,-0.839888218745098,0.884832096189341,0.884832096189341,0.487636049568564,0.825048626963699,0.825048626963699,0.490742134257905
7.76928543878002,5.48127828152974,1,0,0,2.30279493324603,-2.04860992528103,0,0.410056423098698,0,4,494,7.43744359636756,13.7342462223275,7.43744359636756,7.43744359636756,13.7342462223275,7.43744359636756,0.374131509689579,0.882248846741334,0.374131509689579,0.404780662541819,0.822183406639006,0.404780662541819
6.03979617898944,5.29958973256679,1,1,1,-1.29237369058557,0.899726825530257,1,0.410056423098698,0,4,494,6.15661470928311,6.15661470928311,0.247106348704358,6.15661470928311,6.15661470928311,0.247106348704358,0.801484222986086,0.801484222986086,0.531371181328658,0.741220922933608,0.741220922933608,0.523502593263604
1.53269537807459,4.92929529583696,1,1,1,-1.79921656987707,-1.39148723302488,1,1.26418763208736,1,5,495,3.44814597776956,3.44814597776956,-3.58809074190167,3.44814597776956,3.44814597776956,-3.58809074190167,0.739243601474953,0.739243601474953,0.275721345441927,0.686367840132993,0.686367840132993,0.326188922246337
11.1957406607859,10.6170960475138,0,1,1,0.561671937098029,1.57034956543001,1,1.26418763208736,1,5,495,11.6615208281497,11.6615208281497,4.09552307050342,11.6615208281497,11.6615208281497,4.09552307050342,0.391313322793844,0.391313322793844,0.255989545275161,0.417998322254634,0.417998322254634,0.309588102963148
5.79748811658263,4.5389444086356,0,1,1,-0.143073748445931,0.994633778510429,0,1.26418763208736,1,5,495,5.19961226584985,5.19961226584985,2.11031591249592,5.19961226584985,5.19961226584985,2.11031591249592,0.315239049421448,0.315239049421448,0.313142636770309,0.358467996619254,0.358467996619254,0.356783708718643
8.80778252091908,7.73923125091097,0,1,1,2.04543579448158,-0.995249737243677,0,1.26418763208736,1,5,495,7.58797352208045,7.58797352208045,4.49745148259684,7.58797352208045,7.58797352208045,4.49745148259684,0.768064851325912,0.768064851325912,0.313092515153171,0.711182669568128,0.711182669568128,0.35674340526206
-0.231850035936271,-1.72500953315175,1,1,0,-0.623135053439984,0.853957086519123,0,1.26418763208736,1,5,495,1.00951661051651,3.83875931613274,1.00951661051651,1.00951661051651,3.83875931613274,1.00951661051651,0.323870101588556,0.365432797626122,0.323870101588556,0.365372971339609,0.398045621748251,0.365372971339609
2.73525436836462,2.08077494446173,1,1,1,0.925585019973109,-0.267452049679993,0,-1.80569044191887,1,6,496,3.4947306171071,3.4947306171071,1.32320001822907,3.4947306171071,3.4947306171071,1.32320001822907,0.777353050375451,0.777353050375451,0.698715488897906,0.719381606516964,0.719381606516964,0.652798803261285
5.35455490812509,3.64652209824061,0,1,1,0.947566884237628,-1.21545084113194,0,-1.80569044191887,1,6,496,3.9964857025145,3.9964857025145,0.419164955306169,3.9964857025145,3.9964857025145,0.419164955306169,0.731267542224142,0.731267542224142,0.639734720489178,0.679649863544352,0.679649863544352,0.605970519327928
2.71710307942919,2.83063553260149,1,1,1,1.00390015442686,0.296064094827189,0,-1.80569044191887,1,6,496,4.2310003798896,4.2310003798896,2.04334643164376,4.2310003798896,4.2310003798896,2.04334643164376,0.789133930931353,0.789133930931353,0.698069181228907,0.72994117939898,0.72994117939898,0.652274009861505
-0.230107050287647,0.459553492849828,0,0,0,1.30081478470872,-0.841618283891093,0,-1.80569044191887,1,6,496,1.4994933134892,4.30781464926898,1.4994933134892,1.4994933134892,4.30781464926898,1.4994933134892,0.672634022776402,0.821936036149845,0.672634022776402,0.631843222249554,0.760431809247849,0.631843222249554
0.900169447009765,2.35428846975852,1,1,1,-0.49095845937234,0.581997689456068,0,-1.80569044191887,1,6,496,1.77828410920644,1.77828410920644,-0.660437201325764,1.77828410920644,1.77828410920644,-0.660437201325764,0.711987015730624,0.711987015730624,0.687909040292814,0.66364334314056,0.66364334314056,0.644062301602886
1.80673694737704,1.9113399222731,1,1,1,-0.0233141150191926,0.131898726972982,0,-1.80569044191887,1,6,496,1.94214979907454,1.94214979907454,-0.175247475102554,1.94214979907454,1.94214979907454,-0.175247475102554,0.700934128621384,0.700934128621384,0.700879906735966,0.654602593687277,0.654602593687277,0.654558467942064
4.67672160682294,6.23304071485873,0,1,1,0.468941858051154,0.134877966115047,0,0.814987616175921,1,5,497,5.52674893344058,5.52674893344058,3.40855686769725,5.52674893344058,5.52674893344058,3.40855686769725,0.429361199727458,0.429361199727458,0.404099312716796,0.446942007576907,0.446942007576907,0.427769487492144
5.82944280032798,7.36732122052904,0,0,0,1.69299756080257,1.19066782442535,0,0.814987616175921,1,5,497,6.91245813151038,10.4301479996322,6.91245813151038,6.91245813151038,10.4301479996322,6.91245813151038,0.342193297943781,0.668629556618839,0.342193297943781,0.379886552172328,0.628663220782578,0.379886552172328
2.38721687687583,2.41394007132018,1,0,1,-0.499615468233033,-1.05660659518328,0,0.814987616175921,1,5,497,3.49637515081535,3.49637515081535,0.27995765383054,3.49637515081535,3.49637515081535,0.27995765383054,0.382688061776076,0.382688061776076,0.355169996251701,0.411376481939953,0.411376481939953,0.390057778308562
7.10375491663824,5.93924670176493,1,1,1,0.802838575063876,0.097459237759918,0,0.814987616175921,1,5,497,6.1484298763923,6.1484298763923,4.03893157336756,6.1484298763923,6.1484298763923,4.03893157336756,0.479447181188259,0.479447181188259,0.404495398811517,0.484607825822563,0.484607825822563,0.428071387009583
4.774936651856,6.7112129976179,0,1,1,-0.0514055852661686,-0.19939966259249,0,0.814987616175921,1,5,497,4.17334457779706,4.17334457779706,2.03358435235506,4.17334457779706,4.17334457779706,2.03358435235506,0.403417934073528,0.403417934073528,0.403117186829708,0.427250029534167,0.427250029534167,0.427020707841958
7.14348929404755,8.10132552918308,0,0,1,-0.855038941468556,-2.60471080238778,0,0.283823796455318,1,4,498,7.4891737313164,7.4891737313164,-1.39534463275921,7.4891737313164,7.4891737313164,-1.39534463275921,0.254540675543999,0.254540675543999,0.193868797152715,0.308354461178223,0.308354461178223,0.254474959760939
1.83190350697943,0.992426038081502,1,0,0,-0.670930700016231,0.214822084332855,0,0.283823796455318,1,4,498,1.79240473686608,3.9385532647832,1.79240473686608,1.79240473686608,3.9385532647832,1.79240473686608,0.464381406294657,0.517444591376195,0.464381406294657,0.473310455984564,0.513063402001704,0.473310455984564
3.93130941849868,4.9881974943467,0,0,1,-0.438178821408931,-1.77951971782849,0,0.283823796455318,1,4,498,5.53025711805972,5.53025711805972,0.26356669191934,5.53025711805972,5.53025711805972,0.26356669191934,0.344713773937303,0.344713773937303,0.324430388980965,0.381868700030742,0.381868700030742,0.365819624818649
6.85995092812227,3.34595096114632,1,0,1,-1.0036980615418,0.455449235580264,0,0.283823796455318,1,4,498,3.674931171253,3.674931171253,1.36749716506235,3.674931171253,3.674931171253,1.36749716506235,0.57506232366817,0.57506232366817,0.456812469672019,0.556404160294763,0.556404160294763,0.467626527433218
1.8433310510296,-1.56977772755756,1,1,0,0.260450859219047,-1.08539247431944,0,-0.963922108667581,1,5,499,1.5063634125405,4.78444023584977,1.5063634125405,1.5063634125405,4.78444023584977,1.5063634125405,0.557900154286495,0.565789300773923,0.557900154286495,0.543443711449293,0.549394263670922,0.543443711449293
9.46270175163631,3.86806757862829,1,0,1,1.02708206608587,0.175681773005301,0,-0.963922108667581,1,5,499,6.43156415896518,6.43156415896518,4.3007000735989,6.43156415896518,6.43156415896518,4.3007000735989,0.721201730755299,0.721201730755299,0.610540839638398,0.671254013939432,0.671254013939432,0.583422991540653
10.498521229536,7.26023341878615,0,0,1,0.945944172213979,-0.92975142618088,1,-0.963922108667581,1,5,499,8.9974288011543,8.9974288011543,3.03299108666892,8.9974288011543,8.9974288011543,3.03299108666892,0.767171797839031,0.767171797839031,0.572465904002798,0.710399898729791,0.710399898729791,0.554439587927906
8.90009205051237,6.6620877523076,1,0,1,0.320321656455962,1.22943957022514,0,-0.963922108667581,1,5,499,7.55245870839429,7.55245870839429,3.94093705155891,7.55245870839429,7.55245870839429,3.94093705155891,0.554311951945131,0.554311951945131,0.542310415625951,0.540740816861811,0.540740816861811,0.531714448505682
5.91253057976486,2.19920392970143,1,0,1,0.172061500421129,-0.00228709426484852,0,-0.963922108667581,1,5,499,4.51269530579943,4.51269530579943,2.41269007499925,4.51269530579943,4.51269530579943,2.41269007499925,0.615250866405294,0.615250866405294,0.611928865812178,0.58703879756783,0.58703879756783,0.584487755586889
2.54469572177384,1.51485306873523,1,1,1,-0.47120906089764,-0.577730565990472,0,-1.4580646140867,1,4,500,1.78767150024213,1.78767150024213,-0.646101106637537,1.78767150024213,1.78767150024213,-0.646101106637537,0.675162847434569,0.675162847434569,0.651640862841526,0.633856224000072,0.633856224000072,0.615270236205037
4.24562910107441,1.89336166442905,1,1,1,0.285908720730146,-0.280694652600229,0,-1.4580646140867,1,4,500,3.34395985800664,3.34395985800664,1.16517037000828,3.34395985800664,3.34395985800664,1.16517037000828,0.671161322019431,0.671161322019431,0.662541716891235,0.63067265233345,0.63067265233345,0.623846151250018
1.2643950561142,-0.486263532898599,0,0,0,0.338004315736873,-0.582546615730684,0,-1.4580646140867,1,4,500,0.967509596891278,3.40687015639055,0.967509596891278,0.967509596891278,3.40687015639055,0.967509596891278,0.651400215170142,0.663603840021924,0.651400215170142,0.615081597801418,0.624685094671104,0.615081597801418
8.55854759745684,4.38265446089861,1,1,1,0.313874581731461,0.230133391285159,1,-1.4580646140867,1,4,500,6.8848915136807,6.8848915136807,1.7319301358963,6.8848915136807,6.8848915136807,1.7319301358963,0.769085982835888,0.769085982835888,0.663636971815721,0.712078870695286,0.712078870695286,0.624711274493995
