"Y1","Y2","Y3","Y4","A","X1","X2","X3","X4","X5","X6M","GP","g1A","g11","g10","g2A","g21","g20","g3A","g31","g30","g4A","g41","g40"
0.495389538505545,2.14436706058082,0,1,0,-0.342176593342376,0.0106790984961028,0,-0.888101106880814,1,52,1,1.53760233576842,3.63771637891311,1.53760233576842,1.53760233576842,3.63771637891311,1.53760233576842,0.603371311614838,0.616551426506358,0.603371311614838,0.577933415509345,0.58803859189371,0.577933415509345
5.53445988522321,8.35869386224194,1,1,1,-0.246397177587575,0.219249430829173,1,-0.888101106880814,1,52,1,7.08580181253001,7.08580181253001,1.9377314996111,7.08580181253001,7.08580181253001,1.9377314996111,0.713775311740064,0.713775311740064,0.6011977092547,0.665114953307673,0.665114953307673,0.576272384599749
2.38543302615862,2.15601440577931,0,1,0,0.0123887743313913,-0.0196643084045917,0,-0.888101106880814,1,52,1,2.21638966421526,4.31677634924029,2.21638966421526,2.21638966421526,4.31677634924029,2.21638966421526,0.603358965118745,0.603376341004333,0.603358965118745,0.577923976351916,0.577937260597765,0.577923976351916
11.9776393735057,11.7636305727931,1,1,1,1.51601094661421,0.98362559859194,1,-0.888101106880814,1,52,1,12.2944432339828,12.2944432339828,6.22692391577743,12.2944432339828,12.2944432339828,6.22692391577743,0.859649523721938,0.859649523721938,0.558878895170922,0.797985432167651,0.797985432167651,0.544181343215961
2.70715544050796,2.41616141928407,0,0,0,-0.184191896084814,-0.501014517683726,0,-0.888101106880814,1,52,1,1.34187811410372,3.69289366103357,1.34187811410372,1.34187811410372,3.69289366103357,1.34187811410372,0.591958023835582,0.595827479396486,0.591958023835582,0.569227373662942,0.572174702588247,0.569227373662942
5.70759954266306,9.9698255706161,0,0,0,0.943093527880868,2.46229350910545,0,-0.888101106880814,1,52,1,6.55975698882426,14.7226463138071,6.55975698882426,6.55975698882426,14.7226463138071,6.55975698882426,0.325831487219685,0.424127522804268,0.325831487219685,0.366935738329117,0.442982528321118,0.366935738329117
5.42200985316117,5.0399709609193,0,1,0,1.38351326460741,0.112107023458224,0,-0.888101106880814,1,52,1,5.09040997663013,7.20297796133879,5.09040997663013,5.09040997663013,7.20297796133879,5.09040997663013,0.602807211140653,0.790627271190484,0.602807211140653,0.57750219768373,0.731293265644306,0.57750219768373
3.02911794049306,2.257733088537,1,1,0,-0.211794312838089,0.81976867768557,0,-0.888101106880814,1,52,1,2.60745647596646,5.37947716088081,2.60745647596646,2.60745647596646,5.37947716088081,2.60745647596646,0.572598423462118,0.577778397220702,0.572598423462118,0.554539822874426,0.558460874741217,0.554539822874426
10.9751108007591,12.8858094959272,1,1,1,1.54918948296122,-1.99520866412186,1,-0.888101106880814,1,52,1,12.3953043391446,12.3953043391446,3.31444672575766,12.3953043391446,12.3953043391446,3.31444672575766,0.78245371354701,0.78245371354701,0.41760556239325,0.723930673436548,0.723930673436548,0.43803973171531
8.24964830644195,8.11877261919054,1,1,1,1.45599322549577,1.07834149515385,0,-0.888101106880814,1,52,1,9.4644247502731,9.4644247502731,6.20160437010246,9.4644247502731,9.4644247502731,6.20160437010246,0.769722696924295,0.769722696924295,0.549762856592691,0.712638321080318,0.712638321080318,0.537317027541123
0.299054456607528,2.22798071119259,1,0,1,-1.1088966101155,-0.352201074968186,0,-0.888101106880814,1,52,1,1.86532772596663,1.86532772596663,-0.358717871242118,1.86532772596663,1.86532772596663,-0.358717871242118,0.727074560653419,0.727074560653419,0.597746386771501,0.676141692076394,0.676141692076394,0.573637913266523
5.54075436560465,4.53607434122846,0,1,1,0.364535773689533,-1.24839192827556,0,-0.888101106880814,1,52,1,5.35043844964415,5.35043844964415,1.69195604306058,5.35043844964415,5.35043844964415,1.69195604306058,0.54679423637163,0.54679423637163,0.531202793220699,0.53508438864414,0.53508438864414,0.523376282493849
1.45606000509637,2.03030891752859,0,1,0,-0.996891943017055,0.952225217254763,0,-0.888101106880814,1,52,1,1.16971775517772,4.1764506195536,1.16971775517772,1.16971775517772,4.1764506195536,1.16971775517772,0.561708797730891,0.672303490217014,0.561708797730891,0.546315049846047,0.631580389644199,0.546315049846047
7.36579550816926,9.80619992217241,0,1,1,-0.169482986378296,1.00389661310316,1,-0.888101106880814,1,52,1,8.98401547410365,8.98401547410365,2.87620706430364,8.98401547410365,8.98401547410365,2.87620706430364,0.671727954637812,0.671727954637812,0.557001222745608,0.631122888200523,0.631122888200523,0.542766371459413
1.40642707975968,0.213815117111142,0,1,0,-1.15125009056406,-0.357034773344056,1,-0.888101106880814,1,52,1,-0.448258530515099,4.77921529886174,-0.448258530515099,-0.448258530515099,4.77921529886174,-0.448258530515099,0.597590432200765,0.818237944488177,0.597590432200765,0.573518953970301,0.756904981871229,0.573518953970301
1.81001842189469,2.69196220657378,1,0,0,0.100421449559444,0.238151071827936,0,-0.888101106880814,1,52,1,2.6502703949039,4.80698632791669,2.6502703949039,2.6502703949039,4.80698632791669,2.6502703949039,0.600805441862011,0.601948971858316,0.600805441862011,0.575972776183214,0.576846320912789,0.575972776183214
1.76311637214673,3.18488902485498,1,1,1,-0.501092494690326,-0.432998389853999,0,-0.888101106880814,1,52,1,3.06358065033858,3.06358065033858,0.776093044722421,3.06358065033858,3.06358065033858,0.776093044722421,0.623139467690341,0.623139467690341,0.594857306763049,0.593112633915472,0.593112633915472,0.571435331168863
-0.499628182931576,0.108018158161428,1,1,0,-0.719433321693519,0.807551001379286,0,-0.888101106880814,1,52,1,1.57996078194932,4.33209940177801,1.57996078194932,1.57996078194932,4.33209940177801,1.57996078194932,0.573517938617858,0.632063656980061,0.573517938617858,0.555235429191751,0.600012781345718,0.555235429191751
0.998764360178494,1.65709014403147,0,1,0,-0.0676499639650132,-0.507276106780546,0,-0.888101106880814,1,52,1,1.5687003892465,3.92602943775693,1.5687003892465,1.5687003892465,3.92602943775693,1.5687003892465,0.591669551824032,0.592192274843491,0.591669551824032,0.569007815545269,0.569405680730226,0.569007815545269
-0.382551430569945,1.15784536367451,0,1,0,0.221721096852972,-0.447304894385374,0,-0.888101106880814,1,52,1,2.20741372327764,4.50749539181875,2.20741372327764,2.20741372327764,4.50749539181875,2.20741372327764,0.59428303444902,0.599876411454327,0.59428303444902,0.570997803748552,0.575263383214048,0.570997803748552
6.84418342543839,6.83146257110529,1,0,1,-0.0324129089802648,-2.12301115079029,0,-0.888101106880814,1,52,1,6.63061580158616,6.63061580158616,0.0234394552062529,6.63061580158616,6.63061580158616,0.0234394552062529,0.393726828832026,0.393726828832026,0.39360818394226,0.419846698677473,0.419846698677473,0.419755879472196
1.31667844775712,1.83600430509095,0,1,0,-0.330320625383807,-0.301885238498829,1,-0.888101106880814,1,52,1,1.24874993469063,6.43988463191412,1.24874993469063,1.24874993469063,6.43988463191412,1.24874993469063,0.599242581657988,0.716799979534535,0.599242581657988,0.574779551097172,0.667609832494437,0.574779551097172
0.725005610284079,3.02098168883765,0,1,1,-1.08375348870507,-1.0113906443588,0,-0.888101106880814,1,52,1,2.15528983768465,2.15528983768465,-0.967621197811858,2.15528983768465,2.15528983768465,-0.967621197811858,0.686197802684488,0.686197802684488,0.556296962328202,0.642686080005922,0.642686080005922,0.542235809385857
2.36396282733325,4.22812144026721,0,1,0,-0.805826054362481,1.49484115966667,1,-0.888101106880814,1,52,1,2.09446547489878,9.42901556753238,2.09446547489878,2.09446547489878,9.42901556753238,2.09446547489878,0.499325044168493,0.68519174541065,0.499325044168493,0.499494653389834,0.641877874607021,0.499494653389834
7.55477264764918,8.62449702348215,1,1,1,1.68091397832871,-0.129355577690593,0,-0.888101106880814,1,52,1,7.56048166840357,7.56048166840357,5.44374880292391,7.56048166840357,7.56048166840357,5.44374880292391,0.854151409917784,0.854151409917784,0.602618504907448,0.792310299897226,0.792310299897226,0.577357966409823
0.359889087048771,2.30711787621672,1,1,0,-0.086047428613516,0.174217956341305,0,-0.888101106880814,1,52,1,2.21339952307134,4.34375141938309,2.21339952307134,2.21339952307134,4.34375141938309,2.21339952307134,0.602001238460991,0.60284012455441,0.602001238460991,0.576886257123841,0.577527355087737,0.576886257123841
0.630770356755301,0.928018308806856,1,0,0,-1.52081405036945,1.50467359070562,0,-0.888101106880814,1,52,1,0.674321913923788,5.03836452849072,0.674321913923788,0.674321913923788,5.03836452849072,0.674321913923788,0.497932745938786,0.748063622695212,0.497932745938786,0.498452228153512,0.693868315966303,0.498452228153512
-1.81497037680391,2.15455604711818,1,0,0,-0.426136328905562,-1.07494568535384,1,-0.888101106880814,1,52,1,0.284058080792102,6.53956630725295,0.284058080792102,0.284058080792102,6.53956630725295,0.284058080792102,0.550104776210631,0.681474834939601,0.550104776210631,0.537574258941727,0.638897568766176,0.537574258941727
1.19457300227523,3.94748467496327,1,0,0,-0.0941778453588687,0.6046026950632,1,-0.888101106880814,1,52,1,2.62752342830253,8.09306784718022,2.62752342830253,2.62752342830253,8.09306784718022,2.62752342830253,0.586715841950155,0.696072614926611,0.586715841950155,0.565241027285876,0.650654697203665,0.565241027285876
7.32912963774357,8.28310214952363,1,1,1,1.33352406652717,-0.749209387447075,0,-0.888101106880814,1,52,1,6.79042987580316,6.79042987580316,4.12911516956434,6.79042987580316,6.79042987580316,4.12911516956434,0.761037193884371,0.761037193884371,0.577712162662309,0.70504811442799,0.70504811442799,0.558410699385695
5.17562445022342,7.50429684052551,1,1,1,0.846018231577622,-1.0447855781689,0,-0.888101106880814,1,52,1,6.05010421329314,6.05010421329314,2.85852730894342,6.05010421329314,6.05010421329314,2.85852730894342,0.634526532701356,0.634526532701356,0.553092280700104,0.601922813172046,0.601922813172046,0.539822544216777
5.26073094228357,5.47024993189221,0,1,0,1.48197395379223,0.124279544206114,0,-0.888101106880814,1,52,1,5.29950387574764,7.41494928085572,5.29950387574764,5.29950387574764,7.41494928085572,5.29950387574764,0.602676841451429,0.812118280064434,0.602676841451429,0.577402552799512,0.751121746532503,0.577402552799512
1.40287437498193,3.35577919856125,0,1,1,0.00362780206266721,-0.590284638045305,0,-0.888101106880814,1,52,1,4.07668334394938,4.07668334394938,1.6282473900371,4.07668334394938,4.07668334394938,1.6282473900371,0.587501654116284,0.587501654116284,0.587500146177787,0.565838121348963,0.565838121348963,0.565836975397506
6.6679651030462,5.51605614786548,1,1,1,1.19464021857762,0.0176171751027097,0,-0.888101106880814,1,52,1,6.71848440107362,6.71848440107362,4.61817403621502,6.71848440107362,6.71848440107362,4.61817403621502,0.749841421729857,0.749841421729857,0.603362421264534,0.695389678770682,0.695389678770682,0.57792661864364
4.31822192723588,7.26868352749538,1,1,1,0.619714229772353,-0.253119273194786,0,-0.888101106880814,1,52,1,5.36165497676965,5.36165497676965,3.19758561030699,5.36165497676965,5.36165497676965,3.19758561030699,0.643196125187464,0.643196125187464,0.600471706210773,0.608667337248731,0.608667337248731,0.575717910617426
0.971734310429314,0.00328048947913873,1,1,1,-1.89568594555555,-0.154174417507778,0,-0.888101106880814,1,52,1,0.389499866352051,0.389499866352051,-1.73426988466181,0.389499866352051,0.389499866352051,-1.73426988466181,0.894704183392935,0.894704183392935,0.602299605150038,0.836211320572163,0.836211320572163,0.577114251362956
7.9386506708813,9.02773509926589,0,1,1,0.137934685203884,0.649993449155873,1,-0.888101106880814,1,52,1,8.65963072746626,8.65963072746626,3.13713924352071,8.65963072746626,8.65963072746626,3.13713924352071,0.694801003653528,0.694801003653528,0.584102212533888,0.649624819361745,0.649624819361745,0.563256223644274
3.59616256594477,4.24967641807064,1,0,1,-2.16044424598148,0.193855344475185,1,-0.888101106880814,1,52,1,3.2218231710509,3.2218231710509,-1.9157567235307,3.2218231710509,3.2218231710509,-1.9157567235307,0.959170782384138,0.959170782384138,0.601673512182137,0.921123795084661,0.921123795084661,0.576635859852591
1.10294008086681,1.39290698455383,0,0,0,0.287839097534861,-0.776236869348576,0,-0.888101106880814,1,52,1,2.01071774967822,4.7132614270143,2.01071774967822,2.01071774967822,4.7132614270143,2.01071774967822,0.575809506923435,0.585345465514385,0.575809506923435,0.556969789586397,0.564200138780094,0.556969789586397
1.72566345383441,4.5647487122588,0,0,0,0.184684695969904,0.441375829513752,0,-0.888101106880814,1,52,1,3.02202164541063,5.31683426828959,3.02202164541063,3.02202164541063,5.31683426828959,3.02202164541063,0.594523325844058,0.598405986005923,0.594523325844058,0.571180865852077,0.5741411232778,0.571180865852077
6.06368070611339,7.17669106022788,1,0,0,1.2824611672812,1.37054966513784,0,-0.888101106880814,1,52,1,6.14674842365731,10.1251548082667,6.14674842365731,6.14674842365731,10.1251548082667,6.14674842365731,0.51613285774209,0.699152690468756,0.51613285774209,0.512080767556594,0.65315397469232,0.512080767556594
9.4488230073933,10.9271803333187,1,1,1,2.34540960948292,-1.80185055900512,0,-0.888101106880814,1,52,1,10.4469105209049,10.4469105209049,5.10024508391779,10.4469105209049,10.4469105209049,5.10024508391779,0.919984327714924,0.919984327714924,0.451688142759124,0.866596995965526,0.866596995965526,0.463774387556867
-3.19106317837858,-0.738555698638726,0,1,0,-1.72269207512248,-0.82105958313366,0,-0.888101106880814,1,52,1,-2.05516730942155,0.718971529634067,-2.05516730942155,-2.05516730942155,0.718971529634067,-2.05516730942155,0.572500433779671,0.846713790233273,0.572500433779671,0.554465705165731,0.784750385658184,0.554465705165731
2.1881964620034,1.35614208336724,1,0,0,-0.847365328309181,0.215866973921047,0,-0.888101106880814,1,52,1,0.732412741259757,2.87901129168959,0.732412741259757,0.732412741259757,2.87901129168959,0.732412741259757,0.601264473456544,0.679408659857551,0.601264473456544,0.576323382883218,0.637244630606658,0.576323382883218
1.26673178592411,4.06387971691372,0,1,0,0.702734781250017,-1.10774512274602,0,-0.888101106880814,1,52,1,2.50900086371109,5.83610012067868,2.50900086371109,2.50900086371109,5.83610012067868,2.50900086371109,0.54675525428884,0.60371566071497,0.54675525428884,0.535055079166309,0.578196697049019,0.535055079166309
-0.193774442233712,2.55950414936913,1,0,0,-0.716727802116187,-1.00539458072778,0,-0.888101106880814,1,52,1,-0.227573761003083,2.88324450195371,-0.227573761003083,-0.227573761003083,2.88324450195371,-0.227573761003083,0.556860885639025,0.61569303500858,0.556860885639025,0.542660640440373,0.587378642851576,0.542660640440373
5.60689544778501,5.75697495859921,1,0,0,1.21748147559218,0.478361187348642,0,-0.888101106880814,1,52,1,5.12460056249008,7.45342998805168,5.12460056249008,5.12460056249008,7.45342998805168,5.12460056249008,0.592971256170007,0.746572071463639,0.592971256170007,0.569998735140014,0.692594424351293,0.569998735140014
10.408044136533,10.5373309879851,1,1,1,0.777062596522773,-2.52708968564818,0,-0.888101106880814,1,52,1,9.72449421066384,9.72449421066384,1.23831193135444,9.72449421066384,9.72449421066384,1.23831193135444,0.3770444915554,0.3770444915554,0.312481979957066,0.407029264344071,0.407029264344071,0.356252333558749
4.23673323969805,6.76452131716698,0,1,0,0.945369528656653,2.26637015038794,0,-0.888101106880814,1,52,1,6.36838563165832,13.6048192902278,6.36838563165832,6.36838563165832,13.6048192902278,6.36838563165832,0.36555530535116,0.467851865312336,0.36555530535116,0.398140692958077,0.475914560499559,0.398140692958077
2.25688532442278,2.78806910170086,1,1,0,-0.160433696064431,0.567900752338039,0,-0.888101106880814,1,52,1,2.45830978416625,4.88082104867236,2.45830978416625,2.45830978416625,4.88082104867236,2.45830978416625,0.588687805500401,0.591631404734005,0.588687805500401,0.566739717688971,0.568978783241692,0.566739717688971
1.44642003132801,4.67416167117044,1,1,1,-0.237089511018178,-0.654908898129614,0,-0.888101106880814,1,52,1,3.61109416864045,3.61109416864045,1.0821885037911,3.61109416864045,3.61109416864045,1.0821885037911,0.5902500549304,0.5902500549304,0.583807543360684,0.567927759196042,0.567927759196042,0.563032559093066
3.24001590533238,4.59104627295256,1,1,0,0.626773079321578,0.616870224105314,1,-0.888101106880814,1,52,1,4.08169280670554,9.56222168009328,4.08169280670554,4.08169280670554,9.56222168009328,4.08169280670554,0.586028564080945,0.732773486350341,0.586028564080945,0.564718935365611,0.680913732786533,0.564718935365611
6.66726163637667,6.57323137513578,1,0,1,1.21041609549724,-0.605735625107498,0,-2.01197877957148,1,45,2,3.23395360396539,3.23395360396539,0.767037956441015,3.23395360396539,3.23395360396539,0.767037956441015,0.829969443819708,0.829969443819708,0.707471424339713,0.768180641019823,0.768180641019823,0.659938577104516
-4.84211566335028,-0.981672286982507,1,0,0,-1.68936904175971,-0.435034312073289,0,-2.01197877957148,1,45,2,-4.86183100503867,-2.5725761523576,-4.86183100503867,-4.86183100503867,-2.5725761523576,-4.86183100503867,0.714426186881628,0.90847167218369,0.714426186881628,0.665651199837085,0.852405034392595,0.665651199837085
2.70842498936811,8.18539923930729,1,1,1,0.662876834767186,0.00701078357930179,0,-2.01197877957148,1,45,2,2.38475499475411,2.38475499475411,0.284705843667716,2.38475499475411,2.38475499475411,0.284705843667716,0.761863327916059,0.761863327916059,0.721727156981872,0.705766297711625,0.705766297711625,0.671690094889777
2.9482906702962,4.10190997123224,0,1,1,0.193669311065582,0.105983253095944,0,-2.01197877957148,1,45,2,1.55649571571795,1.55649571571795,-0.554736734218848,1.55649571571795,1.55649571571795,-0.554736734218848,0.724879218807133,0.724879218807133,0.721298692642977,0.674311119710325,0.674311119710325,0.671334470508336
0.564947878938651,3.35446352333103,0,1,0,-0.779651162304884,1.91567555585311,0,-2.01197877957148,1,45,2,-0.69168537820262,5.07812745709049,-0.69168537820262,-0.69168537820262,5.07812745709049,-0.69168537820262,0.563876335852934,0.632843221390086,0.563876335852934,0.547950320508298,0.600617079383401,0.547950320508298
-5.78833616021159,-0.888615931829197,1,1,0,-0.922589843647698,-1.60549535807613,0,-2.01197877957148,1,45,2,-4.49873365481749,0.178881689986523,-4.49873365481749,-4.49873365481749,0.178881689986523,-4.49873365481749,0.613839089127944,0.70419901565912,0.613839089127944,0.585954187881824,0.657263532084464,0.585954187881824
2.71056882909157,6.10928864468639,1,1,1,1.01931086112654,0.178620729154092,0,-2.01197877957148,1,45,2,3.30108920684476,3.30108920684476,1.16918384196122,3.30108920684476,3.30108920684476,1.16918384196122,0.809165186239624,0.809165186239624,0.720505632602648,0.748353818522803,0.748353818522803,0.670676641961599
-2.2161405662754,-0.611644738429975,1,0,0,-1.04509381715271,-0.361776738696006,1,-2.01197877957148,1,45,2,-3.50002298244738,1.73085942621414,-3.50002298244738,-3.50002298244738,1.73085942621414,-3.50002298244738,0.716690364031714,0.873798533841265,0.716690364031714,0.667519287040606,0.812960066755946,0.667519287040606
0.540905861293572,5.40006590850689,0,1,1,-0.345341483807833,-0.411167463161026,0,-2.01197877957148,1,45,2,0.119149642539624,0.119149642539624,-2.14990904022265,0.119149642539624,0.119149642539624,-2.14990904022265,0.726646723074413,0.726646723074413,0.715210742624639,0.675784610741117,0.675784610741117,0.666298036880781
-0.349867371821256,2.3321057395071,1,0,1,-0.519207401315679,-0.483168071041665,0,-2.01197877957148,1,45,2,-0.236190098244856,-0.236190098244856,-2.56964148311898,-0.236190098244856,-0.236190098244856,-2.56964148311898,0.738292343830822,0.738292343830822,0.71270496484386,0.685563471478349,0.685563471478349,0.664233846663239
-1.16931715760581,1.32533530852017,1,1,0,-0.585733526291985,0.0627955449717069,0,-2.01197877957148,1,45,2,-2.15673011705822,-0.0527868365899286,-2.15673011705822,-2.15673011705822,-0.0527868365899286,-2.15673011705822,0.721578005743363,0.753264197844668,0.721578005743363,0.671566282064711,0.698328066340785,0.671566282064711
-0.823345944687773,3.35805411563226,1,1,1,-1.3118807033919,0.871772026800608,0,-2.01197877957148,1,45,2,0.059938477282895,0.059938477282895,-2.80004798942915,0.059938477282895,0.059938477282895,-2.80004798942915,0.836591271482376,0.836591271482376,0.691752461116497,0.774662851897742,0.774662851897742,0.64716036227282
7.16524726706027,7.93812100360651,1,0,1,0.131683648449634,0.577853011264497,1,-2.01197877957148,1,45,2,5.22707580134526,5.22707580134526,-0.206838301282193,5.22707580134526,5.22707580134526,-0.206838301282193,0.79835894055536,0.79835894055536,0.708770495082499,0.738345117261328,0.738345117261328,0.661002765803152
-2.29407840979669,1.51725823038309,1,1,0,-0.7289663225501,-0.121055943859714,0,-2.01197877957148,1,45,2,-2.62704719840587,-0.512392656862105,-2.62704719840587,-2.62704719840587,-0.512392656862105,-2.62704719840587,0.721167504923935,0.76926555649869,0.721167504923935,0.671225616091811,0.712236603990788,0.671225616091811
0.327600753435172,4.45728081249787,1,1,1,-0.0526938218704969,0.0600945772047688,0,-2.01197877957148,1,45,2,1.01025968222724,1.01025968222724,-1.09335167598218,1.01025968222724,1.01025968222724,-1.09335167598218,0.721856554730291,0.721856554730291,0.721590720720018,0.671797525320516,0.671797525320516,0.671576836234306
1.73667062917459,4.91313715009585,1,1,1,-0.185979186694334,-1.46346481373773,0,-2.01197877957148,1,45,2,1.35824746447606,1.35824746447606,-2.88348179657236,1.35824746447606,1.35824746447606,-2.88348179657236,0.637012390130089,0.637012390130089,0.633214897310555,0.603853296069571,0.603853296069571,0.600905282801958
3.94775341065282,6.73491911275448,1,0,1,0.698709213951011,0.0807805955160467,0,-2.01197877957148,1,45,2,2.53666591858404,2.53666591858404,0.43014041397211,2.53666591858404,2.53666591858404,0.43014041397211,0.765852489482884,0.765852489482884,0.721479076564371,0.709245241840766,0.709245241840766,0.671484169776996
6.16659665516087,9.33018102692135,1,1,1,0.317074646596183,1.14134266605192,0,-2.01197877957148,1,45,2,4.13009643114882,4.13009643114882,0.727433349798324,4.13009643114882,4.13009643114882,0.727433349798324,0.679818313945542,0.679818313945542,0.669337723121796,0.637572142360412,0.637572142360412,0.629224913790013
6.58523679214951,9.65822348594144,1,0,1,-0.552951777841358,1.93323082974375,0,-2.01197877957148,1,45,2,5.61665010568681,5.61665010568681,-0.220731335384919,5.61665010568681,5.61665010568681,-0.220731335384919,0.595959621172795,0.595959621172795,0.560733692292293,0.572275429250284,0.572275429250284,0.545579673778131
-1.37961733219949,0.998186902021066,1,0,0,-0.363756301109339,-0.193151136877045,1,-2.01197877957148,1,45,2,-1.96872234854168,3.16858501313522,-1.96872234854168,-1.96872234854168,3.16858501313522,-1.96872234854168,0.720298181562394,0.815852681771509,0.720298181562394,0.670504652592756,0.75464312174299,0.670504652592756
3.7536349053379,6.54865540845733,1,1,1,-0.203160511837018,-0.578106393546727,1,-2.01197877957148,1,45,2,3.40172097559288,3.40172097559288,-2.03248602666672,3.40172097559288,3.40172097559288,-2.03248602666672,0.80019582151124,0.80019582151124,0.708758979732445,0.740033557600224,0.740033557600224,0.660993326817569
3.57703298114702,6.73439455668597,1,1,1,0.893108187664488,0.446215769621183,0,-2.01197877957148,1,45,2,3.48348204856283,3.48348204856283,1.1843735355042,3.48348204856283,3.48348204856283,1.1843735355042,0.785236596089314,0.785236596089314,0.714042953039177,0.726427152942207,0.726427152942207,0.665335417926269
-3.0053457818019,1.22105703556181,0,1,0,-1.08484341670231,1.44305947391555,0,-2.01197877957148,1,45,2,-1.77468596893502,2.40773467632239,-1.77468596893502,-1.77468596893502,2.40773467632239,-1.77468596893502,0.635821259145699,0.753478364332654,0.635821259145699,0.602927946866629,0.698512337690625,0.602927946866629
3.72950967826773,5.096406524225,1,1,1,0.268057424787369,0.573765962682282,0,-2.01197877957148,1,45,2,2.49102958274379,2.49102958274379,0.0618222028110623,2.49102958274379,2.49102958274379,0.0618222028110623,0.715966618113985,0.715966618113985,0.708955504644314,0.666921699033068,0.666921699033068,0.661154429810569
3.91371240971408,5.11672470188445,1,1,1,-0.693322106340387,0.730958557234444,1,-2.01197877957148,1,45,2,3.93055614750197,3.93055614750197,-1.70374426489229,3.93055614750197,3.93055614750197,-1.70374426489229,0.826442222078643,0.826442222078643,0.700832726221785,0.764763269656493,0.764763269656493,0.654520074201718
8.90857124447841,10.3157184141989,1,1,1,2.1611911645977,1.15235600076423,0,-2.01197877957148,1,45,2,7.85460407301099,7.85460407301099,4.42667972051366,7.85460407301099,7.85460407301099,4.42667972051366,0.950939701059831,0.950939701059831,0.668275204093196,0.908655809048247,0.908655809048247,0.628382267805008
9.97983894304239,12.3535889506561,1,1,1,1.18564725611749,0.968269011414505,1,-2.01197877957148,1,45,2,8.32904979266916,8.32904979266916,2.29150491420353,8.32904979266916,8.32904979266916,2.29150491420353,0.87330847132728,0.87330847132728,0.68450696484965,0.812431904406206,0.812431904406206,0.641328137943426
3.40631672787255,5.19548563748854,1,1,1,0.197990348214443,0.633996155466585,0,-2.01197877957148,1,45,2,2.48386936759592,2.48386936759592,-0.0180817575504875,2.48386936759592,2.48386936759592,-0.0180817575504875,0.709947147481245,0.709947147481245,0.706088733463446,0.661967793528617,0.661967793528617,0.658807303600505
3.7849433657571,6.69619057264247,1,1,1,1.03977474279663,-0.0361167568426653,0,-2.01197877957148,1,45,2,3.09667853942946,3.09667853942946,0.99537411930463,3.09667853942946,3.09667853942946,0.99537411930463,0.813175512006,0.813175512006,0.721679083359781,0.752116248238169,0.752116248238169,0.67165018614749
-0.115020017351965,4.3358601299564,0,1,0,-0.19739972133372,1.55540234943409,0,-2.01197877957148,1,45,2,0.112544297320689,4.63182076594576,0.112544297320689,0.112544297320689,4.63182076594576,0.112544297320689,0.6209208367656,0.625253723462043,0.6209208367656,0.59140205414961,0.594744501114035,0.59140205414961
-0.40701989456645,2.08374713352185,1,1,0,0.128338568505672,-0.624748862348556,0,-2.01197877957148,1,45,2,-1.41613033478317,1.07418080622264,-1.41613033478317,-1.41613033478317,1.07418080622264,-1.41613033478317,0.706548516061458,0.708171777926946,0.706548516061458,0.65918332186094,0.660512140375972,0.65918332186094
2.24175876109257,5.04766117559436,1,1,1,-1.85158830748258,-0.0320487779679078,1,-2.01197877957148,1,45,2,0.31774312179022,0.31774312179022,-4.78328400237902,0.31774312179022,0.31774312179022,-4.78328400237902,0.95717630356496,0.95717630356496,0.72168970351303,0.918039811667346,0.918039811667346,0.671659002392835
1.67520690553789,5.00724883419066,1,1,1,-0.181168853099474,-0.520016613826114,0,-2.01197877957148,1,45,2,0.440004349184158,0.440004349184158,-1.93041292947102,0.440004349184158,0.440004349184158,-1.93041292947102,0.714460901649485,0.714460901649485,0.71126079030944,0.665679810383893,0.665679810383893,0.663046446690266
0.217270131577725,4.20899806925507,1,0,0,0.075578390016007,1.57960302438832,0,-2.01197877957148,1,45,2,0.68270119497438,5.27784690963112,0.68270119497438,0.68270119497438,5.27784690963112,0.68270119497438,0.617533500148182,0.618171913629641,0.617533500148182,0.588793956605236,0.589285182420655,0.588793956605236
17.2161492655506,17.601341616321,1,1,1,2.40940526713554,2.45587954099433,0,-2.01197877957148,1,45,2,14.357975785694,14.357975785694,6.22663146581947,14.357975785694,14.357975785694,6.22663146581947,0.930632083785995,0.930632083785995,0.452858839159897,0.88034577950472,0.88034577950472,0.464654753091597
2.0942181874276,5.79328875386991,1,1,1,-0.161586070762705,-0.926968403350011,0,-2.01197877957148,1,45,2,0.661071266487891,0.661071266487891,-2.29819915432138,0.661071266487891,0.661071266487891,-2.29819915432138,0.690371528174849,0.690371528174849,0.68771190495486,0.646046095654459,0.646046095654459,0.643903662252659
-1.05613661016832,3.99619187355116,1,1,1,-0.89758966546173,-0.30028820887519,0,-2.01197877957148,1,45,2,-0.953353140855137,-0.953353140855137,-3.14352614924461,-0.953353140855137,-0.953353140855137,-3.14352614924461,0.789384086817659,0.789384086817659,0.718263241934712,0.730167453834289,0.730167453834289,0.668819472904674
-0.912066968228648,2.32737699382802,1,1,1,-0.853896738547311,-0.240116997084522,0,-2.01197877957148,1,45,2,-0.838312911336213,-0.838312911336213,-2.9959690836251,-0.838312911336213,-0.838312911336213,-2.9959690836251,0.784270252496499,0.784270252496499,0.719515922823524,0.725559077091383,0.725559077091383,0.669856437750605
0.14192530564551,2.10163889621956,1,1,1,-0.605442949275572,0.102316410230467,0,-2.01197877957148,1,45,2,-0.046159449964185,-0.046159449964185,-2.15662809776663,-0.046159449964185,-0.046159449964185,-2.15662809776663,0.755114186002034,0.755114186002034,0.721327968448921,0.699921445480503,0.699921445480503,0.67135876440879
3.12571764943275,7.92540354831528,1,1,1,-0.135272646465781,-0.0715808323541983,1,-2.01197877957148,1,45,2,3.7149390808288,3.7149390808288,-1.39018473473172,3.7149390808288,3.7149390808288,-1.39018473473172,0.808422048839329,0.808422048839329,0.72153278010492,0.747659554509664,0.747659554509664,0.671528743266954
-3.20687504894826,1.14182033204717,1,1,1,-1.55247706532211,-0.342188100918417,0,-2.01197877957148,1,45,2,-2.27810814459844,-2.27810814459844,-4.49520084100859,-2.27810814459844,-2.27810814459844,-4.49520084100859,0.890168054494328,0.890168054494328,0.717223723273705,0.831038949472459,0.831038949472459,0.667959949166218
6.34368485537952,9.75779230173932,0,1,1,1.29350676013363,0.899844081438582,0,-2.01197877957148,1,45,2,5.34851836315993,5.34851836315993,2.43879899225988,5.34851836315993,5.34851836315993,2.43879899225988,0.832066676029437,0.832066676029437,0.689731946130203,0.770224094435529,0.770224094435529,0.645530455905369
-0.792593761121031,-0.33569214115629,1,1,0,-0.804606516397611,-0.248675611015424,0,-2.01197877957148,1,45,2,-2.9059472532566,-0.744107693742709,-2.9059472532566,-2.9059472532566,-0.744107693742709,-2.9059472532566,0.719354944501677,0.777423474527326,0.719354944501677,0.669723107345977,0.719444184675201,0.669723107345977
-1.15958029065359,0.186001832892816,1,0,0,-0.378153041467706,-0.818100437451234,0,-2.01197877957148,1,45,2,-2.6224651298326,0.146823195925298,-2.6224651298326,-2.6224651298326,0.146823195925298,-2.6224651298326,0.695419213814715,0.709639599175,0.695419213814715,0.650125366649323,0.661715455151484,0.650125366649323
4.58190465411594,9.49795945242293,1,1,1,0.421184427493659,1.53155558548354,0,-2.01197877957148,1,45,2,5.77152834245075,5.77152834245075,1.3258658310249,5.77152834245075,5.77152834245075,1.3258658310249,0.643695360994637,0.643695360994637,0.62419676887798,0.609056749201705,0.609056749201705,0.593928484174032
3.39166238095593,2.35552835286289,1,0,1,-1.22104597778678,-1.21081556733262,0,0.539446034922204,1,44,3,2.62216479059555,2.62216479059555,-0.943909547499461,2.62216479059555,2.62216479059555,-0.943909547499461,0.542985989765988,0.542985989765988,0.370026703700967,0.532222030416172,0.532222030416172,0.401606360407158
7.62855853912745,7.28050287079937,1,1,1,0.488711644882989,0.740063868858918,0,0.539446034922204,1,44,3,7.07417966402204,7.07417966402204,4.42648513403161,7.07417966402204,7.07417966402204,4.42648513403161,0.438956978819708,0.438956978819708,0.411377775451825,0.454187057350276,0.454187057350276,0.433310133336758
-1.32913726131728,-1.98703861013897,1,0,0,-2.47951616730827,1.34102630213003,0,0.539446034922204,1,44,3,-0.909008057079792,2.98934348592476,-0.909008057079792,-0.909008057079792,2.98934348592476,-0.909008057079792,0.355470544762812,0.912420690114763,0.355470544762812,0.390292383228494,0.857200976688932,0.390292383228494
3.88940966480117,-1.44301372942286,1,1,0,-0.514405777946679,0.485934583862283,0,0.539446034922204,1,44,3,2.16612100337564,4.50225342316905,2.16612100337564,2.16612100337564,4.50225342316905,2.16612100337564,0.425713174596523,0.45652089568519,0.425713174596523,0.444182765631013,0.467407433010352,0.444182765631013
12.8255435600473,9.37118813481021,1,0,1,1.05928775157998,0.138433880150427,1,0.539446034922204,1,44,3,10.0851712978906,10.0851712978906,4.96600735871709,10.0851712978906,10.0851712978906,4.96600735871709,0.678112773612684,0.678112773612684,0.435768408179663,0.636209272472084,0.636209272472084,0.451781571091536
9.12343186370285,6.83940238644753,1,0,1,0.0478707363006235,1.50183709930508,0,0.539446034922204,1,44,3,8.66209122016213,8.66209122016213,4.30657654731304,8.66209122016213,8.66209122016213,4.30657654731304,0.336100342249226,0.336100342249226,0.335857716741948,0.375081134234069,0.375081134234069,0.374889365131015
-2.72484563412446,-0.125424147122543,1,1,0,-2.14810178891985,0.434059935436365,1,0.539446034922204,1,44,3,-1.15314566699662,4.1352623605544,-1.15314566699662,-1.15314566699662,4.1352623605544,-1.15314566699662,0.427920194442417,0.916643858332247,0.427920194442417,0.445852420524681,0.862411882391338,0.445852420524681
15.9860038223614,15.0763937356545,1,1,1,2.49319291034476,0.89923835849086,1,0.539446034922204,1,44,3,14.5032517799684,14.5032517799684,8.59462215458709,14.5032517799684,14.5032517799684,8.59462215458709,0.955381787672374,0.955381787672374,0.399480129754201,0.915300541364273,0.915300541364273,0.424245302852717
12.1371772098405,10.3360836208028,1,1,1,1.26798935653185,0.0538917751263881,1,0.539446034922204,1,44,3,10.4017727870231,10.4017727870231,5.2988684635968,10.4017727870231,10.4017727870231,5.2988684635968,0.726985086163106,0.726985086163106,0.436524080094165,0.676067001630818,0.676067001630818,0.452351826671387
6.46764748040293,6.00237554188128,1,1,1,0.299097733602692,-0.0352020329978017,0,0.539446034922204,1,44,3,5.37323059274147,5.37323059274147,3.27199140961429,5.37323059274147,5.37323059274147,3.27199140961429,0.447023095490512,0.447023095490512,0.436601484040454,0.460264301940623,0.460264301940623,0.452410232269387
5.66823207326784,2.6112128300294,0,0,1,-0.512848053977343,-2.1106838011744,0,0.539446034922204,1,44,3,6.12760417481765,6.12760417481765,-0.427381933722376,6.12760417481765,6.12760417481765,-0.427381933722376,0.273845069211161,0.273845069211161,0.249594271113975,0.324625646627002,0.324625646627002,0.304126721431851
3.48288865081899,1.86579318430524,1,0,1,-0.854904736336103,-0.396981036502762,0,0.539446034922204,1,44,3,2.85980140957455,2.85980140957455,0.602207466231744,2.85980140957455,2.85980140957455,0.602207466231744,0.515147104728244,0.515147104728244,0.429346653931609,0.511342381845747,0.511342381845747,0.446931011247742
10.0359571900741,7.50841538072148,1,1,1,0.377447863406418,-1.16540931369298,1,0.539446034922204,1,44,3,8.75666325696891,8.75666325696891,2.29848438852657,8.75666325696891,8.75666325696891,2.29848438852657,0.507051304806977,0.507051304806977,0.374803678636543,0.505279514394215,0.505279514394215,0.405299820090259
7.79611979531607,9.16244001162551,1,0,1,0.765583185295736,1.1179055485524,0,0.539446034922204,1,44,3,8.70778271003483,8.70778271003483,5.35806989455059,8.70778271003483,8.70778271003483,5.35806989455059,0.446704209730611,0.446704209730611,0.379629475681273,0.460024245717649,0.460024245717649,0.409021945056123
1.15128635899903,0.713348033893268,1,1,1,-2.00717228730394,0.232561735557779,0,0.539446034922204,1,44,3,1.08130009720226,1.08130009720226,-1.07278486364339,1.08130009720226,1.08130009720226,-1.07278486364339,0.839128719702031,0.839128719702031,0.434146404722102,0.777170710048374,0.777170710048374,0.450557186511646
4.60774814945395,2.5678789263043,1,1,1,-0.310498606648565,-0.348287972185165,0,0.539446034922204,1,44,3,3.96101730149327,3.96101730149327,1.73971278992442,3.96101730149327,3.96101730149327,1.73971278992442,0.442231861059595,0.442231861059595,0.431028013823783,0.456655763049833,0.456655763049833,0.448201795494975
2.16269259738955,-1.03039025882155,0,1,0,-1.33935378574849,0.429280429810575,0,0.539446034922204,1,44,3,0.459570833720306,2.74385252113866,0.459570833720306,0.459570833720306,2.74385252113866,0.459570833720306,0.428111147171051,0.636007665574454,0.428111147171051,0.445996830815417,0.603072719051524,0.445996830815417
7.65272349421573,5.85461136017547,1,1,1,0.26663040305326,0.287925712360055,0,0.539446034922204,1,44,3,5.71308570971133,5.71308570971133,3.53018449387329,5.71308570971133,5.71308570971133,3.53018449387329,0.44107204039648,0.44107204039648,0.432808963637816,0.45578166798961,0.45578166798961,0.449547223425663
7.30378285808282,6.50513327838474,0,0,1,0.256807947219723,-1.07953367995196,0,0.539446034922204,1,44,3,5.40847315604482,5.40847315604482,2.1430801898942,5.40847315604482,5.40847315604482,2.1430801898942,0.390801594934095,0.390801594934095,0.383396782778245,0.417606169202411,0.417606169202411,0.411921574843171
5.57733341216291,5.22049964518618,0,0,1,0.216771157797808,-0.69435186686413,0,0.539446034922204,1,44,3,5.0303129391559,5.0303129391559,2.4481884241382,5.0303129391559,5.0303129391559,2.4481884241382,0.419784086825335,0.419784086825335,0.414383672402144,0.439691888647649,0.439691888647649,0.435594155503943
5.21452227634818,3.04452492769785,1,0,1,0.148423175426384,-0.421816121905355,0,0.539446034922204,1,44,3,4.8619570450534,4.8619570450534,2.58402820435413,4.8619570450534,4.8619570450534,2.58402820435413,0.430956134149273,0.430956134149273,0.428405174780096,0.448147480181758,0.448147480181758,0.446219177571223
7.61761853852463,4.51821658197125,0,0,1,-0.0622345360305554,0.613538855583229,0,0.539446034922204,1,44,3,5.67449768623921,5.67449768623921,3.19806775892883,5.67449768623921,5.67449768623921,3.19806775892883,0.419687525424557,0.419687525424557,0.419241711694229,0.439618682327317,0.439618682327317,0.439280667565581
7.20116523349558,4.55869771758817,0,0,1,0.61959805899961,0.0438409271286138,0,0.539446034922204,1,44,3,6.09395704742604,6.09395704742604,3.99203502053455,6.09395704742604,6.09395704742604,3.99203502053455,0.481559554106474,0.481559554106474,0.436569741733234,0.486190527925616,0.486190527925616,0.452386281061909
6.26883901976111,6.45702899080278,0,1,1,0.787096310963633,-0.851443984580371,0,0.539446034922204,1,44,3,6.25670347163171,6.25670347163171,3.43174661275361,6.25670347163171,6.25670347163171,3.43174661275361,0.475245460796337,0.475245460796337,0.403283674322974,0.481458860713663,0.481458860713663,0.427147658888096
8.9891907001562,6.39755610167772,0,1,1,0.523239588911948,1.07352638055559,0,0.539446034922204,1,44,3,8.08146242353498,8.08146242353498,4.8290035337862,8.08146242353498,8.08146242353498,4.8290035337862,0.415031533895022,0.415031533895022,0.383975856759869,0.436086125011172,0.436086125011172,0.412366818679286
10.8236538529055,9.44272119145053,1,1,1,2.0439827598825,0.57748772479599,0,0.539446034922204,1,44,3,9.80794329225775,9.80794329225775,7.37445121996771,9.80794329225775,9.80794329225775,7.37445121996771,0.841552436253125,0.841552436253125,0.421219587048097,0.779578966644319,0.779578966644319,0.440779926714605
6.08305315332418,4.1567747912561,1,0,1,0.190311786930797,0.604078260057423,0,0.539446034922204,1,44,3,6.15861035359973,6.15861035359973,3.69369980932573,6.15861035359973,6.15861035359973,3.69369980932573,0.423947174295184,0.423947174295184,0.41977209677239,0.442845980390264,0.442845980390264,0.439682798721951
4.83628848820163,1.55430551694075,0,1,1,-1.98581813157023,0.707748467287379,0,0.539446034922204,1,44,3,2.04601807250127,2.04601807250127,-0.55488982044636,2.04601807250127,2.04601807250127,-0.55488982044636,0.821171414614339,0.821171414614339,0.413521963271961,0.759700568637601,0.759700568637601,0.434939628795873
5.60274805493251,4.24235148084272,1,0,1,0.0244271075814659,-0.0979388903046037,0,0.539446034922204,1,44,3,4.76950532649914,4.76950532649914,2.65991330026504,4.76950532649914,4.76950532649914,2.65991330026504,0.43628256358582,0.43628256358582,0.436213232339483,0.45216958179367,0.45216958179367,0.452117263417645
4.8648203638932,1.95377798756553,1,0,1,-1.99619981335092,1.05201713262257,0,0.539446034922204,1,44,3,2.97535552865885,2.97535552865885,-0.231384518672557,2.97535552865885,2.97535552865885,-0.231384518672557,0.806509976600439,0.806509976600439,0.386025250386932,0.745877376786643,0.745877376786643,0.413941613378279
5.83671314618214,3.63897995226044,0,0,1,-0.331365760699837,-1.18314548029598,0,0.539446034922204,1,44,3,4.36295420125587,4.36295420125587,0.863120973711054,4.36295420125587,4.36295420125587,0.863120973711054,0.385191689127673,0.385191689127673,0.372956657344708,0.413301268350967,0.413301268350967,0.403872822679508
8.56355146099933,7.96911046640088,1,0,1,-0.126428116839678,-0.460798683235939,1,0.539446034922204,1,44,3,7.30767848496339,7.30767848496339,1.99534305849142,7.30767848496339,7.30767848496339,1.99534305849142,0.546093020859534,0.546093020859534,0.426813322144409,0.534557196839727,0.534557196839727,0.445015181273287
5.32471269141927,4.41528353590705,1,0,1,0.318159069005823,-0.631746554578066,0,0.539446034922204,1,44,3,5.21267326806155,5.21267326806155,2.71356955884029,5.21267326806155,5.21267326806155,2.71356955884029,0.429881770244165,0.429881770244165,0.418198266793019,0.447335519426377,0.447335519426377,0.438489343063214
7.95755507255725,3.93558689300122,0,0,1,-1.56451744309758,0.531728915589994,1,0.539446034922204,1,44,3,5.49442764447606,5.49442764447606,0.111692004801551,5.49442764447606,5.49442764447606,0.111692004801551,0.790467579578466,0.790467579578466,0.423560721100919,0.731148528489787,0.731148528489787,0.442553358923539
6.76146474801042,6.14414050432796,1,0,1,-1.87879801271083,0.962288006875053,1,0.539446034922204,1,44,3,5.93968816503567,5.93968816503567,-0.0863100431398881,5.93968816503567,5.93968816503567,-0.0863100431398881,0.848832954805237,0.848832954805237,0.394164371987044,0.78689113548025,0.78689113548025,0.420181585718284
4.36875883362226,3.00272327348856,1,0,1,-0.482528473082103,-0.731990121446395,0,0.539446034922204,1,44,3,3.64776044569122,3.64776044569122,1.01195090779611,3.64776044569122,3.64776044569122,1.01195090779611,0.438811393945896,0.438811393945896,0.411922152976183,0.454077267244837,0.454077267244837,0.433723952614486
7.68826447516765,6.20395568840516,1,1,1,-0.353620599015294,1.51008906395703,0,0.539446034922204,1,44,3,7.89221482241579,7.89221482241579,3.51184584133316,7.89221482241579,7.89221482241579,3.51184584133316,0.348144895654567,0.348144895654567,0.334806089764674,0.384561797542047,0.384561797542047,0.374057794204757
11.6945906175225,11.1473879928121,1,1,1,1.60849812245551,0.212625227335796,1,0.539446034922204,1,44,3,11.2838289349531,11.2838289349531,6.13861944765352,11.2838289349531,11.2838289349531,6.13861944765352,0.808534470468223,0.808534470468223,0.43455852466744,0.747764524381581,0.747764524381581,0.45086832694422
5.43513785577534,5.32235075174214,1,1,1,0.481794445151228,0.109898355820292,0,0.539446034922204,1,44,3,5.89456287014147,5.89456287014147,3.78248522152946,5.89456287014147,5.89456287014147,3.78248522152946,0.46322257612286,0.46322257612286,0.436097711531122,0.472440641920076,0.472440641920076,0.45203008771763
2.90478907850961,0.750156389919317,1,0,0,0.0173396746310309,-0.895016156616065,0,0.539446034922204,1,44,3,1.84866116805271,4.7497150886565,1.84866116805271,1.84866116805271,4.7497150886565,1.84866116805271,0.399824033020202,0.399858160213507,0.399824033020202,0.424507902661262,0.424533959752802,0.424507902661262
10.2471635219782,7.94707064648934,1,1,1,0.599389592411345,-0.492647321619042,1,0.539446034922204,1,44,3,8.75783122210878,8.75783122210878,3.41512983861036,8.75783122210878,8.75783122210878,3.41512983861036,0.584519801151543,0.584519801151543,0.425409610861413,0.563573225883863,0.563573225883863,0.443953030451802
5.81636057487785,5.38999606145682,1,1,1,0.109535991523001,-0.23127421594575,0,0.539446034922204,1,44,3,4.85028350546828,4.85028350546828,2.69679574250696,4.85028350546828,4.85028350546828,2.69679574250696,0.435567287676137,0.435567287676137,0.434174132037966,0.451629780640432,0.451629780640432,0.45057812098456
2.97343018411145,0.471913376075992,1,1,0,-0.536672380442422,-0.502062171884261,0,0.539446034922204,1,44,3,1.13359104263761,3.48565746707475,1.13359104263761,1.13359104263761,3.48565746707475,1.13359104263761,0.424976928007874,0.458517034349786,0.424976928007874,0.443625543483703,0.468907159741202,0.443625543483703
8.09792974993615,6.43540362479039,1,1,1,1.02011811713845,0.692416042117171,0,0.539446034922204,1,44,3,8.02109022718199,8.02109022718199,5.44165025180078,8.02109022718199,8.02109022718199,5.44165025180078,0.536456612570776,0.536456612570776,0.414506869672202,0.527318537209497,0.527318537209497,0.435687716622961
3.67199081786833,3.75918409572391,1,0,1,-0.72093725503679,-0.825557674199182,0,-0.0761937356124591,1,51,4,3.50830780380982,3.50830780380982,0.726762330380658,3.50830780380982,3.50830780380982,0.726762330380658,0.538089275300116,0.538089275300116,0.476833358743682,0.528544195464267,0.528544195464267,0.482649042081229
0.15060404757876,2.96846593678542,0,1,0,-0.916379457182865,0.666958656052548,1,-0.0761937356124591,1,51,4,1.82839425634024,7.37322810522366,1.82839425634024,1.82839425634024,7.37322810522366,1.82839425634024,0.487994645109406,0.694789003143678,0.487994645109406,0.49101069327047,0.649615105520785,0.49101069327047
3.01071564341239,4.94912558407482,1,0,1,-0.423761972565365,-0.378589309078289,0,-0.0761937356124591,1,51,4,4.01141112539278,4.01141112539278,1.7680812604444,4.01141112539278,4.01141112539278,1.7680812604444,0.523403567172376,0.523403567172376,0.502226100664278,0.517528523817902,0.517528523817902,0.501666695375965
11.1191193630843,11.7035932115443,1,0,1,1.50980625962647,-0.590918087616711,1,-0.0761937356124591,1,51,4,10.8720731325622,10.8720731325622,5.42288894628965,10.8720731325622,10.8720731325622,5.42288894628965,0.822045683788269,0.822045683788269,0.492508495601109,0.760536757709873,0.760536757709873,0.494390865493103
-0.12534632346607,0.220142825518197,0,1,0,-1.70716277866596,0.665244856008939,0,-0.0761937356124591,1,51,4,0.245113813330439,2.78766453177679,0.245113813330439,0.245113813330439,2.78766453177679,0.245113813330439,0.488102370521026,0.791927712107157,0.488102370521026,0.491091370003501,0.732473278739086,0.491091370003501
4.87405362141843,5.74208577362067,1,0,1,0.107166219788093,-0.326359081020108,0,-0.0761937356124591,1,51,4,5.08867812297379,5.08867812297379,2.8821678732095,5.08867812297379,5.08867812297379,2.8821678732095,0.505319574250021,0.505319574250021,0.503964248536071,0.503982862516465,0.503982862516465,0.502968080584995
3.2345887101109,6.50691710017358,1,1,1,-0.898994176852292,0.741967833301084,0,-0.0761937356124591,1,51,4,4.58869025990343,4.58869025990343,1.93817399424992,4.58869025990343,4.58869025990343,1.93817399424992,0.577781636645949,0.577781636645949,0.483009529096639,0.558463328762793,0.558463328762793,0.487276787386616
4.69568309572021,6.30602126872527,1,1,1,-0.125789105516625,-0.10617090253503,0,-0.0761937356124591,1,51,4,4.74771766163024,4.74771766163024,2.63644540108514,4.74771766163024,4.74771766163024,2.63644540108514,0.51032646223691,0.51032646223691,0.508459638213785,0.507732002241173,0.507732002241173,0.506334063353437
4.49840032717748,6.29586053258244,1,0,1,-0.22362915028575,0.140121532180855,0,-0.0761937356124591,1,51,4,4.80669179004348,4.80669179004348,2.68705774626277,4.80669179004348,4.80669179004348,2.68705774626277,0.513964488512383,0.513964488512383,0.508064990396037,0.510456589964161,0.510456589964161,0.506038549653583
4.83696401496555,6.69485590944738,0,1,1,-0.467159779994659,0.930628558548557,0,-0.0761937356124591,1,51,4,5.95657302719882,5.95657302719882,2.99050351321266,5.95657302719882,5.95657302719882,2.99050351321266,0.493863637456195,0.493863637456195,0.468147503029305,0.49540555826941,0.49540555826941,0.476136342655353
10.7374591831938,9.92069244196724,0,1,1,0.379700308245739,0.0279873888581222,1,-0.0761937356124591,1,51,4,8.88236581393812,8.88236581393812,3.78158252000302,8.88236581393812,8.88236581393812,3.78158252000302,0.640312353507003,0.640312353507003,0.508954667626137,0.606420182458819,0.606420182458819,0.506704748532937
8.50845379373635,12.7709271966235,0,0,1,0.208406712794175,1.17203765090317,1,-0.0761937356124591,1,51,4,11.0567178462796,11.0567178462796,4.58304559114494,11.0567178462796,11.0567178462796,4.58304559114494,0.566907038668775,0.566907038668775,0.444363258338759,0.550238280640368,0.550238280640368,0.458261493800772
7.22650742274081,8.3855939661683,1,1,1,-0.749211711158588,-1.30748017646517,1,-0.0761937356124591,1,51,4,6.99779532772046,6.99779532772046,0.188290915871075,6.99779532772046,6.99779532772046,0.188290915871075,0.610780894404374,0.610780894404374,0.428753462245524,0.583607092068277,0.583607092068277,0.446482532528949
8.21176478595036,6.93694477531991,1,0,1,1.12372877550542,-0.790587541268032,0,-0.0761937356124591,1,51,4,7.17609318480445,7.17609318480445,4.45106452439622,7.17609318480445,7.17609318480445,4.45106452439622,0.625887477819041,0.625887477819041,0.479496603946114,0.59523399822314,0.59523399822314,0.484644858894838
4.60141745400944,4.98459542709506,0,0,0,-0.2032487275997,1.02745465102787,1,-0.0761937356124591,1,51,4,3.61515171048189,9.77081477040069,3.61515171048189,3.61515171048189,9.77081477040069,3.61515171048189,0.459242167827883,0.581359005024637,0.459242167827883,0.469451842552509,0.561174862975906,0.469451842552509
-0.0513529949949605,0.556804626959794,0,0,0,-2.12644706527308,0.584957546180496,1,-0.0761937356124591,1,51,4,-0.673742069712249,4.76843326112126,-0.673742069712249,-0.673742069712249,4.76843326112126,-0.673742069712249,0.492839308207655,0.932401535927911,0.492839308207655,0.494638572210161,0.882695943293693,0.494638572210161
0.218520733599902,3.4274248965078,0,1,1,-1.54376720075636,-0.186202731555858,0,-0.0761937356124591,1,51,4,1.85512883882369,1.85512883882369,-0.27954261841517,1.85512883882369,1.85512883882369,-0.27954261841517,0.761357387671096,0.761357387671096,0.507355251700901,0.705326376454015,0.705326376454015,0.505507103752647
11.4150148728643,12.1760442511079,1,1,1,0.750215744363905,-1.35725060125638,1,-0.0761937356124591,1,51,4,10.0795045967357,10.0795045967357,3.13737540212485,10.0795045967357,10.0795045967357,3.13737540212485,0.604967690254838,0.604967690254838,0.422624258712671,0.579154287541926,0.579154287541926,0.441844130880098
-0.985848361043902,2.6740758305203,0,0,0,-1.69507052721955,0.48997427697759,0,-0.0761937356124591,1,51,4,0.0940277371919085,2.43410252929162,0.0940277371919085,0.0940277371919085,2.43410252929162,0.0940277371919085,0.497658910888463,0.795064501564192,0.497658910888463,0.498247204467428,0.735329623153169,0.498247204467428
3.10773347075988,4.10441109283997,0,0,1,-0.850837194737213,-0.64546113497258,0,-0.0761937356124591,1,51,4,3.1636790669665,3.1636790669665,0.647058990206413,3.1636790669665,3.1636790669665,0.647058990206413,0.574237224990472,0.574237224990472,0.489325932835251,0.555779692109227,0.555779692109227,0.492007682113526
11.6195993314281,11.6340252282903,1,0,1,1.25926378441797,0.0288786310641119,1,-0.0761937356124591,1,51,4,10.6424346898856,10.6424346898856,5.54160071455348,10.6424346898856,10.6424346898856,5.54160071455348,0.779653315288814,0.779653315288814,0.50895227574433,0.721428906600809,0.721428906600809,0.506702957442364
14.689831373156,14.4464613785108,1,1,1,2.07259096499943,0.750735137528021,1,-0.0761937356124591,1,51,4,13.5537148288995,13.5537148288995,7.89011158218029,13.5537148288995,13.5537148288995,7.89011158218029,0.921983324962487,0.921983324962487,0.482392411487031,0.869129464616354,0.869129464616354,0.486814482267647
8.95392391630529,11.9282188961425,1,1,1,2.28532593116597,-1.12219979643557,0,-0.0761937356124591,1,51,4,9.80197896366982,9.80197896366982,6.44264658054979,9.80197896366982,9.80197896366982,6.44264658054979,0.908672077117798,0.908672077117798,0.449703370959965,0.852646697796485,0.852646697796485,0.46228139288476
1.26163387793428,5.34584580462321,0,0,0,-0.681830532944391,0.0868060455101735,0,-0.0761937356124591,1,51,4,1.71733949427481,3.82487478381193,1.71733949427481,1.71733949427481,3.82487478381193,1.71733949427481,0.508636007357638,0.563181283774592,0.508636007357638,0.506466130415528,0.547425852999791,0.506466130415528
4.51704021555374,5.73806307316239,0,0,1,-0.155108034086607,-0.0419671119260413,0,-0.0761937356124591,1,51,4,4.74377257303758,4.74377257303758,2.64201133455416,4.74377257303758,4.74377257303758,2.64201133455416,0.511746791026747,0.511746791026747,0.508908513980113,0.508795659276466,0.508795659276466,0.506670187754098
0.213424493358121,3.71062941780301,0,0,0,-0.59496789247173,-0.164691045052221,0,-0.0761937356124591,1,51,4,1.63956768465774,3.76669082497813,1.63956768465774,1.63956768465774,3.76669082497813,1.63956768465774,0.507711522294292,0.549337077272511,0.507711522294292,0.505773874546275,0.536996730885066,0.505773874546275
0.348530015687402,2.18538538856957,0,0,0,-1.3476252052043,-0.517634884184119,0,-0.0761937356124591,1,51,4,-0.218690779939305,2.149255093385,-0.218690779939305,-0.218690779939305,2.149255093385,-0.218690779939305,0.496343194027131,0.699519232551524,0.496343194027131,0.497262102907341,0.653451849920984,0.497262102907341
6.29587296147948,8.48503575134773,0,1,1,0.0725312318732095,-0.657400311479484,1,-0.0761937356124591,1,51,4,8.01403183645368,8.01403183645368,2.48185666692035,8.01403183645368,8.01403183645368,2.48185666692035,0.605693177243146,0.605693177243146,0.488591935286871,0.579709391623406,0.579709391623406,0.491458005430174
10.8971521467725,12.4584598788502,1,0,1,1.25076637175682,1.69492956770358,0,-0.0761937356124591,1,51,4,12.1634430653465,12.1634430653465,7.19065682587064,12.1634430653465,12.1634430653465,7.19065682587064,0.557760842346545,0.557760842346545,0.375891325652029,0.543338731750059,0.543338731750059,0.406139502109841
5.44788413644891,8.51727015151695,0,1,1,-0.994623996237837,1.35313105282195,0,-0.0761937356124591,1,51,4,6.28904122111075,6.28904122111075,2.3580775749997,6.28904122111075,6.28904122111075,2.3580775749997,0.539234507617897,0.539234507617897,0.423139422205122,0.529404109103817,0.529404109103817,0.442234313764449
4.23480547469806,7.70217502369864,0,0,0,0.957738537325205,0.360669865803917,0,-0.0761937356124591,1,51,4,5.27034145510775,7.50042420720676,5.27034145510775,5.27034145510775,7.50042420720676,5.27034145510775,0.502851466654019,0.60939788600251,0.502851466654019,0.502134916071603,0.582546716025313,0.502134916071603
9.56468428571289,11.1067303858897,1,0,1,0.120292994886962,1.15423822100563,1,-0.0761937356124591,1,51,4,10.8212845962632,10.8212845962632,4.38901872543298,10.8212845962632,10.8212845962632,4.38901872543298,0.565467949778226,0.565467949778226,0.446295745653191,0.549151652742406,0.549151652742406,0.459716732077802
7.01272141843891,8.28869209326548,1,0,1,0.0867872385842627,0.384316027006372,0,-0.0761937356124591,1,51,4,5.79978382744228,5.79978382744228,3.55208501882832,5.79978382744228,5.79978382744228,3.55208501882832,0.502908776685765,0.502908776685765,0.502019851251228,0.502177825083375,0.502177825083375,0.501512273996736
7.17891789827484,7.37833721402218,0,0,1,0.421491865314615,0.082202639902077,0,-0.0761937356124591,1,51,4,6.0261381591916,6.0261381591916,3.91938088518473,6.0261381591916,6.0261381591916,3.91938088518473,0.529607821811685,0.529607821811685,0.508672726126931,0.5221799923668,0.5221799923668,0.506493625911242
11.2477788457009,10.2743130355852,0,1,1,-1.57697342682738,2.3819759040765,0,-0.0761937356124591,1,51,4,9.99603277267624,9.99603277267624,2.22222356507515,9.99603277267624,9.99603277267624,2.22222356507515,0.534588645292145,0.534588645292145,0.261232342535938,0.525916577737787,0.525916577737787,0.3140347166498
11.0175730777482,11.4193917003666,1,1,1,1.30540519299344,-0.863072152057356,1,-0.0761937356124591,1,51,4,10.5868262882399,10.5868262882399,4.74193274858295,10.5868262882399,10.5868262882399,4.74193274858295,0.764541135969899,0.764541135969899,0.473849700960731,0.708099574756882,0.708099574756882,0.48041254476744
5.81014491533198,7.90255777069965,0,0,1,0.895136335375533,-0.166896391197994,0,-0.0761937356124591,1,51,4,6.7454251996014,6.7454251996014,4.61757079420649,6.7454251996014,6.7454251996014,4.61757079420649,0.600908254827748,0.600908254827748,0.507677007868859,0.576051298740415,0.576051298740415,0.505748030471603
4.19498401623785,6.65580750420503,0,1,0,0.0303185334508512,1.46535084195317,1,-0.0761937356124591,1,51,4,4.52018242350829,11.7674355135212,4.52018242350829,4.52018242350829,11.7674355135212,4.52018242350829,0.408611743646986,0.525732171554181,0.408611743646986,0.431206251408776,0.519273988674121,0.431206251408776
2.07223626440411,3.27313758365823,1,0,0,-0.204511800580292,0.018583651368018,0,-0.0761937356124591,1,51,4,2.60375456486085,4.70409991695902,2.60375456486085,2.60375456486085,4.70409991695902,2.60375456486085,0.50897533604392,0.513909124721479,0.50897533604392,0.506720225477838,0.510415123322462,0.506720225477838
4.73062975613391,7.16861528541735,0,1,0,1.58788735753616,0.450892330894195,0,-0.0761937356124591,1,51,4,6.62086156061993,8.92416545467913,6.62086156061993,6.62086156061993,8.92416545467913,6.62086156061993,0.499394807951438,0.767454051341316,0.499394807951438,0.499546885949253,0.710647194268371,0.499546885949253
8.43816862496078,8.30850976357186,0,0,1,0.330130943422137,-0.574614366635622,1,-0.0761937356124591,1,51,4,8.51002370520613,8.51002370520613,3.07984203486207,8.51002370520613,8.51002370520613,3.07984203486207,0.621905364040855,0.621905364040855,0.493405413489611,0.592160900336929,0.592160900336929,0.495062456810308
3.56114502904623,4.47030443320781,0,1,1,-0.367381676312139,0.285723890964316,0,-0.0761937356124591,1,51,4,4.72679319486124,4.72679319486124,2.54515505299346,4.72679319486124,4.72679319486124,2.54515505299346,0.521056024534247,0.521056024534247,0.505138339864234,0.515769233799351,0.515769233799351,0.503847164231927
9.06522563811999,9.06551011588244,1,0,1,0.484013155541168,0.352182304224767,1,-0.0761937356124591,1,51,4,9.53843550536959,9.53843550536959,4.31440312996052,9.53843550536959,9.53843550536959,4.31440312996052,0.644753457886359,0.644753457886359,0.50313708842743,0.609882463867008,0.609882463867008,0.502348766310498
4.85262842451105,7.23760029394143,1,0,1,0.702709471762737,0.059636933012671,0,-0.0761937356124591,1,51,4,6.56280695497072,6.56280695497072,4.45925039119156,6.56280695497072,6.56280695497072,4.45925039119156,0.566722984287854,0.566722984287854,0.508823784047483,0.550099282200748,0.550099282200748,0.506606740417569
6.51224295759289,8.27685163006644,0,1,1,1.0159192174799,-0.497045842859758,0,-0.0761937356124591,1,51,4,6.87604167665763,6.87604167665763,4.52898710675346,6.87604167665763,6.87604167665763,4.52898710675346,0.617035123675225,0.617035123675225,0.497329411256537,0.588410585225335,0.588410585225335,0.498000503346511
1.56729512623877,1.34527551862392,0,1,0,-0.0176561670797845,-2.42535551006656,1,-0.0761937356124591,1,51,4,0.533526670427286,11.5158760206375,0.533526670427286,0.533526670427286,11.5158760206375,0.533526670427286,0.253616429630418,0.353556220869896,0.253616429630418,0.307566404428161,0.388797357798512,0.307566404428161
10.0117806681831,11.3331369238953,0,0,1,-0.499104740615009,1.44440403097604,1,-0.0761937356124591,1,51,4,10.6266920690993,10.6266920690993,3.44038906439944,10.6266920690993,10.6266920690993,3.44038906439944,0.557677215249541,0.557677215249541,0.411400258806611,0.543275715415786,0.543275715415786,0.433327226057372
6.18759209314097,7.64712486084864,0,1,1,0.656790881811317,0.661333152472663,0,-0.0761937356124591,1,51,4,7.50647096930815,7.50647096930815,4.96910943074872,7.50647096930815,7.50647096930815,4.96910943074872,0.53918032544562,0.53918032544562,0.488347216558107,0.529363422336514,0.529363422336514,0.491274736392447
8.54257253627515,10.8884508609656,1,0,1,0.84191815990085,0.339833293452264,1,-0.0761937356124591,1,51,4,10.233350795246,10.233350795246,5.01786412790738,10.233350795246,10.233350795246,5.01786412790738,0.694871070791153,0.694871070791153,0.503540504623758,0.64968153737016,0.64968153737016,0.502650812655424
4.89888040535919,6.29441823412466,1,0,1,-1.57342486977505,1.09878286080553,0,-0.0761937356124591,1,51,4,4.25345141110884,4.25345141110884,0.946127635908854,4.25345141110884,4.25345141110884,0.946127635908854,0.727149840110059,0.727149840110059,0.452136103136881,0.676204538434621,0.676204538434621,0.46411127698245
3.20576296660418,6.59177272631484,1,0,0,0.23194118200442,0.64089038619744,1,-0.0761937356124591,1,51,4,4.0989672648597,9.60970775198,4.0989672648597,4.0989672648597,9.60970775198,4.0989672648597,0.489603384374144,0.612128236205425,0.489603384374144,0.492215455876071,0.584640748236522,0.492215455876071
1.82190501580025,1.9229948597876,1,0,0,0.774671138483504,-1.47598031674227,0,0.35481175042873,1,55,5,2.94747058198244,7.22598847739305,2.94747058198244,2.94747058198244,7.22598847739305,2.94747058198244,0.359014911521427,0.426614094504768,0.359014911521427,0.39305592939997,0.444864457235659,0.39305592939997
3.60440088877091,1.18424611111563,0,1,0,0.451706596372322,-0.487044121782953,0,0.35481175042873,1,55,5,3.29047769271939,5.62768966928272,3.29047769271939,3.29047769271939,5.62768966928272,3.29047769271939,0.44711483724965,0.471037839488364,0.44711483724965,0.460333361937903,0.47830420913295,0.460333361937903
3.0922356609925,0.131131064932082,0,1,0,0.00818258373848166,-0.787369525411936,0,0.35481175042873,1,55,5,2.10310426382273,4.82305503337015,2.10310426382273,2.10310426382273,4.82305503337015,2.10310426382273,0.429310943388746,0.429318695052145,0.429310943388746,0.446904014608109,0.446909874773051,0.446904014608109
4.19967123386608,1.76351531144461,0,1,0,0.266044269399458,0.00694105626616071,0,0.35481175042873,1,55,5,3.41313821682278,5.51318639508487,3.41313821682278,3.41313821682278,5.51318639508487,3.41313821682278,0.458215056278511,0.466523371564056,0.458215056278511,0.468680310801983,0.474917846723232,0.468680310801983
1.23254705155597,-1.61334881878189,0,1,0,-0.382536214271699,-0.969250238603552,1,0.35481175042873,1,55,5,1.13978595461075,7.17923197964379,1.13978595461075,1.13978595461075,7.17923197964379,1.13978595461075,0.414579367310385,0.548917568150698,0.414579367310385,0.435742772523069,0.536681176539045,0.435742772523069
3.93180845834676,1.54596471527918,0,1,0,0.628745406334024,-0.642842077554753,0,0.35481175042873,1,55,5,3.48875735687099,6.00200329354591,3.48875735687099,3.48875735687099,6.00200329354591,3.48875735687099,0.438907491424947,0.485276144749848,0.438907491424947,0.454149737784907,0.488974636360624,0.454149737784907
1.19328262369852,-0.370348506082387,0,0,0,-0.246310813504043,-0.736805294698354,0,0.35481175042873,1,55,5,1.64468170005126,4.28756374234679,1.64468170005126,1.64468170005126,4.28756374234679,1.64468170005126,0.432883426377236,0.439933259229341,0.432883426377236,0.449603462896156,0.454923203306832,0.449603462896156
-1.58415585166121,-1.86706527592354,0,0,0,-0.982969726056335,-0.834728792590548,0,0.35481175042873,1,55,5,0.0734403770544826,2.87021253423416,0.0734403770544826,0.0734403770544826,2.87021253423416,0.0734403770544826,0.425756894165634,0.539190355733168,0.425756894165634,0.444215850660804,0.529370954308643,0.444215850660804
5.06294657848277,1.86399260425133,1,1,0,0.328806267889039,0.276779740855086,0,0.35481175042873,1,55,5,3.80850089839086,5.98510792333867,3.80850089839086,3.80850089839086,5.98510792333867,3.80850089839086,0.454626960136605,0.467312054576956,0.454626960136605,0.465984027886696,0.475509583068272,0.465984027886696
7.7633997571146,7.30391922421911,0,0,0,2.13779835631989,0.231307723566576,0,0.35481175042873,1,55,5,7.38101305796406,9.53451632094561,7.38101305796406,7.38101305796406,9.53451632094561,7.38101305796406,0.455709311783085,0.881227579268639,0.455709311783085,0.466797536136088,0.821056722060635,0.466797536136088
0.134924571325748,0.885577546002846,0,0,0,0.513741221936092,-2.967304179229,0,0.35481175042873,1,55,5,0.93428688640089,11.8391809784708,0.93428688640089,0.93428688640089,11.8391809784708,0.93428688640089,0.13588141832065,0.151614698864646,0.13588141832065,0.197344241614005,0.213561938727228,0.197344241614005
3.91804893078828,0.626065569020324,1,0,0,1.22191904556568,-1.35623726112119,0,0.35481175042873,1,55,5,3.96170945176787,7.90108896022137,3.96170945176787,3.96170945176787,7.90108896022137,3.96170945176787,0.37393348422252,0.547370952933596,0.37393348422252,0.404627681299306,0.535518029083177,0.404627681299306
4.78657257620269,3.2100759903711,1,1,0,0.778404943933504,1.01625665811746,0,0.35481175042873,1,55,5,5.44717516774217,8.57995276291024,5.44717516774217,5.44717516774217,8.57995276291024,5.44717516774217,0.410302117239121,0.480888268147165,0.410302117239121,0.432492218411961,0.485687591795542,0.432492218411961
1.06073223233945,-0.8146678248306,0,1,0,-1.28046038379837,1.20944391450804,0,0.35481175042873,1,55,5,1.522631768669,5.08538635100954,1.522631768669,1.522631768669,5.08538635100954,1.522631768669,0.390772228700369,0.581868182157249,0.390772228700369,0.417583662282292,0.561561052324175,0.417583662282292
6.36270583959986,1.28895513544794,0,1,0,0.31511934774054,1.42951077456819,1,0.35481175042873,1,55,5,4.93385809180697,12.0773591464135,4.93385809180697,4.93385809180697,12.0773591464135,4.93385809180697,0.364924871242309,0.491395581566775,0.364924871242309,0.397651380745652,0.493557516930302,0.397651380745652
-2.59547028818558,-3.47153194225527,0,0,0,-1.98152898000744,-0.348148407263969,1,0.35481175042873,1,55,5,-1.43709774552114,3.7841095679593,-1.43709774552114,-1.43709774552114,3.7841095679593,-1.43709774552114,0.452538714541416,0.897023766694158,0.452538714541416,0.464414037757876,0.838886037729503,0.464414037757876
5.30241112764212,1.75467837774704,0,1,0,0.471579286461621,-0.498046174140149,0,0.35481175042873,1,55,5,3.31922102054079,5.66727101211643,3.31922102054079,3.31922102054079,5.66727101211643,3.31922102054079,0.446608690883772,0.472686692645889,0.446608690883772,0.459952336346401,0.479540596429847,0.459952336346401
0.0948849399305129,0.0393530379784447,0,0,0,-1.5391456851722,1.58916670446428,0,0.35481175042873,1,55,5,1.38498395587759,6.01043477045546,1.38498395587759,1.38498395587759,6.01043477045546,1.38498395587759,0.344018453591468,0.616421281325056,0.344018453591468,0.381322214289665,0.587938516553934,0.381322214289665
4.6681252165342,3.57619824111807,1,0,1,0.127314653486817,-0.686398707960278,0,0.35481175042873,1,55,5,5.01348240706059,5.01348240706059,2.44233922077106,5.01348240706059,5.01348240706059,2.44233922077106,0.438099071619392,0.438099071619392,0.436214838172956,0.45354002766428,0.45354002766428,0.452118475213345
12.8322585352303,7.68437713112337,0,1,1,1.4222131261822,0.138650472360884,1,0.35481175042873,1,55,5,10.9764092999689,10.9764092999689,5.85718534648298,10.9764092999689,10.9764092999689,5.85718534648298,0.779536583346745,0.779536583346745,0.457315940495058,0.721324846587751,0.721324846587751,0.468004820232818
3.42111668653861,0.677315887569202,1,0,0,-0.192982731563553,0.892108919410916,1,0.35481175042873,1,55,5,3.38025207804151,9.27611040213402,3.38025207804151,3.38025207804151,9.27611040213402,3.38025207804151,0.421183610781578,0.542869938069999,0.421183610781578,0.440752664423486,0.532134832787024,0.440752664423486
5.14956310319072,4.79637865158666,0,1,0,1.68431513959453,-0.274031813335649,0,0.35481175042873,1,55,5,5.96870708761111,8.14380052233114,5.96870708761111,5.96870708761111,8.14380052233114,5.96870708761111,0.454697855544775,0.76192441399599,0.454697855544775,0.466037318400856,0.705819432546429,0.466037318400856
3.80043597270294,0.808093731104227,0,1,0,0.00508279689189162,0.665650473629088,0,0.35481175042873,1,55,5,3.54992468917057,6.0930152422132,3.54992468917057,3.54992468917057,6.0930152422132,3.54992468917057,0.437519056789255,0.437522060517029,0.437519056789255,0.453102507465189,0.453104773413309,0.453102507465189
-1.89930734337346,-5.11026409720403,0,1,0,-2.06195117014663,-0.691945419937247,1,0.35481175042873,1,55,5,-1.9417391384728,3.63704932569934,-1.9417391384728,-1.9417391384728,3.63704932569934,-1.9417391384728,0.435859540063911,0.904958601702609,0.435859540063911,0.451850347986049,0.848197623429029,0.451850347986049
9.73885198720365,10.3237387073135,0,1,1,-0.245488552977389,-2.34882385210369,1,0.35481175042873,1,55,5,10.6512811519105,10.6512811519105,0.034307663699233,10.6512811519105,10.6512811519105,0.034307663699233,0.329568002342127,0.329568002342127,0.228692219583299,0.369906578582929,0.369906578582929,0.285966802249496
9.92496948771684,6.95557205432137,0,0,1,0.571087464267973,-1.19356283570632,1,0.35481175042873,1,55,5,9.34731295736664,9.34731295736664,2.82272071458732,9.34731295736664,9.34731295736664,2.82272071458732,0.547250384952031,0.547250384952031,0.392493101569499,0.535427368727872,0.535427368727872,0.418902091842891
1.98579643667,-0.810672721595393,0,1,0,0.423015959381163,-1.54877388387378,1,0.35481175042873,1,55,5,2.17136665664625,9.67006720001572,2.17136665664625,2.17136665664625,9.67006720001572,2.17136665664625,0.34946476537104,0.484030933664239,0.34946476537104,0.385596202520956,0.488041917851886,0.385596202520956
7.36181270096124,5.10331844957983,0,1,0,1.81041094722035,1.05295834325863,0,0.35481175042873,1,55,5,7.54788885945703,10.756610132095,7.54788885945703,7.54788885945703,10.756610132095,7.54788885945703,0.406831213919995,0.764279773166866,0.406831213919995,0.42985084739937,0.707871474399341,0.42985084739937
4.00620793115169,2.49162563783726,0,1,0,-0.0479840727125368,1.10709550082098,0,0.35481175042873,1,55,5,3.88523597715361,7.21089642509167,3.88523597715361,3.88523597715361,7.21089642509167,3.88523597715361,0.401504069464612,0.401765783419162,0.401504069464612,0.425790240812354,0.425989925572705,0.425790240812354
1.15302617670126,0.906832980702187,0,1,0,-0.939367385670997,-0.216362092230575,0,0.35481175042873,1,55,5,0.779011758185131,2.92582431313952,0.779011758185131,0.779011758185131,2.92582431313952,0.779011758185131,0.45602282903961,0.559784900202404,0.45602282903961,0.467033151063206,0.544864304571082,0.467033151063206
2.35912760270103,0.593281940148199,0,1,0,-0.249948280066414,-0.806491285539939,0,0.35481175042873,1,55,5,1.56772077608493,4.3181489697368,1.56772077608493,1.56772077608493,4.3181489697368,1.56772077608493,0.427900090565313,0.435141522697455,0.427900090565313,0.44583721627467,0.451308420315291,0.44583721627467
6.34644591828866,3.26232528080686,0,0,0,1.27960404439298,0.147698324881807,0,0.35481175042873,1,55,5,5.58101503542547,7.70282983059836,5.58101503542547,5.58101503542547,7.70282983059836,5.58101503542547,0.45719448101292,0.646163607907534,0.45719448101292,0.467913562129787,0.610983726698381,0.467913562129787
1.24353565204175,-2.71004691896645,0,1,0,-1.31132527677798,0.112631970354496,0,0.35481175042873,1,55,5,0.36409003855624,2.47677599930218,0.36409003855624,0.36409003855624,2.47677599930218,0.36409003855624,0.457622465126972,0.655413561599143,0.457622465126972,0.468235118186298,0.618231357674622,0.468235118186298
10.4593761067938,8.15039593611792,0,1,1,0.369733577732518,0.520437229443659,1,0.35481175042873,1,55,5,9.50486791645739,9.50486791645739,4.1340130066664,9.50486791645739,9.50486791645739,4.1340130066664,0.578861811600576,0.578861811600576,0.445544023299403,0.55928174951994,0.55928174951994,0.459150726660554
7.48999374942333,5.96710576676214,0,0,1,-0.502662413606786,-1.630134230286,1,0.35481175042873,1,55,5,7.99598717300826,7.99598717300826,0.238649564258131,7.99598717300826,7.99598717300826,0.238649564258131,0.48052659968229,0.48052659968229,0.338392740784335,0.485416614866761,0.485416614866761,0.376891444356437
5.83747241360358,4.83898342489356,0,1,0,0.833349441757383,0.545399903398657,1,0.35481175042873,1,55,5,5.08620740867112,10.4836684632984,5.08620740867112,5.08620740867112,10.4836684632984,5.08620740867112,0.44430249406606,0.640380279864788,0.44430249406606,0.458215726195769,0.606473070129526,0.458215726195769
1.64531551782291,1.88095742262914,0,1,0,-0.525656136136926,0.471279629520327,1,0.35481175042873,1,55,5,2.29407597900418,7.61618046820499,2.29407597900418,2.29407597900418,7.61618046820499,2.29407597900418,0.447820546335526,0.597084127452354,0.447820546335526,0.460864551854995,0.573132803436857,0.460864551854995
0.884976797463985,-0.409485297683694,1,0,0,-0.554042980867892,0.196801272156956,0,0.35481175042873,1,55,5,1.96282393217887,4.10155467290147,1.96282393217887,1.96282393217887,4.10155467290147,1.96282393217887,0.456401575832895,0.49252495817416,0.456401575832895,0.46731777063607,0.494403192435942,0.46731777063607
2.32076188223484,-1.66574908707545,1,1,0,-1.06527556011914,0.307860193728906,0,0.35481175042873,1,55,5,1.05141769524833,3.24619559413112,1.05141769524833,1.05141769524833,3.24619559413112,1.05141769524833,0.453775987826317,0.586739430860016,0.453775987826317,0.465344318714786,0.565258948816918,0.465344318714786
3.95470706977882,1.25793845913542,0,1,0,0.489647582051271,-0.776564285507728,0,0.35481175042873,1,55,5,3.07683950035251,5.77989158987864,3.07683950035251,3.07683950035251,5.77989158987864,3.07683950035251,0.430093685890496,0.458045440835767,0.430093685890496,0.447495695495278,0.46855288914274,0.447495695495278
3.05220491101137,1.74436711527431,0,0,1,-0.363688623327715,-0.700004209092466,0,0.35481175042873,1,55,5,4.03673305875697,4.03673305875697,1.44672716600981,4.03673305875697,4.03673305875697,1.44672716600981,0.450754906478153,0.450754906478153,0.435338347437896,0.46307245450008,0.46307245450008,0.451456984640565
5.59838992170805,4.58466096040513,0,1,1,0.715694801632529,-1.10093525580595,0,0.35481175042873,1,55,5,6.51662140669332,6.51662140669332,3.20456296921681,6.51662140669332,6.51662140669332,3.20456296921681,0.461430723684032,0.461430723684032,0.402122592839984,0.471095400122533,0.471095400122533,0.426262134255276
-0.123169879981116,-1.7834779322297,0,1,0,-0.336668187251424,-0.414269671927742,1,0.35481175042873,1,55,5,1.78650257532711,7.05812193640623,1.78650257532711,1.78650257532711,7.05812193640623,1.78650257532711,0.450180272330925,0.580743102027137,0.450180272330925,0.462640181790318,0.560707810540111,0.462640181790318
1.38004607071221,-2.33366402660987,0,1,0,-0.323916378502855,-0.310828618105756,0,0.35481175042873,1,55,5,1.91544724664623,4.11206167647977,1.91544724664623,1.91544724664623,4.11206167647977,1.91544724664623,0.45368999425092,0.465996427149482,0.45368999425092,0.465279668593101,0.474522455203304,0.465279668593101
0.417411389872925,-0.686248819278394,0,0,0,-0.399706115261617,-0.65705615100854,0,0.35481175042873,1,55,5,1.41764024022593,3.94936302580408,1.41764024022593,1.41764024022593,3.94936302580408,1.41764024022593,0.438047800587809,0.456702496294673,0.438047800587809,0.453501355070177,0.467543892533448,0.453501355070177
6.66590106649238,3.79283799979525,0,1,0,0.634190227038821,1.26474195826166,0,0.35481175042873,1,55,5,5.40723103409701,9.10680325508455,5.40723103409701,5.40723103409701,9.10680325508455,5.40723103409701,0.384624174545514,0.430509447566178,0.384624174545514,0.412865160529008,0.447809921322434,0.412865160529008
3.15604323111155,1.61949173300333,0,1,0,0.285895073113023,0.235716750868597,0,0.35481175042873,1,55,5,3.68161551885234,5.83717790549239,3.68161551885234,3.68161551885234,5.83717790549239,3.68161551885234,0.455612830832631,0.465201604674189,0.455612830832631,0.466725026095225,0.473926010167824,0.466725026095225
4.3026826781299,0.596041108689142,0,1,0,-0.273576442242748,1.80771809697462,0,0.35481175042873,1,55,5,4.13467383424682,9.50251855237636,4.13467383424682,4.13467383424682,9.50251855237636,4.13467383424682,0.312933757425031,0.320631092184863,0.312933757425031,0.356615735207706,0.362787142092224,0.356615735207706
3.38615717112319,1.80680613599944,1,1,0,-0.568344348393361,1.33451626784619,0,0.35481175042873,1,55,5,3.07193619281717,6.95286986196331,3.07193619281717,3.07193619281717,6.95286986196331,3.07193619281717,0.376528643238293,0.413022060766373,0.376528643238293,0.406631308443207,0.434559830838865,0.406631308443207
4.0913857934539,2.17582504145996,1,0,0,1.27174866415912,-0.0545652162692347,1,0.35481175042873,1,55,5,5.36304073380671,10.4660180966332,5.36304073380671,5.36304073380671,10.4660180966332,5.36304073380671,0.458077695451023,0.744987842456611,0.458077695451023,0.468577120322551,0.691243860403391,0.468577120322551
10.1767150368232,6.34655896058926,0,0,1,1.16291536854774,0.744187886199525,0,0.35481175042873,1,55,5,8.59794285501881,8.59794285501881,5.9441272450527,8.59794285501881,8.59794285501881,5.9441272450527,0.590625538157065,0.590625538157065,0.432376192850465,0.568213400565754,0.568213400565754,0.449220342877089
4.47009681409176,0.688203579841883,0,0,0,0.377910241491907,-0.69987011505675,0,0.35481175042873,1,55,5,2.93005898968476,5.51987716763431,2.93005898968476,2.93005898968476,5.51987716763431,2.93005898968476,0.435347068067679,0.451997225669396,0.435347068067679,0.451463566846091,0.464006836931473,0.451463566846091
0.0688487517231642,-0.45186080230796,0,1,0,-0.477542762788805,-0.724432282488643,1,0.35481175042873,1,55,5,1.19459081369145,6.81939294560315,1.19459081369145,1.19459081369145,6.81939294560315,1.19459081369145,0.433722488935633,0.57768209800885,0.433722488935633,0.450237106152814,0.558387924529619,0.450237106152814
6.37266366489099,4.80284192228708,0,0,0,0.993645599443054,-0.0585851433777868,0,0.35481175042873,1,55,5,4.80281467726602,6.90624689629062,4.80281467726602,4.80281467726602,6.90624689629062,4.80281467726602,0.458056366023166,0.573968832675502,0.458056366023166,0.468561096670124,0.555576594265196,0.468561096670124
3.56445365773466,2.02243490017094,1,1,0,0.791584872376561,-1.16970349542042,0,0.35481175042873,1,55,5,3.2875748710904,6.75578113828916,3.2875748710904,3.2875748710904,6.75578113828916,3.2875748710904,0.39504039863589,0.467529906963105,0.39504039863589,0.42085189371828,0.475673023826592,0.42085189371828
7.04019622556362,7.16236660410343,1,1,1,0.912788542660585,0.25963575406788,0,-0.962008310122861,1,44,6,6.327163575434,6.327163575434,4.15975285064361,6.327163575434,6.327163575434,4.15975285064361,0.697828285297277,0.697828285297277,0.608679095779872,0.652078481707506,0.652078481707506,0.581995861531714
4.2005252053561,2.87287747090221,1,1,1,-0.84959966156385,0.28883270532432,0,-0.962008310122861,1,44,6,2.84759772511614,2.84759772511614,0.664173393451176,2.84759772511614,2.84759772511614,0.664173393451176,0.685890665077628,0.685890665077628,0.607956954855569,0.642439274601781,0.642439274601781,0.581442612556187
12.9579788881597,11.6006346463547,0,1,1,1.36622999459138,-1.88516247887229,1,-0.962008310122861,1,44,6,11.5756750933129,11.5756750933129,2.92183752156503,11.5756750933129,11.5756750933129,2.92183752156503,0.757995479319248,0.757995479319248,0.445967290519683,0.702410493812653,0.702410493812653,0.459469434481744
7.76069876494914,5.81748888608532,1,1,1,0.844193217174883,0.381841332706114,0,-0.962008310122861,1,44,6,6.39057058167322,6.39057058167322,4.14476777831044,6.39057058167322,6.39057058167322,4.14476777831044,0.682387901774182,0.682387901774182,0.605139696631422,0.639628873364825,0.639628873364825,0.579285882375987
0.434325355804516,-3.34917459601301,1,1,0,-1.69291815947499,-0.581059142305081,0,-0.962008310122861,1,44,6,-1.8923554500005,0.545274276855817,-1.8923554500005,-1.8923554500005,0.545274276855817,-1.8923554500005,0.596434921415619,0.853307280434218,0.596434921415619,0.572637774517415,0.791445649610157,0.572637774517415
8.72175743317348,6.97573251242916,1,1,1,0.555737586074801,0.188934535202862,1,-0.962008310122861,1,44,6,8.51064597719934,8.51064597719934,3.37494971860702,8.51064597719934,8.51064597719934,3.37494971860702,0.744554849760773,0.744554849760773,0.610107932933827,0.690875172669777,0.690875172669777,0.583091040281709
5.492272562998,8.34201526269088,1,1,1,-0.852156339298605,1.81860470147182,0,-0.962008310122861,1,44,6,7.59615509434457,7.59615509434457,2.18883203412916,7.59615509434457,7.59615509434457,2.18883203412916,0.543006146980273,0.543006146980273,0.45750117602401,0.532237176090346,0.532237176090346,0.468143992697329
7.34279439882689,6.67468548333067,0,1,1,1.21981771153509,-0.242464659517918,0,-0.962008310122861,1,44,6,6.43049988592195,6.43049988592195,4.27171077480681,6.43049988592195,6.43049988592195,4.27171077480681,0.759693220752766,0.759693220752766,0.609067703743398,0.70388140944162,0.70388140944162,0.582293654977136
7.20375380703621,7.72150711202303,1,0,1,0.266708860402516,0.864397524561519,0,-0.962008310122861,1,44,6,6.31953833708919,6.31953833708919,3.47235525662111,6.31953833708919,6.31953833708919,3.47235525662111,0.585842652575694,0.585842652575694,0.577661410682395,0.564577728286174,0.564577728286174,0.558372253394724
2.16251712941799,3.61067203432811,1,0,1,-0.166624631316347,-0.302583086844709,0,-0.962008310122861,1,44,6,3.63026418622163,3.63026418622163,1.43870766177715,3.63026418622163,3.63026418622163,1.43870766177715,0.610717817623745,0.610717817623745,0.607590057144278,0.583558715922234,0.583558715922234,0.581161589834295
6.03263238518389,5.2866867575043,0,1,1,0.415056618592464,-0.602603145916253,0,-0.962008310122861,1,44,6,4.7651806539914,4.7651806539914,2.30205010252323,4.7651806539914,4.7651806539914,2.30205010252323,0.614746898723613,0.614746898723613,0.595273242853254,0.586651539204691,0.586651539204691,0.571752284099858
10.5397410232557,10.9008108615557,1,0,1,0.285564320438589,0.872015938687267,1,-0.962008310122861,1,44,6,9.37809638814364,9.37809638814364,3.517684590819,9.37809638814364,9.37809638814364,3.517684590819,0.694928076492346,0.694928076492346,0.577051143030106,0.64972768491442,0.64972768491442,0.557910005638498
7.28279529155734,6.94348363433933,1,1,1,-0.84521836234807,-2.00868374923265,1,-0.962008310122861,1,44,6,7.5102299417571,7.5102299417571,-1.62458046267423,7.5102299417571,7.5102299417571,-1.62458046267423,0.622948033358372,0.622948033358372,0.423632778940182,0.592964962651038,0.592964962651038,0.442607923517404
5.86631675620969,5.5317239446938,1,1,1,0.555377641507488,-0.512467170364169,0,-0.962008310122861,1,44,6,5.03545072460642,5.03545072460642,2.67282812390536,5.03545072460642,5.03545072460642,2.67282812390536,0.634327262071436,0.634327262071436,0.599845824074842,0.601768177405288,0.601768177405288,0.575240031637518
4.16775637323773,0.870916545295889,0,1,0,0.380123682413112,-0.278624740761303,0,-0.962008310122861,1,44,6,2.55616263531948,4.73379438148378,2.55616263531948,2.55616263531948,4.73379438148378,2.55616263531948,0.60821822633026,0.624389553940497,0.60821822633026,0.581642758735528,0.594077290504779,0.581642758735528
9.53535956925004,9.4168245153067,1,1,1,2.1294722472914,0.699322462320649,0,-0.962008310122861,1,44,6,9.62185887446422,9.62185887446422,7.03280696815801,9.62185887446422,9.62185887446422,7.03280696815801,0.927272025161449,0.927272025161449,0.58952224741667,0.875936251621483,0.875936251621483,0.567374202895576
2.36548312085745,1.45110025459707,1,1,1,-2.23428991404604,1.07856774577182,0,-0.962008310122861,1,44,6,1.9478363111536,1.9478363111536,-1.3154720710657,1.9478363111536,1.9478363111536,-1.3154720710657,0.933253044421566,0.933253044421566,0.558365416185689,0.883834030940297,0.883834030940297,0.543794337410153
16.2160284031988,13.8013632285261,1,1,1,0.838536019487416,1.79655628276418,1,-0.962008310122861,1,44,6,13.875782810133,13.875782810133,5.54816833299356,13.875782810133,13.875782810133,5.54816833299356,0.656956405900203,0.656956405900203,0.461240451603005,0.619444390032055,0.619444390032055,0.470952531655713
3.74883465447583,0.020245395005476,0,1,1,-1.5105940408599,0.0587442932532899,0,-0.962008310122861,1,44,6,1.21554711477787,1.21554711477787,-0.887903777211963,1.21554711477787,1.21554711477787,-0.887903777211963,0.823906722910388,0.823906722910388,0.611558843052926,0.762321419093877,0.762321419093877,0.584203844174855
4.89434421612536,2.78142550341127,0,1,1,-0.402125402440333,-1.48737070362653,0,-0.962008310122861,1,44,6,4.09519011275383,4.09519011275383,-0.217081497252637,4.09519011275383,4.09519011275383,-0.217081497252637,0.528155854057225,0.528155854057225,0.509098521330405,0.521091150083724,0.521091150083724,0.506812469434761
4.5984694569966,4.3237251954016,0,1,1,-0.0157929446281984,-0.238969341174294,0,-0.962008310122861,1,44,6,3.96109112684514,3.96109112684514,1.80398478082387,3.96109112684514,3.96109112684514,1.80398478082387,0.609171635211573,0.609171635211573,0.609143536809355,0.582373307062406,0.582373307062406,0.582351772358437
6.16747136348667,5.60128790380693,1,0,1,0.0343942150234074,-0.913220354155354,0,-0.962008310122861,1,44,6,4.16407950238965,4.16407950238965,1.23010808714602,4.16407950238965,4.16407950238965,1.23010808714602,0.573790370474377,0.573790370474377,0.573653646862624,0.555441557080386,0.555441557080386,0.555338106988252
10.72371760171,9.06072670647624,1,1,1,1.31705221868783,-0.255846095957597,1,-0.962008310122861,1,44,6,9.61825557748936,9.61825557748936,4.45279835267262,9.61825557748936,9.61825557748936,4.45279835267262,0.851939091279339,0.851939091279339,0.608767158771478,0.790047871179486,0.790047871179486,0.582063340501807
1.86029367011122,2.36994615697658,1,1,1,-1.7185852458501,0.238909603948424,0,-0.962008310122861,1,44,6,1.03335692236158,1.03335692236158,-1.12372087649721,1.03335692236158,1.03335692236158,-1.12372087649721,0.865024657674145,0.865024657674145,0.609144823231267,0.80360913751001,0.80360913751001,0.582352758270468
9.75426739486493,10.3428542069774,1,0,1,1.56317762103184,0.879643059593264,0,-0.962008310122861,1,44,6,8.9543102252021,8.9543102252021,6.0805383129115,8.9543102252021,8.9543102252021,6.0805383129115,0.813426744168345,0.813426744168345,0.576434586230536,0.752352853001866,0.752352853001866,0.557443080690987
8.38459049954517,7.20167376476603,1,1,1,0.978481354619048,0.988322593837477,0,-0.962008310122861,1,44,6,8.09660686381977,8.09660686381977,5.01982531433013,8.09660686381977,8.09660686381977,5.01982531433013,0.673298643431413,0.673298643431413,0.567038994012879,0.632371908911184,0.632371908911184,0.550337937834365
2.68770774637217,1.15436008756149,1,1,1,-0.737772763924163,0.0457684162483365,0,-0.962008310122861,1,44,6,2.74685764758045,2.74685764758045,0.644762899654567,2.74685764758045,2.74685764758045,0.644762899654567,0.670866426350715,0.670866426350715,0.611619822897992,0.630438407367793,0.630438407367793,0.584250629608708
7.58130668141329,8.6049606711341,1,1,1,0.277375562687295,0.0799015609339659,1,-0.962008310122861,1,44,6,7.8155769570028,7.8155769570028,2.70919269756311,7.8155769570028,7.8155769570028,2.70919269756311,0.724060507974595,0.724060507974595,0.611426931003119,0.673629517905051,0.673629517905051,0.584102641946002
2.99265629023279,3.78092731389087,1,1,1,-1.87230385960431,0.150175570526222,1,-0.962008310122861,1,44,6,3.60266056455504,3.60266056455504,-1.51989213742784,3.60266056455504,3.60266056455504,-1.51989213742784,0.932321172328577,0.932321172328577,0.610699565375706,0.882588774272646,0.882588774272646,0.583544717784211
3.1640495645338,2.42128264214116,0,1,1,-1.12700790041567,0.544416398832267,0,-0.962008310122861,1,44,6,2.76132982457297,2.76132982457297,0.36494060925548,2.76132982457297,2.76132982457297,0.36494060925548,0.731357008532196,0.731357008532196,0.598311429668091,0.679724890579029,0.679724890579029,0.574068978051678
4.75812348841564,2.99942869698289,0,1,0,1.06579669262708,0.311928717184482,0,-0.962008310122861,1,44,6,4.51806211369319,6.71536163829755,4.51806211369319,4.51806211369319,6.71536163829755,4.51806211369319,0.607330882080704,0.726210287803601,0.607330882080704,0.580963103257064,0.675420519546117,0.580963103257064
0.00270897130369319,-2.81141646907392,1,0,0,-0.711126747572786,-2.39940371869042,0,-0.962008310122861,1,44,6,-1.74711720258143,6.11002100268397,-1.74711720258143,-1.74711720258143,6.11002100268397,-1.74711720258143,0.346607387657772,0.402633182667069,0.346607387657772,0.383355735210485,0.426651595872158,0.383355735210485
7.29019903502366,3.94458796391734,0,1,1,0.4765251561641,0.201389017694237,0,-0.962008310122861,1,44,6,5.36953687772484,5.36953687772484,3.22897934127699,5.36953687772484,5.36953687772484,3.22897934127699,0.635146426062796,0.635146426062796,0.609889033259737,0.602403964497846,0.602403964497846,0.582923212966681
2.5851317846932,3.36850281384203,0,1,1,-0.98980379962132,0.263961034675528,0,-0.962008310122861,1,44,6,2.52856887451442,2.52856887451442,0.358893446687445,2.52856887451442,2.52856887451442,0.358893446687445,0.712241629931828,0.712241629931828,0.608576995432152,0.663852713202664,0.663852713202664,0.581917629560322
5.79606964423849,2.84967984251204,0,1,1,-0.284651310639108,-0.46422256478525,0,-0.962008310122861,1,44,6,3.35651741484689,3.35651741484689,1.04101482519109,3.35651741484689,3.35651741484689,1.04101482519109,0.611132216300552,0.611132216300552,0.601983889227477,0.583876559919671,0.583876559919671,0.576873000712908
8.11196743838237,9.12258677120589,0,1,1,-0.932291077804691,0.81755243825425,1,-0.962008310122861,1,44,6,6.79590228319489,6.79590228319489,1.02751029389942,6.79590228319489,6.79590228319489,1.02751029389942,0.77149509708793,0.77149509708793,0.581291467865982,0.714198236171858,0.714198236171858,0.561123643625158
9.37429317933572,5.98577397305577,1,1,1,1.20471996588318,0.349625403456308,0,-0.962008310122861,1,44,6,7.05584326921921,7.05584326921921,4.83360534647722,7.05584326921921,7.05584326921921,4.83360534647722,0.75423858769279,0.75423858769279,0.606204773251635,0.699166840316692,0.699166840316692,0.580100939810313
5.33069492895996,4.26068267191134,1,1,1,-0.660748059032012,0.939296849988003,0,-0.962008310122861,1,44,6,4.67461931557592,4.67461931557592,1.69234074317853,4.67461931557592,4.67461931557592,1.69234074317853,0.621078692190248,0.621078692190248,0.571418856760723,0.591523700049641,0.591523700049641,0.553647755100983
7.23774373755678,7.99731865726146,0,1,1,1.24119821010757,-0.173667476080157,0,-0.962008310122861,1,44,6,6.51342934763759,6.51342934763759,4.38326895538953,6.51342934763759,6.51342934763759,4.38326895538953,0.765246974685789,0.765246974685789,0.610357157305845,0.708715982399671,0.708715982399671,0.583282136848619
6.01907089798588,3.93249109418732,1,1,1,0.617286963170193,-1.02983794000077,0,-0.962008310122861,1,44,6,5.4398421802592,5.4398421802592,2.27927599759418,5.4398421802592,5.4398421802592,2.27927599759418,0.60684971564979,0.60684971564979,0.563147501161301,0.580594665334738,0.580594665334738,0.547400363846976
6.93143400807305,4.49159168842391,1,1,1,0.209477261068815,-0.404560479946961,0,-0.962008310122861,1,44,6,4.35260323538014,4.35260323538014,2.08893405344523,4.35260323538014,4.35260323538014,2.08893405344523,0.609284979728278,0.609284979728278,0.604331543265647,0.5824601773427,0.5824601773427,0.578667680510709
12.682443703785,10.5164561494274,1,1,1,1.44114195203984,1.52348776230916,0,-0.962008310122861,1,44,6,10.9013266395492,10.9013266395492,6.4803116776434,10.9013266395492,10.9013266395492,6.4803116776434,0.731065656974096,0.731065656974096,0.503965746107405,0.679480588006524,0.679480588006524,0.502969201858545
5.78081513296289,4.56651124290336,0,1,1,-0.983194825526251,0.0849501983521069,1,-0.962008310122861,1,44,6,5.30031709475423,5.30031709475423,0.193100558554162,5.30031709475423,5.30031709475423,0.193100558554162,0.800673822405633,0.800673822405633,0.611389501102393,0.740473775528349,0.740473775528349,0.58407392701036
10.5477823890975,9.45369962902575,0,1,1,0.962890471315266,1.44759899591021,0,-0.962008310122861,1,44,6,9.64346280275554,9.64346280275554,5.4479199497953,9.64346280275554,9.64346280275554,5.4479199497953,0.621665062039917,0.621665062039917,0.514606154601003,0.591975648389013,0.591975648389013,0.510937197274333
6.77112935831025,5.10087700035464,0,0,0,0.495692449170834,-0.465838115949397,0,0.164304771279437,0,59,7,3.96438884047648,6.28139399074776,3.96438884047648,3.96438884047648,6.28139399074776,3.96438884047648,0.587519216592826,0.615371749416545,0.587519216592826,0.565851467922348,0.587131699813893,0.565851467922348
2.00194758878368,1.3212303460619,0,0,0,-0.962315223677988,-0.549234302714402,0,0.164304771279437,0,59,7,1.04837349477884,3.45003181405701,1.04837349477884,1.04837349477884,3.45003181405701,1.04837349477884,0.583634443682712,0.684929837046225,0.583634443682712,0.56290118032185,0.641667580841705,0.56290118032185
3.76212412638804,2.68954006449455,0,0,0,0.64599593586958,0.3702315823871,0,0.164304771279437,0,59,7,4.26499581387397,6.50206723847083,4.26499581387397,4.26499581387397,6.50206723847083,4.26499581387397,0.591177908805293,0.637921483427008,0.591177908805293,0.568633675377556,0.604559956408446,0.568633675377556
5.03684185471755,4.27248270501214,0,1,0,0.557484369035295,-0.790292387573692,0,0.164304771279437,0,59,7,4.0879726802054,6.81253473806233,4.0879726802054,4.0879726802054,6.81253473806233,4.0879726802054,0.568728923604342,0.604344958218701,0.568728923604342,0.551614537068522,0.578677940659565,0.551614537068522
4.37655602601052,6.71639706602777,0,0,0,0.393601879520734,-0.470604827325973,1,0.164304771279437,0,59,7,3.76020770117628,9.08167660467879,3.76020770117628,3.76020770117628,9.08167660467879,3.76020770117628,0.58731462786026,0.711086488001025,0.58731462786026,0.565695996086237,0.662903246543322,0.565695996086237
3.88330255300692,5.73096456768929,1,0,0,0.455628835498504,0.721517307177217,0,0.164304771279437,0,59,7,3.88426161313182,6.50484883768808,3.88426161313182,3.88426161313182,6.50484883768808,3.88426161313182,0.573542753484795,0.597356844870888,0.573542753484795,0.555254203991954,0.573340791264195,0.555254203991954
1.54963009543425,-0.86751542411008,1,0,0,-1.28350985528082,0.593656095936387,1,0.164304771279437,0,59,7,0.40598423157318,5.85841179181561,0.40598423157318,0.40598423157318,5.85841179181561,0.40598423157318,0.581299830775387,0.830772036624254,0.581299830775387,0.561129985892863,0.768961624084195,0.561129985892863
7.17858205662405,5.72293683565718,1,0,1,-0.480869459969608,0.205827553128952,1,0.164304771279437,0,59,7,7.15363000382265,7.15363000382265,2.0112650221956,7.15363000382265,7.15363000382265,2.0112650221956,0.725353601053854,0.725353601053854,0.595500315495051,0.67470632359541,0.67470632359541,0.571925339704041
5.27782054452759,3.75826176471468,1,0,0,0.113071690255381,0.645931549016642,0,0.164304771279437,0,59,7,3.19914732264557,5.71637488866061,3.19914732264557,3.19914732264557,5.71637488866061,3.19914732264557,0.57831498068261,0.579787972172428,0.57831498068261,0.558867395860645,0.559983695293252,0.558867395860645
0.0973639775180779,0.775323492435172,1,0,0,-0.752967620765529,-2.49981142608117,1,0.164304771279437,0,59,7,1.46706870060375,12.8161258665697,1.46706870060375,1.46706870060375,12.8161258665697,1.46706870060375,0.312731638899291,0.488557599928365,0.312731638899291,0.356453171280218,0.491432291914569,0.356453171280218
6.95347705014278,7.51381408181637,1,1,0,1.80861279233542,-0.560653290170118,1,0.164304771279437,0,59,7,6.59022952680566,12.0045616385842,6.59022952680566,6.59022952680566,12.0045616385842,6.59022952680566,0.583051972642211,0.915948953037351,0.583051972642211,0.56245915273809,0.861548418248555,0.56245915273809
2.44796494329754,3.87434159053074,1,0,0,-0.264100995681008,-0.189869572968877,0,0.164304771279437,0,59,7,2.4448019507728,4.58085240551218,2.4448019507728,2.4448019507728,4.58085240551218,2.4448019507728,0.5957880168317,0.60370737665426,0.5957880168317,0.572144622753475,0.578190362803866,0.572144622753475
6.14909174420884,6.14185087096013,0,0,0,1.00950417667206,3.18556436614013,1,0.164304771279437,0,59,7,4.99201229547894,20.2398326263007,4.99201229547894,4.99201229547894,20.2398326263007,4.99201229547894,0.177433035206333,0.361404945001872,0.177433035206333,0.23896399660106,0.394916222526601,0.23896399660106
-0.98037308064653,-0.455503814642002,0,0,0,-2.13782231935071,-1.88896974896175,1,0.164304771279437,0,59,7,-1.30264069656661,7.36556601592603,-1.30264069656661,-1.30264069656661,7.36556601592603,-1.30264069656661,0.430608610839756,0.915860420410417,0.430608610839756,0.447884862046324,0.861438584182273,0.447884862046324
6.23463807086064,3.99606433394009,0,0,0,1.14880141744687,0.818140482943257,0,0.164304771279437,0,59,7,5.27060677702855,8.03996062685918,5.27060677702855,5.27060677702855,8.03996062685918,5.27060677702855,0.566651280010764,0.709682300750904,0.566651280010764,0.550045132711477,0.661750486705408,0.550045132711477
-0.198898406644854,0.951961690362066,1,0,0,-0.590664125499809,1.08878076348433,0,0.164304771279437,0,59,7,1.79167569113519,5.07711924206872,1.79167569113519,1.79167569113519,5.07711924206872,1.79167569113519,0.542568794420681,0.583102482383599,0.542568794420681,0.531908570641193,0.562497480401103,0.531908570641193
0.219542443964588,0.128066659032473,0,1,0,-0.657012991215159,-0.322897667321588,0,0.164304771279437,0,59,7,1.65897795970449,3.86324086326622,1.65897795970449,1.65897795970449,3.86324086326622,1.65897795970449,0.59267684768358,0.640923714987802,0.59267684768358,0.569774576040418,0.606896265225164,0.569774576040418
2.64213690604054,6.53548023166537,0,0,0,0.289398623867532,0.493610539946709,0,0.164304771279437,0,59,7,3.55180118986988,5.89545255501636,3.55180118986988,3.55180118986988,5.89545255501636,3.55180118986988,0.586297506370321,0.595869014356413,0.586297506370321,0.564923223336585,0.572206362566853,0.564923223336585
2.41666652053899,4.75043345493247,0,0,0,0.416671298106554,0.364143076927426,0,0.164304771279437,0,59,7,3.80634653834792,6.03894671882209,3.80634653834792,3.80634653834792,6.03894671882209,3.80634653834792,0.591382284473298,0.611068841547157,0.591382284473298,0.568789197117148,0.583827947655974,0.568789197117148
4.52379490072509,4.99225436500212,1,0,0,0.426685740334573,-0.750061457362386,1,0.164304771279437,0,59,7,3.82637542280396,9.48896761262454,3.82637542280396,3.82637542280396,9.48896761262454,3.82637542280396,0.571599553435928,0.700279771283296,0.571599553435928,0.553784390915077,0.654070220635322,0.553784390915077
4.77455671052942,7.82814639841916,0,0,1,0.528048322319368,0.467462376318157,0,0.164304771279437,0,59,7,6.34762166004657,6.34762166004657,4.02910058677355,6.34762166004657,6.34762166004657,4.02910058677355,0.619008360983449,0.619008360983449,0.587449740001438,0.589929011283951,0.589929011283951,0.565798669780923
2.95852135758369,1.86404087179046,0,0,0,-0.0772524822111096,0.37126506408633,0,0.164304771279437,0,59,7,2.81849897771259,5.05633672552362,2.81849897771259,2.81849897771259,5.05633672552362,2.81849897771259,0.591142877993538,0.591824748417048,0.591142877993538,0.56860701947651,0.569125933927607,0.56860701947651
3.43228172901266,5.32919548102169,1,0,0,0.303923021355136,0.531558841858305,0,0.164304771279437,0,59,7,3.58084998484508,5.96340478720283,3.58084998484508,3.58084998484508,5.96340478720283,3.58084998484508,0.584511995649121,0.595077989353833,0.584511995649121,0.563567300123321,0.571603490227159,0.563567300123321
0.0193987800044517,-0.265590295175041,0,0,0,-1.08239193235012,-0.00428250307366503,0,0.164304771279437,0,59,7,0.808220077434574,2.90823841726715,0.808220077434574,0.808220077434574,2.90823841726715,0.808220077434574,0.59742849955964,0.721277072789352,0.59742849955964,0.573395442316574,0.671316530201362,0.573395442316574
0.875678994234893,2.53772894596092,0,0,0,-0.687695996546479,1.1609064935159,1,0.164304771279437,0,59,7,1.59761194904185,8.04531583572924,1.59761194904185,1.59761194904185,8.04531583572924,1.59761194904185,0.534952645227363,0.697959934343408,0.534952645227363,0.52618974143286,0.652185332254276,0.52618974143286
2.7594388982754,2.87454454272105,1,0,0,0.0807481501128085,-0.733589562389035,0,0.164304771279437,0,59,7,3.13450024236043,5.77265388840657,3.13450024236043,3.13450024236043,5.77265388840657,3.13450024236043,0.572730369508567,0.573484229114827,0.572730369508567,0.554639627851163,0.555209924970516,0.554639627851163
2.42513841956322,2.36589961911048,0,0,0,-0.42972015856741,0.469972284557671,0,0.164304771279437,0,59,7,2.11356362499999,4.43443757325235,2.11356362499999,2.11356362499999,4.43443757325235,2.11356362499999,0.587341898310006,0.608336544366774,0.587341898310006,0.565716718915347,0.581733403333418,0.565716718915347
4.70680075350934,5.84726944256833,1,0,0,-0.215825319609043,-1.08379536007014,0,0.164304771279437,0,59,7,2.54135330291673,5.8159656854263,2.54135330291673,2.54135330291673,5.8159656854263,2.54135330291673,0.543076550017211,0.548530102606987,0.543076550017211,0.532290075735819,0.536389747626383,0.532290075735819
2.71631422398193,1.67693513700487,1,0,0,-0.68267986237093,-0.0584998876754446,0,0.164304771279437,0,59,7,1.60764421739295,3.71106645425099,1.60764421739295,1.60764421739295,3.71106645425099,1.60764421739295,0.59727361403086,0.649033929476672,0.59727361403086,0.573277312977338,0.613228234016008,0.573277312977338
4.60673059316536,3.29686185728662,0,0,0,0.571808929464178,-0.754852261966622,1,0.164304771279437,0,59,7,4.11662180106317,9.78642373845929,4.11662180106317,4.11662180106317,9.78642373845929,4.11662180106317,0.571265808577251,0.714276783989138,0.571265808577251,0.553532031396001,0.665528078905617,0.553532031396001
1.15579182207139,1.70123435422712,0,0,0,-0.333123682639856,0.136236065456956,1,0.164304771279437,0,59,7,2.3067565768551,7.42531684238629,2.3067565768551,2.3067565768551,7.42531684238629,2.3067565768551,0.596584573503454,0.714714348196826,0.596584573503454,0.572751875447455,0.665888720455817,0.572751875447455
1.96123135996787,1.35780202426557,1,1,0,-0.723770980144769,-0.302019687935239,0,0.164304771279437,0,59,7,1.52546198184527,3.71667787374577,1.52546198184527,1.52546198184527,3.71667787374577,1.52546198184527,0.593272477774451,0.651479131408619,0.593272477774451,0.570228106799279,0.615143455343972,0.570228106799279
7.24830414171441,4.67317179357561,1,0,0,1.51781071367795,1.30702345747574,0,0.164304771279437,0,59,7,6.00862536949071,9.81693568788255,6.00862536949071,6.00862536949071,9.81693568788255,6.00862536949071,0.51797580011603,0.762276038711273,0.51797580011603,0.513461360688721,0.706125371056455,0.513461360688721
3.11736932368075,3.17727878878616,1,0,0,-0.0456216451181486,-0.210046911524744,1,0.164304771279437,0,59,7,2.88176065189851,8.0258803569396,2.88176065189851,2.88176065189851,8.0258803569396,2.88176065189851,0.595420355984299,0.703010304455939,0.595420355984299,0.571864399617993,0.656293802212866,0.571864399617993
2.57706878896889,3.55098312902803,0,0,0,0.372641508116138,-0.678439988894819,0,0.164304771279437,0,59,7,3.71828695836709,6.27856777689869,3.71828695836709,3.71828695836709,6.27856777689869,3.71828695836709,0.576328807743511,0.592272049265718,0.576328807743511,0.557362982217477,0.569466406860678,0.557362982217477
4.35505538392828,4.64922681391233,0,0,0,0.503731422537521,1.0993591836553,1,0.164304771279437,0,59,7,3.98046678720985,10.2890574018971,3.98046678720985,3.98046678720985,10.2890574018971,3.98046678720985,0.541483399452266,0.681321589068947,0.541483399452266,0.531093159277644,0.638774880648747,0.531093159277644
0.646118386197034,2.04671715279645,0,0,0,-0.731523347785821,-2.01238293774167,0,0.164304771279437,0,59,7,1.50995724656317,7.65964233467695,1.50995724656317,1.50995724656317,7.65964233467695,1.50995724656317,0.408443637464271,0.47063848641278,0.408443637464271,0.431078320419229,0.478004721770915,0.431078320419229
3.59389274097618,3.37296954767162,1,0,0,0.298938746146028,-0.713589846261538,1,0.164304771279437,0,59,7,3.57088143442687,9.18009190311443,3.57088143442687,3.57088143442687,9.18009190311443,3.57088143442687,0.574068686233191,0.693108643785355,0.574068686233191,0.555652153606826,0.648255918860426,0.555652153606826
1.42626014526429,1.02444938114088,0,0,0,-1.26484280886124,-1.77720786058594,0,0.164304771279437,0,59,7,0.443318324412338,5.70178610414079,0.443318324412338,0.443318324412338,5.70178610414079,0.443318324412338,0.449685526744304,0.635066708459871,0.449685526744304,0.462267967437213,0.602342079737299,0.462267967437213
3.17624606103745,3.1814470987014,1,0,0,-0.0507818884659716,1.23393687586858,0,0.164304771279437,0,59,7,2.87144016520287,6.49404037883118,2.87144016520287,2.87144016520287,6.49404037883118,2.87144016520287,0.526726072580022,0.527029590892858,0.526726072580022,0.520019113071382,0.520246674835567,0.520019113071382
-0.0136418617239511,2.21772280606868,0,0,0,-1.01164628627643,0.402063447665697,0,0.164304771279437,0,59,7,0.949711369581945,3.21136638553077,0.949711369581945,0.949711369581945,3.21136638553077,0.949711369581945,0.590053684790352,0.70045375308501,0.590053684790352,0.567778389770941,0.65421173869137,0.567778389770941
5.36734824788391,6.33111694676167,0,0,0,1.57916816303209,-1.77892284773714,0,0.164304771279437,0,59,7,6.131340268199,11.3959067664002,6.131340268199,6.131340268199,11.3959067664002,6.131340268199,0.44940040554265,0.726649060023384,0.44940040554265,0.462053444531038,0.675786560765016,0.462053444531038
0.796518404929962,0.198156947804289,1,0,0,-1.58441562510324,-0.165393125943282,0,0.164304771279437,0,59,7,-0.195827308071667,1.93152757803762,-0.195827308071667,-0.195827308071667,1.93152757803762,-0.195827308071667,0.596184100016197,0.830296659512449,0.596184100016197,0.572446552569018,0.768498893200921,0.572446552569018
-0.264554571818765,1.31401563278706,1,0,0,-1.19846479713962,1.08040102071099,0,0.164304771279437,0,59,7,0.576074347855577,3.84334071340894,0.576074347855577,0.576074347855577,3.84334071340894,0.576074347855577,0.543420876354136,0.701515510121265,0.543420876354136,0.532548805648095,0.655075856323372,0.532548805648095
5.75173209880193,4.54107777674215,0,0,0,0.959185480117438,0.317738668425637,0,0.164304771279437,0,59,7,4.89137490236969,7.09233276378259,4.89137490236969,4.89137490236969,7.09233276378259,4.89137490236969,0.592827756100777,0.692498705154442,0.592827756100777,0.569889472875732,0.647763040512547,0.569889472875732
1.18291585984792,1.01108733278086,0,0,0,-0.408725026442376,0.102907764401945,0,0.164304771279437,0,59,7,2.15555388925006,4.26614389722427,2.15555388925006,2.15555388925006,4.26614389722427,2.15555388925006,0.59694740268951,0.615809818165882,0.59694740268951,0.573028538580504,0.587468412599237,0.573028538580504
3.10108267150842,2.6995745392884,0,0,0,-0.222479670428743,0.113579497525262,1,0.164304771279437,0,59,7,2.52804460127733,7.64094490353542,2.52804460127733,2.52804460127733,7.64094490353542,2.52804460127733,0.596842241799377,0.70892961324161,0.596842241799377,0.572948347730618,0.661133203404374,0.572948347730618
4.10107888747156,4.35201138664713,1,0,0,0.571254526895164,-0.662515523550233,0,0.164304771279437,0,59,7,4.11551299592514,6.65443981487018,4.11551299592514,4.11551299592514,6.65443981487018,4.11551299592514,0.577314228168393,0.614458577938285,0.577314228168393,0.558109269211017,0.586430028540849,0.558109269211017
-0.0738541205343972,1.25101495681204,0,0,0,-0.867100520527426,-0.815439664176109,0,0.164304771279437,0,59,7,1.23880290107996,4.0037447469916,1.23880290107996,1.23880290107996,4.0037447469916,1.23880290107996,0.566856028794504,0.65132067997471,0.566856028794504,0.550199757156979,0.61501925821116,0.550199757156979
3.11857593165182,4.32294300434212,1,0,0,-0.198181667033615,0.162905232583031,0,0.164304771279437,0,59,7,2.57664060806758,4.70317872287051,2.57664060806758,2.57664060806758,4.70317872287051,2.57664060806758,0.5962212978219,0.600685320533154,0.5962212978219,0.5724749103837,0.575881038606953,0.5724749103837
7.14849008096113,5.87408964221048,1,0,0,1.19253509662629,0.910652758210301,0,0.164304771279437,0,59,7,5.3580741353874,8.28736258142342,5.3580741353874,5.3580741353874,8.28736258142342,5.3580741353874,0.559215037173309,0.713438005006187,0.559215037173309,0.544434715889796,0.664837184712041,0.544434715889796
1.56778036064461,1.72267900225634,1,0,0,-0.366544184384377,-1.37567950331193,1,0.164304771279437,0,59,7,2.23991557336606,9.23240966919862,2.23991557336606,2.23991557336606,9.23240966919862,2.23991557336606,0.509287051192357,0.639547947662503,0.509287051192357,0.506953645673944,0.605825156471055,0.506953645673944
5.57732998039678,5.2279491407166,1,1,0,0.24120681088614,0.235847370252274,0,0.164304771279437,0,59,7,3.45541756390709,5.611041545962,3.45541756390709,3.45541756390709,5.611041545962,3.45541756390709,0.594896007860939,0.601509935282615,0.594896007860939,0.571464820207248,0.576510892350239,0.571464820207248
4.88863124499933,7.67977872676009,1,0,0,1.90870010422866,1.48232303823783,0,0.164304771279437,0,59,7,6.79040415059213,11.0876857402827,6.79040415059213,6.79040415059213,11.0876857402827,6.79040415059213,0.494899559065337,0.847579028209295,0.494899559065337,0.496181205501146,0.78562318646715,0.496181205501146
1.26826277224949,3.86118722413584,0,0,0,-0.676476657812856,0.104758321645604,1,0.164304771279437,0,59,7,1.6200506265091,6.7310249324631,1.6200506265091,1.6200506265091,6.7310249324631,1.6200506265091,0.596929910650668,0.747483759324784,0.596929910650668,0.57301519973275,0.69337280026546,0.57301519973275
3.38753191148074,1.10826383762187,1,0,0,-0.235617286528687,-1.41431902956867,0,0.164304771279437,0,59,7,2.50176936907744,6.6020676864775,2.50176936907744,2.50176936907744,6.6020676864775,2.50176936907744,0.504198657171781,0.510749236839702,0.504198657171781,0.503143589205184,0.508048603405484,0.503143589205184
2.86234805117148,1.72624733717681,0,0,0,-0.193571678252555,1.48419643385334,0,0.164304771279437,0,59,7,2.5858605856297,6.88869963989267,2.5858605856297,2.5858605856297,6.88869963989267,2.5858605856297,0.494637224714137,0.499059321581903,0.494637224714137,0.495984784036274,0.49929570521316,0.495984784036274
6.36192582260356,4.63604867139984,0,0,0,0.863906812644905,-0.598932296147691,0,0.164304771279437,0,59,7,4.70081756742462,7.15953746279337,4.70081756742462,4.70081756742462,7.15953746279337,4.70081756742462,0.581010235096362,0.663813030306312,0.581010235096362,0.560910372020659,0.624850401084369,0.560910372020659
4.70727026707937,1.54829176154769,1,0,0,-0.26581009862479,0.517662063816885,0,0.164304771279437,0,59,7,2.44138374488523,4.80935775720039,2.44138374488523,2.44138374488523,4.80935775720039,2.44138374488523,0.585181445364409,0.593266973305941,0.585181445364409,0.564075587278005,0.570223915074977,0.564075587278005
7.77432458752136,3.17241667231713,1,0,0,1.78805623624634,1.05157537932157,1,0.958620087029286,1,52,8,6.70873538055821,12.9145461589535,6.70873538055821,6.70873538055821,12.9145461589535,6.70873538055821,0.34017988689599,0.790549185728914,0.34017988689599,0.378300794272959,0.731222488038035,0.378300794272959
11.3497355756455,7.07501564731991,0,0,1,-0.129841250748923,1.38298601633171,1,0.958620087029286,1,52,8,10.2170013649469,10.2170013649469,3.20435104357783,10.2170013649469,10.2170013649469,3.20435104357783,0.417309028819447,0.417309028819447,0.306658264680486,0.437814756090719,0.437814756090719,0.351555654629816
2.27791649742253,-0.506594894517447,0,0,1,-1.08154878718493,-1.04794822005927,0,0.958620087029286,1,52,8,2.06819720624022,2.06819720624022,-1.12999826568517,2.06819720624022,2.06819720624022,-1.12999826568517,0.473097934882365,0.473097934882365,0.340504348024248,0.479848931190763,0.479848931190763,0.378556483326419
0.853469353787486,1.36011216612941,0,0,1,-0.551309255733307,-0.460682227008651,0,0.958620087029286,1,52,8,2.82997490455035,2.82997490455035,0.517746790268699,2.82997490455035,2.82997490455035,0.517746790268699,0.413549453078374,0.413549453078374,0.379163516024184,0.434960512132128,0.434960512132128,0.408662938577054
3.51979987642835,2.65662448157172,1,1,1,0.146093571620761,-0.0327574227029376,0,0.958620087029286,1,52,8,4.44155029802469,4.44155029802469,2.34047724928255,4.44155029802469,4.44155029802469,2.34047724928255,0.391020941428856,0.391020941428856,0.388618647053489,0.417774271993005,0.417774271993005,0.415932316916377
9.86842661003951,6.45033563533811,1,1,1,0.824739332302538,-0.361241926319146,1,0.958620087029286,1,52,8,8.59977999636066,8.59977999636066,3.36928426702989,8.59977999636066,8.59977999636066,3.36928426702989,0.578380954122604,0.578380954122604,0.382813379963266,0.558917382630866,0.558917382630866,0.411472880168532
7.85566232783029,3.98667110794599,0,1,1,1.25369517174121,-0.380227051025299,0,0.958620087029286,1,52,8,6.45278343153248,6.45278343153248,4.20821082120108,6.45278343153248,6.45278343153248,4.20821082120108,0.565182877692453,0.565182877692453,0.38218384731004,0.548936448024324,0.548936448024324,0.410988568394125
0.270721599647348,-0.567832403464176,0,0,0,-0.573275640644242,0.12198450629399,0,0.958620087029286,1,52,8,1.05648075374947,3.17136097352526,1.05648075374947,1.05648075374947,3.17136097352526,1.05648075374947,0.387997856287317,0.425478851499945,0.387997856287317,0.415456007088446,0.444005433133816,0.415456007088446
4.48042892466217,1.86849104959647,0,0,1,0.304801476573059,-0.638269697323308,0,0.958620087029286,1,52,8,4.55976899108796,4.55976899108796,2.05238078456677,4.55976899108796,4.55976899108796,2.05238078456677,0.380818662707197,0.380818662707197,0.370501622957448,0.40993780645251,0.40993780645251,0.401973970838114
2.962199916055,0.48154260456446,0,1,1,-0.289558346068052,-0.303093616891674,0,0.958620087029286,1,52,8,3.39070296031666,3.39070296031666,1.19883721971619,3.39070296031666,3.39070296031666,1.19883721971619,0.393974918878997,0.393974918878997,0.384542875305963,0.420036589603139,0.420036589603139,0.41280267655757
2.8219668069209,-2.20287617966964,1,0,1,-0.968283866483198,-0.21978266909698,0,0.958620087029286,1,52,8,2.07300154831598,2.07300154831598,-0.0753028733194114,2.07300154831598,2.07300154831598,-0.0753028733194114,0.495235796495762,0.495235796495762,0.386496493158399,0.496432960038148,0.496432960038148,0.41430351564643
1.89026565647291,-1.38071597131477,1,0,0,-0.551577753642238,0.707367787246852,1,0.958620087029286,1,52,8,1.68525980870634,7.28562899514085,1.68525980870634,1.68525980870634,7.28562899514085,1.68525980870634,0.366402233093947,0.517162304726314,0.366402233093947,0.398797770060966,0.51285193081178,0.398797770060966
1.54592812226016,-4.00305538036048,0,1,0,-0.376719264698883,-0.41242844483493,0,0.958620087029286,1,52,8,0.915180554511269,3.18527777662023,0.915180554511269,0.915180554511269,3.18527777662023,0.915180554511269,0.381043323234005,0.397003927680632,0.381043323234005,0.410110771461783,0.422353434482202,0.410110771461783
0.631453328769944,-2.55131010034376,1,0,0,-1.59702920867731,0.211638513648306,0,0.958620087029286,1,52,8,-0.901372374962346,1.24341848549692,-0.901372374962346,-0.901372374962346,1.24341848549692,-0.901372374962346,0.386654220606119,0.67800772309533,0.386654220606119,0.414424628865295,0.636125386750051,0.414424628865295
1.57491256413883,-2.05197163508543,1,1,0,-1.10416983532499,0.0766708773970311,1,0.958620087029286,1,52,8,-0.0506212645089757,5.05525715893186,-0.0506212645089757,-0.0506212645089757,5.05525715893186,-0.0506212645089757,0.388402551114982,0.644467871032309,0.388402551114982,0.415766529508951,0.609659547061781,0.415766529508951
4.29604109838656,-0.00122079447210166,1,1,1,-0.183570573095782,-0.590164121768877,0,0.958620087029286,1,52,8,3.57203595140675,3.57203595140675,1.12374226078352,3.57203595140675,3.57203595140675,1.12374226078352,0.376856132193865,0.376856132193865,0.373116343658563,0.406883964662423,0.406883964662423,0.403996248780088
1.82289379497415,-0.372139261949553,1,1,0,-0.253019466550385,0.371672791646894,0,0.958620087029286,1,52,8,1.94668138729009,4.18482205134068,1.94668138729009,1.94668138729009,4.18482205134068,1.94668138729009,0.382471443916664,0.389652603340277,0.382471443916664,0.411209839998494,0.41672534067868,0.411209839998494
6.19804436381557,3.85275591708302,0,0,1,0.602681586349237,-1.48076172168537,0,0.958620087029286,1,52,8,6.09830425616568,6.09830425616568,1.80564897975707,6.09830425616568,6.09830425616568,1.80564897975707,0.332604269484761,0.332604269484761,0.295446402139969,0.372314724174476,0.372314724174476,0.342446999486156
4.86231058913383,3.04963198993824,1,1,1,-1.67771259956262,0.249717710049709,1,0.958620087029286,1,52,8,4.1376989743809,4.1376989743809,-1.02465996033158,4.1376989743809,4.1376989743809,-1.02465996033158,0.793315542450757,0.793315542450757,0.385865798747836,0.733735266987104,0.733735266987104,0.41381914097185
8.72101130749569,6.20554874967969,0,1,1,0.362193610894961,1.41363803385122,0,0.958620087029286,1,52,8,8.31744527513584,8.31744527513584,4.2190727843851,8.31744527513584,8.31744527513584,4.2190727843851,0.316538318081809,0.316538318081809,0.303201684046585,0.359510423552401,0.359510423552401,0.34875704683619
2.41318072959794,1.8497618964353,1,0,0,0.815016349029712,-0.191176574505186,0,0.958620087029286,1,52,8,3.5199036522982,5.65645213493774,3.5199036522982,3.5199036522982,5.65645213493774,3.5199036522982,0.387024318571112,0.463594020702397,0.387024318571112,0.414708779628842,0.472719462346347,0.414708779628842
4.06011199135622,0.0581542877616202,0,0,0,-0.450306103837963,1.97656692935631,0,0.958620087029286,1,52,8,3.15700225042434,9.16381907664937,3.15700225042434,3.15700225042434,9.16381907664937,3.15700225042434,0.23211132270938,0.249851248001208,0.23211132270938,0.288971821224392,0.304346985409705,0.288971821224392
5.65928937650651,2.46512050993062,1,0,1,-0.778113385814986,-0.649054611285205,1,0.958620087029286,1,52,8,5.39703803425937,5.39703803425937,-0.124233854171214,5.39703803425937,5.39703803425937,-0.124233854171214,0.556226409084548,0.556226409084548,0.369888364454784,0.542182661868706,0.542182661868706,0.401499261779495
6.55649334293674,3.25701661869756,1,0,1,-0.999343237105113,-0.872351842693867,1,0.958620087029286,1,52,8,5.07100694929126,5.07100694929126,-0.789990788160128,5.07100694929126,5.07100694929126,-0.789990788160128,0.586003121309676,0.586003121309676,0.35501101602523,0.564699610057835,0.564699610057835,0.389933662990564
11.4305395276442,8.9113297902041,0,1,1,1.19176087047069,2.12991604943681,0,0.958620087029286,1,52,8,13.2310276967707,13.2310276967707,6.59448531912216,13.2310276967707,13.2310276967707,6.59448531912216,0.345309301027109,0.345309301027109,0.211282399357323,0.382336557207454,0.382336557207454,0.270435207648545
-0.963688242315516,-6.55585354557445,1,0,0,-1.79331011402384,-0.192985271762486,0,0.958620087029286,1,52,8,-1.69855797106621,0.43868534405103,-1.69855797106621,-1.69855797106621,0.43868534405103,-1.69855797106621,0.386993114502191,0.74326889440757,0.386993114502191,0.414684823869911,0.689781305021211,0.414684823869911
8.74859884443446,7.78992929697627,1,0,1,-0.439718576342194,1.15687031389085,1,0.958620087029286,1,52,8,8.79682961311233,8.79682961311233,2.35848068995042,8.79682961311233,8.79682961311233,2.35848068995042,0.464578258339966,0.464578258339966,0.330342296236955,0.473458198584072,0.473458198584072,0.370521191882653
8.56036934128439,4.58899059640975,1,0,1,0.227541043072442,-0.00607549763900708,1,0.958620087029286,1,52,8,7.6300910289214,7.6300910289214,2.53005411724984,7.6300910289214,7.6300910289214,2.53005411724984,0.510990916261925,0.510990916261925,0.388665247233726,0.508229591171371,0.508229591171371,0.415968066174996
13.369229521909,10.3329346110258,1,1,1,1.92415558112589,0.430663182362211,1,0.958620087029286,1,52,8,11.6454926500003,11.6454926500003,6.36002187335795,11.6454926500003,11.6454926500003,6.36002187335795,0.851884969601476,0.851884969601476,0.380356984652437,0.789992671732532,0.789992671732532,0.409582304124804
-3.32735486543063,-4.66890114135692,0,0,0,-1.92668571290079,-1.00127923435007,0,0.958620087029286,1,52,8,-2.77360313140769,0.328956973732967,-2.77360313140769,-2.77360313140769,0.328956973732967,-2.77360313140769,0.344591125276219,0.753174291901361,0.344591125276219,0.381772322507422,0.698250724849796,0.381772322507422
5.63458573490738,1.33213123671704,0,0,0,-0.257358068923582,2.2879464258519,0,0.958620087029286,1,52,8,3.8542778167487,11.1889766643172,3.8542778167487,3.8542778167487,11.1889766643172,3.8542778167487,0.18977492970748,0.194724797347018,0.18977492970748,0.250654423048073,0.255270372292966,0.250654423048073
8.24221563708116,4.91638683314272,1,1,1,1.36715337182801,0.76029200782492,0,0.958620087029286,1,52,8,8.25369021738736,8.25369021738736,5.57564628022491,8.25369021738736,8.25369021738736,5.57564628022491,0.579520929702036,0.579520929702036,0.362991740886278,0.559781280515602,0.559781280515602,0.396149911278177
8.14144450205985,5.30411522778514,1,1,1,1.22633778551853,0.85728202347867,0,0.958620087029286,1,52,8,8.22593759103938,8.22593759103938,5.39100512325969,8.22593759103938,8.22593759103938,5.39100512325969,0.529627238829242,0.529627238829242,0.356143444464716,0.52219455454666,0.52219455454666,0.39081748889473
1.49107119551039,-0.892615046524613,0,0,1,-0.831853050185232,-0.256360619950079,0,0.958620087029286,1,52,8,2.32670157588461,2.32670157588461,0.16098080842342,2.32670157588461,2.32670157588461,0.16098080842342,0.465480250804194,0.465480250804194,0.38571499101421,0.474135116986875,0.474135116986875,0.413703299576955
1.63289356410209,-1.23444506560924,1,0,0,-0.42688907475572,1.45321003742614,0,0.958620087029286,1,52,8,2.68047941665866,6.89229882953474,2.68047941665866,2.68047941665866,6.89229882953474,2.68047941665866,0.298659765390764,0.317121648217294,0.298659765390764,0.345066846509849,0.359978089058244,0.345066846509849
7.1938039644492,4.78011064219569,0,0,1,0.0614418043066142,1.32749789748968,0,0.958620087029286,1,52,8,7.39367970268638,7.39367970268638,3.53142903484687,7.39367970268638,7.39367970268638,3.53142903484687,0.31315908826069,0.31315908826069,0.312773250897111,0.356796937221571,0.356796937221571,0.356486642001102
7.24332360670209,6.31717893292085,1,0,1,0.620284451832662,0.724880237486852,0,0.958620087029286,1,52,8,6.67194802859513,6.67194802859513,4.04649666989614,6.67194802859513,6.67194802859513,4.04649666989614,0.408458601624288,0.408458601624288,0.365299525633445,0.431089708654903,0.431089708654903,0.397942189723849
8.63500626913799,5.11599942338818,0,0,1,1.61616914754328,0.107020733720656,0,0.958620087029286,1,52,8,7.53185999499729,7.53185999499729,5.42040655755118,7.53185999499729,7.53185999499729,5.42040655755118,0.685720973782759,0.685720973782759,0.388151897210051,0.64230294270937,0.64230294270937,0.415574209362926
4.81932671155908,1.90903950071576,1,0,1,-0.670133534166907,0.571604935666567,0,0.958620087029286,1,52,8,3.7391175985551,3.7391175985551,1.31238539607672,3.7391175985551,3.7391175985551,1.31238539607672,0.424981384814434,0.424981384814434,0.374072134362484,0.443628916942334,0.443628916942334,0.404734794757892
6.19879521222007,-0.509023784041155,1,1,1,-0.702611129709169,0.579800125596543,0,0.958620087029286,1,52,8,3.69179358056394,3.69179358056394,1.25562539492217,3.69179358056394,3.69179358056394,1.25562539492217,0.429700809139596,0.429700809139596,0.373653734519474,0.447198732933909,0.447198732933909,0.404411538940861
6.19493403174048,1.57866862703944,0,1,0,0.786835600633441,1.13978666365207,0,0.958620087029286,1,52,8,4.79450539366291,8.19361903230202,4.79450539366291,4.79450539366291,8.19361903230202,4.79450539366291,0.331992514569103,0.399904887444311,0.331992514569103,0.371829946284536,0.424569636760236,0.371829946284536
5.20668555504442,3.4845521079565,1,0,1,-0.892017249039141,-0.0232552081528465,1,0.958620087029286,1,52,8,5.37429862721907,5.37429862721907,0.273757822512835,5.37429862721907,5.37429862721907,0.273757822512835,0.597561632876189,0.597561632876189,0.388642584443105,0.573496987158381,0.573496987158381,0.415950680541961
4.12348984665392,-1.22970218506906,1,0,0,0.462848501183678,-0.795645059425209,1,0.958620087029286,1,52,8,2.21109947168611,7.94415053227385,2.21109947168611,2.21109947168611,7.94415053227385,2.21109947168611,0.360584435813063,0.500281867981104,0.360584435813063,0.394277863465547,0.500211032665672,0.394277863465547
3.18250808594608,-0.236327641298556,0,0,0,0.845735594613522,-0.294604287632638,1,0.958620087029286,1,52,8,3.47791443033837,8.6647061166299,3.47791443033837,3.47791443033837,8.6647061166299,3.47791443033837,0.384770252737362,0.584426877373476,0.384770252737362,0.412977425589388,0.563502681256113,0.412977425589388
10.0103616895698,5.07642270305965,1,1,1,2.55330663333559,-0.200811710890233,0,0.958620087029286,1,52,8,9.12717442775557,9.12717442775557,6.98684908452491,9.12717442775557,9.12717442775557,6.98684908452491,0.934945169826253,0.934945169826253,0.386854715092897,0.8861097249562,0.8861097249562,0.414578568800598
8.55401844256966,2.93282856850594,0,0,1,-0.366523291961544,-1.39469514530622,1,0.958620087029286,1,52,8,6.9984803478554,6.9984803478554,-0.0466942004853483,6.9984803478554,6.9984803478554,-0.0466942004853483,0.429362055721739,0.429362055721739,0.305344310308022,0.446942654689994,0.446942654689994,0.350492795775409
2.27689475876393,-0.290588581300816,1,0,0,-0.298440433734752,0.967793812557207,1,0.958620087029286,1,52,8,2.45196047383167,8.48858533745568,2.45196047383167,2.45196047383167,8.48858533745568,2.45196047383167,0.34742161695625,0.471208940195893,0.34742161695625,0.383994585417945,0.478432518810311,0.383994585417945
2.11367295674129,-0.297010028346134,1,0,1,-0.803356865008227,-0.876795634029968,0,0.958620087029286,1,52,8,2.46630874855156,2.46630874855156,-0.402461835302457,2.46630874855156,2.46630874855156,-0.402461835302457,0.427233525017661,0.427233525017661,0.354673617240469,0.445333054148289,0.445333054148289,0.389670217691455
3.13186218779144,-0.0558659250480542,0,0,1,-0.306918663137472,0.0340035284720274,0,0.958620087029286,1,52,8,3.6023699708896,3.6023699708896,1.50121373094105,3.6023699708896,3.6023699708896,1.50121373094105,0.399254833821043,0.399254833821043,0.388614905619966,0.424073250404551,0.424073250404551,0.415929446648977
0.518120663193628,-2.32678541276181,1,1,0,-1.30007395056906,0.942076951649642,1,0.958620087029286,1,52,8,0.422976579255491,6.41048556208497,0.422976579255491,0.422976579255491,6.41048556208497,0.422976579255491,0.349536809003902,0.657219708944803,0.349536809003902,0.385652639688417,0.619651529719736,0.385652639688417
4.1123824722155,1.75601969729878,1,0,1,-0.561620720037467,-1.41826553293849,0,0.958620087029286,1,52,8,3.65101767765184,3.65101767765184,-0.460459444269458,3.65101767765184,3.65101767765184,-0.460459444269458,0.335207921561089,0.335207921561089,0.302675125608105,0.374375613441041,0.374375613441041,0.348329986153492
7.45862406076626,4.28341982586342,0,1,1,0.154389840521701,0.400324552322857,1,0.958620087029286,1,52,8,8.05041150930272,8.05041150930272,2.79015176211022,8.05041150930272,8.05041150930272,2.79015176211022,0.500131273219902,0.500131273219902,0.381482746645328,0.500098281551025,0.500098281551025,0.410449027458586
6.56174319753556,2.64072375235125,1,1,1,1.23267931644217,-0.0740288821818851,0,0.787397763613417,1,45,9,6.87681478795614,6.87681478795614,4.77133451255904,6.87681478795614,6.87681478795614,4.77133451255904,0.585342418054808,0.585342418054808,0.407825564093626,0.564197824577048,0.564197824577048,0.430607891497461
0.648041936682311,-4.41380552051776,0,1,0,-0.286950574920359,-1.01643014946871,0,0.787397763613417,1,45,9,0.789673462547161,3.92280371129615,0.789673462547161,0.789673462547161,3.92280371129615,0.789673462547161,0.36180796342288,0.370862482284951,0.36180796342288,0.39522966294979,0.402253231800805,0.39522966294979
3.64458160290607,0.290812740683071,0,0,1,-0.420653399699504,-0.804116048586149,0,0.787397763613417,1,45,9,3.48118453346523,3.48118453346523,0.734581913871432,3.48118453346523,3.48118453346523,0.734581913871432,0.398777741150532,0.398777741150532,0.378881883505388,0.423708856221905,0.423708856221905,0.40844591046119
6.05052091557164,3.03944078723774,0,1,1,-0.562792583518752,-0.94384134145219,1,0.787397763613417,1,45,9,6.30141473120116,6.30141473120116,0.310578253366895,6.30141473120116,6.30141473120116,0.310578253366895,0.52040741851116,0.52040741851116,0.368057267968003,0.515283217547233,0.515283217547233,0.400080930752464
4.11564654388183,0.0504837597091705,1,0,1,-0.568542494820542,0.522144882727071,0,0.787397763613417,1,45,9,4.13769993350064,4.13769993350064,1.76506465494258,4.13769993350064,4.13769993350064,1.76506465494258,0.432738814868363,0.432738814868363,0.395678506787155,0.449494241162884,0.449494241162884,0.421339999052396
11.6567179501038,7.65985744986777,0,1,1,0.46115185309048,2.10847489573432,0,0.787397763613417,1,45,9,11.9564497497137,11.9564497497137,5.41078336377187,11.9564497497137,11.9564497497137,5.41078336377187,0.246778638902258,0.246778638902258,0.228349006741555,0.301708782142,0.301708782142,0.285664370823109
4.04886589073483,1.43593648258165,0,0,1,-0.184464198442808,0.0178592306139503,0,0.787397763613417,1,45,9,4.12925454770305,4.12925454770305,2.02893559558493,4.12925454770305,4.12925454770305,2.02893559558493,0.411953253786188,0.411953253786188,0.40806135006272,0.433747592137972,0.433747592137972,0.430787365730362
12.8852275197922,9.8882836826689,1,1,1,2.34013690765588,-1.65102534541774,1,0.787397763613417,1,45,9,13.2351379229624,13.2351379229624,5.40925323175061,13.2351379229624,13.2351379229624,5.40925323175061,0.900372400365066,0.900372400365066,0.291294528795052,0.842784401546001,0.842784401546001,0.339050529250493
5.40851643799009,1.40486635530212,1,0,1,0.522542320494719,0.289125352622071,0,0.787397763613417,1,45,9,5.89780822499693,5.89780822499693,3.7142147554681,5.89780822499693,5.89780822499693,3.7142147554681,0.43569022205858,0.43569022205858,0.404262093866226,0.451722563066278,0.451722563066278,0.427893565884574
-0.0723842613983464,-3.4018536849866,1,1,1,-2.46625728172762,0.563959537238416,0,0.787397763613417,1,45,9,0.429500095281937,0.429500095281937,-1.98855026436023,0.429500095281937,0.429500095281937,-1.98855026436023,0.922735981155651,0.922735981155651,0.393625294977509,0.870088583831852,0.870088583831852,0.419768977753465
6.7689792934095,4.05663636702291,0,0,1,1.07066156513166,-0.979073498203193,0,0.787397763613417,1,45,9,6.60083930880055,6.60083930880055,3.54225439391671,6.60083930880055,6.60083930880055,3.54225439391671,0.497106656784065,0.497106656784065,0.365076452220769,0.497833723397919,0.497833723397919,0.397769046054592
6.93529708351661,2.1323887630215,1,1,1,1.05875638988274,-0.125424651844922,0,0.787397763613417,1,45,9,6.48782423306756,6.48782423306756,4.37209288977714,6.48782423306756,6.48782423306756,4.37209288977714,0.538552705208181,0.538552705208181,0.407357382128547,0.528892150573591,0.528892150573591,0.430251477614924
-0.0464009233677715,-2.45620055235426,1,1,1,-2.01471904413921,-0.647930574715521,0,0.787397763613417,1,45,9,0.222450128513841,0.222450128513841,-2.29736390113734,0.222450128513841,0.222450128513841,-2.29736390113734,0.813992278865162,0.813992278865162,0.389037650314505,0.7528858552865,0.7528858552865,0.4162537279513
6.72716372106723,3.81396203127821,0,0,1,-0.205092818702359,0.665600380626239,1,0.787397763613417,1,45,9,8.17844337176791,8.17844337176791,2.63541950507811,8.17844337176791,8.17844337176791,2.63541950507811,0.509140534298627,0.509140534298627,0.387993908051979,0.506843929795826,0.506843929795826,0.415452977328907
4.20245955006996,0.0835346545142618,1,0,1,0.000166185161183395,-0.316596630155145,0,0.787397763613417,1,45,9,4.26397392824941,4.26397392824941,2.06374050202381,4.26397392824941,4.26397392824941,2.06374050202381,0.403504222435546,0.403504222435546,0.403504219291823,0.427315820078691,0.427315820078691,0.4273158176818
7.41435545793753,5.45381943632922,1,1,1,1.96628946120565,-0.239293604628313,0,0.787397763613417,1,45,9,8.23055150885559,8.23055150885559,6.07329007963958,8.23055150885559,8.23055150885559,6.07329007963958,0.810483461831173,0.810483461831173,0.405462287627842,0.749587638614166,0.749587638614166,0.42880816653548
8.01501027449777,2.91388386639963,0,0,1,-0.152432575986159,0.0820490755796811,1,0.787397763613417,1,45,9,7.26392073626743,7.26392073626743,2.15718868546395,7.26392073626743,7.26392073626743,2.15718868546395,0.527489888573625,0.527489888573625,0.407768385027742,0.520591795115385,0.520591795115385,0.430564365935979
10.1697741143058,5.92788491168935,0,1,1,-0.913705314666931,2.16391709366368,0,0.787397763613417,1,45,9,9.49904841443628,9.49904841443628,2.71651122618641,9.49904841443628,9.49904841443628,2.71651122618641,0.29645074280166,0.29645074280166,0.220444975523206,0.343266656654304,0.343266656654304,0.278658712426502
7.93868936743536,3.23188825844841,1,0,1,0.750435932572771,0.252019488526595,0,0.787397763613417,1,45,9,6.29640993812593,6.29640993812593,4.13289611552873,6.29640993812593,6.29640993812593,4.13289611552873,0.47056828191967,0.47056828191967,0.405177210369573,0.477952071832503,0.477952071832503,0.4285909625078
-0.231515531803195,-3.69118555640173,0,1,1,-1.74987298486327,-0.575474747866664,0,0.787397763613417,1,45,9,0.735955229695581,0.735955229695581,-1.69521595573662,0.735955229695581,0.735955229695581,-1.69521595573662,0.734028949828386,0.734028949828386,0.393032766791581,0.681968979536764,0.681968979536764,0.419315349343002
6.50320958554383,3.40069002820226,1,1,1,-0.197570577949591,-0.0222411273962766,1,0.787397763613417,1,45,9,7.06311714630899,7.06311714630899,1.96262247856113,7.06311714630899,7.06311714630899,1.96262247856113,0.529642202512953,0.529642202512953,0.408053322139504,0.522205776881942,0.522205776881942,0.430781255334346
4.3122221694818,1.25780968110596,0,0,0,0.508460648204626,1.02552912478543,0,0.787397763613417,1,45,9,4.42245518305127,7.57416516883444,4.42245518305127,4.42245518305127,7.57416516883444,4.42245518305127,0.360995206603735,0.389687262896299,0.360995206603735,0.39459748200743,0.416751917563875,0.39459748200743
4.1312090086974,2.14010394297543,0,1,1,0.416861688943035,-0.969977287326246,0,0.787397763613417,1,45,9,5.2846067903452,5.2846067903452,2.24375085241641,5.2846067903452,5.2846067903452,2.24375085241641,0.385147930602239,0.385147930602239,0.365855553911528,0.413267646089398,0.413267646089398,0.39837367154229
3.98003545053631,0.906891610142109,1,0,1,-0.395527459559508,0.345860262268436,0,0.787397763613417,1,45,9,4.1544294260224,4.1544294260224,1.93481010500601,4.1544294260224,4.1544294260224,1.93481010500601,0.420532886420241,0.420532886420241,0.402621833284574,0.440259502460761,0.440259502460761,0.426642939762256
-2.82998721688092,-7.28161035602507,0,0,0,-2.23799535120232,-1.33761132857865,0,0.787397763613417,1,45,9,-3.4335972691267,0.455606797215243,-3.4335972691267,-3.4335972691267,0.455606797215243,-3.4335972691267,0.329385194744525,0.841586039021574,0.329385194744525,0.369761420555332,0.779612444329415,0.369761420555332
17.143458220633,13.6245390068995,1,0,1,1.33108152147624,2.65365472194593,0,0.787397763613417,1,45,9,16.8377059100609,16.8377059100609,7.695822526755,16.8377059100609,16.8377059100609,7.695822526755,0.295774373448751,0.295774373448751,0.152156487051836,0.342714744339431,0.342714744339431,0.214109670168787
8.85139500052467,6.19573341762005,0,0,1,0.462428298239172,1.4950147076761,0,0.787397763613417,1,45,9,9.1349450421789,9.1349450421789,4.79987606601104,9.1349450421789,9.1349450421789,4.79987606601104,0.333117779771271,0.333117779771271,0.310946636726697,0.372721486611089,0.372721486611089,0.355016324759715
8.73095167937483,6.07465330608719,0,0,1,-0.194032723669639,0.789911555861307,1,0.787397763613417,1,45,9,8.50581113646185,8.50581113646185,2.78185087037862,8.50581113646185,8.50581113646185,2.78185087037862,0.500078705050597,0.500078705050597,0.379891441893405,0.500058923480017,0.500058923480017,0.409223745603043
11.0382124538544,10.1734085892684,0,1,1,2.34745696480381,-0.359426557618812,1,0.787397763613417,1,45,9,11.9446795841671,11.9446795841671,6.7154921338454,11.9446795841671,11.9446795841671,6.7154921338454,0.93864102141855,0.93864102141855,0.40218654267924,0.891147671689888,0.891147671689888,0.42631091737534
0.00206672190971235,-2.81297042221513,0,1,0,-0.590582452048276,-0.684542319171268,0,0.787397763613417,1,45,9,0.514297538588771,3.08289572532515,0.514297538588771,0.514297538588771,3.08289572532515,0.514297538588771,0.386844969728352,0.426620351940451,0.386844969728352,0.414571086621114,0.444869191378373,0.414571086621114
4.39260695101456,0.989119387316389,1,1,1,0.093446464049177,0.0315367215295198,0,0.787397763613417,1,45,9,4.69942897628929,4.69942897628929,2.59843441148446,4.69942897628929,4.69942897628929,2.59843441148446,0.409028199152856,0.409028199152856,0.408030483589239,0.431523146026216,0.431523146026216,0.430763871838513
-2.68797258717434,-1.34780190409382,0,1,0,-0.523195496444492,-0.234309039858858,1,0.787397763613417,1,45,9,1.09930472910875,6.25420545526833,1.09930472910875,1.09930472910875,6.25420545526833,1.09930472910875,0.405569939464966,0.554598547123675,0.405569939464966,0.428890181818187,0.540956624233921,0.428890181818187
2.5153196255913,-0.953513465797014,0,1,1,-0.81802457743048,-0.683085165496661,0,0.787397763613417,1,45,9,2.62747578482057,2.62747578482057,0.0608704414989701,2.62747578482057,2.62747578482057,0.0608704414989701,0.46407692678813,0.46407692678813,0.386934456184545,0.4730819282846,0.4730819282846,0.414639790218318
6.68644164996542,3.7055637887217,1,0,1,0.32362299970362,-1.39815347385349,0,0.787397763613417,1,45,9,5.68393042385893,5.68393042385893,1.62909728741034,5.68393042385893,5.68393042385893,1.62909728741034,0.333432739614877,0.333432739614877,0.322473112127826,0.372970899835457,0.372970899835457,0.364258484416512
10.0048678389151,7.34527951327859,1,1,1,2.24850255679304,0.420615066762082,0,0.787397763613417,1,45,9,9.57454197659202,9.57454197659202,7.29762494220475,9.57454197659202,9.57454197659202,7.29762494220475,0.881412421797854,0.881412421797854,0.40001734884363,0.82126039316315,0.82126039316315,0.424655500164258
8.82764041468012,8.83895134258175,0,1,1,1.45399914050967,-2.30914297563385,0,0.787397763613417,1,45,9,10.4110013491613,10.4110013491613,2.97886006724208,10.4110013491613,10.4110013491613,2.97886006724208,0.405936786984461,0.405936786984461,0.199751598763388,0.429169642312535,0.429169642312535,0.259918032902679
3.30202940209362,-0.373839573967852,0,1,1,-0.74076419871229,-0.299639472912952,0,0.787397763613417,1,45,9,2.78862070524661,2.78862070524661,0.598836891519058,2.78862070524661,2.78862070524661,0.598836891519058,0.46763663706442,0.46763663706442,0.403980100706925,0.475753094989287,0.475753094989287,0.427678614393206
13.9979367198104,11.0598082774634,1,0,1,0.351240027968946,1.82915026438798,1,0.787397763613417,1,45,9,13.3574257718931,13.3574257718931,4.91163508218246,13.3574257718931,13.3574257718931,4.91163508218246,0.383761490171745,0.383761490171745,0.267508801575125,0.412202008556943,0.412202008556943,0.319323333823838
3.57228480197927,2.2966905338315,0,0,0,0.0848260260782029,1.33043245470267,0,0.787397763613417,1,45,9,3.88008926871566,7.75013978524183,3.88008926871566,3.88008926871566,7.75013978524183,3.88008926871566,0.330189158010464,0.330945089697954,0.330189158010464,0.370399662271619,0.370999434881597,0.370399662271619
2.29331979518558,0.87399194641209,0,1,1,-0.048228546616347,-0.786803262339564,0,0.787397763613417,1,45,9,4.21580377991251,4.21580377991251,1.49674440628433,4.21580377991251,4.21580377991251,1.49674440628433,0.380369578820165,0.380369578820165,0.380110089716403,0.409592002963223,0.409592002963223,0.409392157040367
3.12213563597799,1.91714084747701,0,1,1,-1.67669021004084,1.53211346762166,0,0.787397763613417,1,45,9,5.00610948706425,5.00610948706425,0.558737809396572,5.00610948706425,5.00610948706425,0.558737809396572,0.625443299043043,0.625443299043043,0.306388735634771,0.594890908313908,0.594890908313908,0.351337729503502
5.71888003778507,3.49893944545128,0,0,1,0.782663700270352,0.201044268015554,0,0.787397763613417,1,45,9,6.28679522811476,6.28679522811476,4.14637643041285,6.28679522811476,6.28679522811476,4.14637643041285,0.47747196040826,0.47747196040826,0.406230527630118,0.483127646719557,0.483127646719557,0.429393383237927
0.293515954732224,-1.62087544186574,0,1,1,-1.41370852583435,-0.223648299164377,0,0.787397763613417,1,45,9,1.47895797274264,1.47895797274264,-0.671060588976477,1.47895797274264,1.47895797274264,-0.671060588976477,0.637153848809404,0.637153848809404,0.405792601423412,0.603963231554096,0.603963231554096,0.429059807867182
7.63074457528115,3.91786993728388,0,0,1,0.352161464102356,1.37237882375591,0,0.787397763613417,1,45,9,8.44013014971086,8.44013014971086,4.45670651381721,8.44013014971086,8.44013014971086,4.45670651381721,0.338498690958598,0.338498690958598,0.325444310121519,0.376975044667035,0.376975044667035,0.366627430500477
7.39392911242006,3.78855239415133,0,1,1,0.0936793610588529,-0.464508291111423,1,0.787397763613417,1,45,9,7.41862314537413,7.41862314537413,2.10285519286287,7.41862314537413,7.41862314537413,2.10285519286287,0.515936227769163,0.515936227769163,0.398254420101539,0.511933476879069,0.511933476879069,0.423309073133145
8.84247638164595,9.17226662193179,0,1,1,0.485742936975805,-1.40470609134128,1,0.507773650474756,1,55,10,9.38214490554516,9.38214490554516,2.30894570249387,9.38214490554516,9.38214490554516,2.30894570249387,0.492788482007715,0.492788482007715,0.35132523985722,0.494600514586242,0.494600514586242,0.387052839461868
5.22739539752758,4.26684169784437,1,1,1,-0.72234818188214,-1.02558208643255,0,0.507773650474756,1,55,10,3.42370608569805,3.42370608569805,0.271887469686712,3.42370608569805,3.42370608569805,0.271887469686712,0.452138627063975,0.452138627063975,0.39205855858797,0.464113175026977,0.464113175026977,0.418569263772346
6.57773708618799,4.67055143900749,1,1,1,0.573808091798888,0.526260876044913,0,0.507773650474756,1,55,10,6.79299348918179,6.79299348918179,4.41604297952623,6.79299348918179,6.79299348918179,4.41604297952623,0.465906841262616,0.465906841262616,0.427487051603735,0.474455231934701,0.474455231934701,0.445524822211576
1.88585137128599,3.2890802658132,0,1,1,-0.429381270989427,0.15761590965214,0,0.507773650474756,1,55,10,4.1658620625323,4.1658620625323,2.04101928755682,4.1658620625323,4.1658620625323,2.04101928755682,0.460735310989446,0.460735310989446,0.439186660886248,0.470573219930843,0.470573219930843,0.454360260062768
5.48213189902896,6.9402435568046,1,0,1,-0.916196551895583,-0.859064940076197,1,0.507773650474756,1,55,10,5.8887004472843,5.8887004472843,0.0507078760161777,5.8887004472843,5.8887004472843,0.0507078760161777,0.62004874158357,0.62004874158357,0.406298352584879,0.590730172483479,0.590730172483479,0.429445041729624
11.2020410763647,10.8565080512434,0,1,1,0.871209996226618,1.09478577019167,1,0.507773650474756,1,55,10,11.8779275651426,11.8779275651426,5.57937168252844,11.8779275651426,11.8779275651426,5.57937168252844,0.590142621651139,0.590142621651139,0.385458490641201,0.567846038516485,0.567846038516485,0.41350625303963
11.4406613089851,10.425229823834,1,1,1,1.53201564936827,-0.870727694052669,1,0.507773650474756,1,55,10,10.7936362417577,10.7936362417577,4.93546952456741,10.7936362417577,10.7936362417577,4.93546952456741,0.769139935635983,0.769139935635983,0.405378158472757,0.712126257485796,0.712126257485796,0.428744069866085
8.79718379712041,7.78117177854562,1,0,1,1.51422590996098,0.588272512243026,0,0.507773650474756,1,55,10,8.80495480070926,8.80495480070926,6.35889025204853,8.80495480070926,8.80495480070926,6.35889025204853,0.685503723277674,0.685503723277674,0.424292570563443,0.642128428487897,0.642128428487897,0.443107485122948
4.42927414097318,5.64903394092736,0,0,1,0.441989250044021,-0.304891353503294,0,0.507773650474756,1,55,10,5.51421180390936,5.51421180390936,3.32125306646829,5.51421180390936,5.51421180390936,3.32125306646829,0.458828076499306,0.458828076499306,0.436018700867947,0.469140806226317,0.469140806226317,0.45197046229846
2.66171593208754,3.9502805179973,1,1,1,-2.19725634318382,-1.1572326725791,1,0.507773650474756,1,55,10,3.62960801942138,3.62960801942138,-2.8095794390632,3.62960801942138,3.62960801942138,-2.8095794390632,0.908237164784648,0.908237164784648,0.379170503438099,0.852122476992722,0.852122476992722,0.408668322750469
4.73454064696499,4.62280603850062,0,0,1,0.264356952166393,-0.318865916930006,0,0.507773650474756,1,55,10,5.15368938026593,5.15368938026593,2.95201390728632,5.15368938026593,5.15368938026593,2.95201390728632,0.443747056903869,0.443747056903869,0.435613653479966,0.457797343378365,0.457797343378365,0.451664774699729
4.36194403215653,2.40175590945092,1,1,1,-0.281303585186742,-0.0725321194900919,0,0.507773650474756,1,55,10,4.21228753837769,4.21228753837769,2.10702663001996,4.21228753837769,4.21228753837769,2.10702663001996,0.449328538320529,0.449328538320529,0.440098266352045,0.461999370319302,0.461999370319302,0.455047607174072
6.0924653715243,6.66333823475764,1,1,1,1.21221520954886,-0.654612000119114,0,0.507773650474756,1,55,10,7.0405012095621,7.0405012095621,4.51198433886215,7.0405012095621,7.0405012095621,4.51198433886215,0.592253861002177,0.592253861002177,0.420489477812215,0.569452561379342,0.569452561379342,0.440226600993745
4.96787972295407,3.9089097328499,1,1,1,-1.23916584991685,0.15191751633779,1,0.507773650474756,1,55,10,5.53883066815788,5.53883066815788,0.415751736387634,5.53883066815788,5.53883066815788,0.415751736387634,0.722355518063327,0.722355518063327,0.439268758127491,0.672211915006959,0.672211915006959,0.454422167116259
15.2659782881049,13.1380738143259,1,1,1,0.949629858419636,1.92879955622371,1,0.507773650474756,1,55,10,15.3904929210353,15.3904929210353,6.57022519294652,15.3904929210353,15.3904929210353,6.57022519294652,0.488897755359632,0.488897755359632,0.279814676532786,0.491687030300602,0.491687030300602,0.329588895520107
6.5087768644785,7.22556725035459,1,0,1,0.907464394780684,0.996249485867027,0,0.507773650474756,1,55,10,8.64585723340225,8.64585723340225,5.55334419531193,8.64585723340225,8.64585723340225,5.55334419531193,0.490407425723117,0.490407425723117,0.394736910525643,0.492817561556434,0.492817561556434,0.420619702130307
-0.343372152380974,-0.596859551299646,1,1,1,-2.73008319424847,-0.116772692616891,0,0.507773650474756,1,55,10,-0.721137299489298,-0.721137299489298,-2.8347731612303,-0.721137299489298,-0.721137299489298,-2.8347731612303,0.966251767468788,0.966251767468788,0.439708335063672,0.932439962579134,0.932439962579134,0.454753618439415
6.22615282948517,7.03840165849239,0,1,1,0.752011657456184,-0.817527441774975,0,0.507773650474756,1,55,10,6.19701291107607,6.19701291107607,3.42866179302093,6.19701291107607,6.19701291107607,3.42866179302093,0.475282623104028,0.475282623104028,0.409479661884632,0.481486717090065,0.481486717090065,0.431866625195123
8.25780747003546,9.95686251103438,0,0,1,1.44011877093224,0.792016669851237,0,0.507773650474756,1,55,10,9.14171053692149,9.14171053692149,6.41442013159925,9.14171053692149,9.14171053692149,6.41442013159925,0.650638749775851,0.650638749775851,0.411358774540216,0.614484890161882,0.614484890161882,0.433295688000071
4.83721818889629,2.637157321103,0,1,1,-0.759024916734585,-0.524142357826854,0,0.507773650474756,1,55,10,3.07469893985581,3.07469893985581,0.699973728587516,3.07469893985581,3.07469893985581,0.699973728587516,0.49509693197982,0.49509693197982,0.427590003085772,0.496328986763617,0.496328986763617,0.445602690997851
5.02889496860379,7.35986089080593,1,0,1,0.518278440564558,0.365445830586598,0,0.507773650474756,1,55,10,6.37771928669238,6.37771928669238,4.14416863159925,6.37771928669238,6.37771928669238,4.14416863159925,0.465521080698563,0.465521080698563,0.434133184978589,0.474165756663465,0.474165756663465,0.450547205386224
-1.65614209323231,-0.730388321691063,0,0,0,-1.31778137065591,-0.398917633530054,0,0.507773650474756,1,55,10,-0.292314454958329,1.96682082338289,-0.292314454958329,-0.292314454958329,1.96682082338289,-0.292314454958329,0.432945694763802,0.634296095618491,0.432945694763802,0.449650491496282,0.601743993495051,0.449650491496282
6.18888559868345,6.34671034033854,1,1,1,-0.0593296754199327,1.08873910017253,0,0.507773650474756,1,55,10,6.9975984974607,6.9975984974607,3.71224566921621,6.9975984974607,6.9975984974607,3.71224566921621,0.38644566834343,0.38644566834343,0.386050744057225,0.414264487249159,0.414264487249159,0.413961193853466
4.27798585178158,3.07549267904161,1,1,1,-0.511478214019568,-0.0933253653152183,0,0.507773650474756,1,55,10,3.73459375034041,3.73459375034041,1.62588412652919,3.73459375034041,3.73459375034041,1.62588412652919,0.470568478034017,0.470568478034017,0.439937688299511,0.477952218909261,0.477952218909261,0.454926542579548
3.28047007642827,2.95388094245222,0,1,1,-1.66585207303657,-1.99724793311128,0,0.507773650474756,1,55,10,3.5022131470164,3.5022131470164,-2.58678615930088,3.5022131470164,3.5022131470164,-2.58678615930088,0.578647544088243,0.578647544088243,0.269602647678749,0.559119382911685,0.559119382911685,0.321079501271292
5.62696062092729,6.25192523542696,1,1,1,1.23262532630305,-0.752120133972003,0,0.507773650474756,1,55,10,7.1209811344437,7.1209811344437,4.45529643851763,7.1209811344437,7.1209811344437,4.45529643851763,0.591686479679601,0.591686479679601,0.41418272580414,0.569020698822778,0.569020698822778,0.435441539973888
0.913411370968452,-0.0649302025200376,1,0,0,-0.732394506189817,-0.378282224111058,0,0.507773650474756,1,55,10,0.899094683392847,3.14219212447126,0.899094683392847,0.899094683392847,3.14219212447126,0.899094683392847,0.433689993426526,0.496623330089517,0.433689993426526,0.45021256876395,0.497471847264806,0.45021256876395
11.6786979120603,11.9039724275361,1,1,1,1.09288559319304,0.882968669859599,1,0.507773650474756,1,55,10,11.6905394480828,11.6905394480828,5.81090577612922,11.6905394480828,11.6905394480828,5.81090577612922,0.657027667323645,0.657027667323645,0.404399691630161,0.619500447628631,0.619500447628631,0.427998442499909
0.913817904329388,2.68633562405166,0,0,1,-0.939815761898683,-1.54651588666986,0,0.507773650474756,1,55,10,3.80772989713858,3.80772989713858,-0.683981490583689,3.80772989713858,3.80772989713858,-0.683981490583689,0.431811925905945,0.431811925905945,0.333447610886821,0.448794084506071,0.448794084506071,0.3729826748591
6.67790361960526,6.26417508978254,0,0,1,-1.53912002623415,1.92248908271442,0,0.507773650474756,1,55,10,7.38237922328578,7.38237922328578,1.58641495012966,7.38237922328578,7.38237922328578,1.58641495012966,0.545054122696508,0.545054122696508,0.280749330711066,0.533776247464839,0.533776247464839,0.330363244292103
5.63784359348647,8.49667973334504,0,0,1,-0.282286262860773,0.627465521855337,1,0.507773650474756,1,55,10,8.29877189713452,8.29877189713452,2.80505891601733,8.29877189713452,8.29877189713452,2.80505891601733,0.548763533280115,0.548763533280115,0.422093727840452,0.536565317968962,0.536565317968962,0.441442245046433
0.118650612612367,0.243951082013505,1,1,1,-1.90846738175463,0.0270317972441152,0,0.507773650474756,1,55,10,1.05299367168064,1.05299367168064,-1.04773704638161,1.05299367168064,1.05299367168064,-1.04773704638161,0.816200412948252,0.816200412948252,0.440309217852666,0.754972241272429,0.754972241272429,0.455206642936345
3.08003091112319,5.16205503905611,1,1,1,-0.42783477599322,-1.62331032979066,0,0.507773650474756,1,55,10,4.9983224649115,4.9983224649115,0.263186038106437,4.9983224649115,4.9983224649115,0.263186038106437,0.342543406445014,0.342543406445014,0.323252235126857,0.380162080252208,0.380162080252208,0.3648801971646
2.34518061536671,1.62540701408545,1,0,1,-1.3918878784346,-0.81187916006976,0,0.507773650474756,1,55,10,1.90565877350017,1.90565877350017,-0.853488997055411,1.90565877350017,1.90565877350017,-0.853488997055411,0.634383908937612,0.634383908937612,0.409900629101932,0.601812134149098,0.601812134149098,0.432186852976431
5.59155244879379,6.12896383709203,1,1,1,-1.10947995090737,-0.0102828879021213,1,0.507773650474756,1,55,10,5.61302886795029,5.61302886795029,0.512923130166686,5.61302886795029,5.61302886795029,0.512923130166686,0.693286082995768,0.693286082995768,0.440338322112895,0.648399351579431,0.648399351579431,0.455228583946974
8.71649005103597,6.40820127507333,1,0,1,0.526958249298227,0.472375157258225,0,0.507773650474756,1,55,10,6.59159586493295,6.59159586493295,4.26845757573822,6.59159586493295,6.59159586493295,4.26845757573822,0.462378144993601,0.462378144993601,0.429978284721991,0.471806724864212,0.471806724864212,0.447408470876202
8.45640243260494,6.48194764503819,0,0,1,1.42867324964948,0.325926991076942,0,0.507773650474756,1,55,10,8.13166781377192,8.13166781377192,5.92543941025945,8.13166781377192,8.13166781377192,5.92543941025945,0.669330230994714,0.669330230994714,0.435402121391146,0.629218969798235,0.629218969798235,0.451505119966496
13.0751411054942,13.425729631141,0,1,1,0.540443508223592,1.65425185981633,1,0.507773650474756,1,55,10,13.3138540118528,13.3138540118528,5.47730479614705,13.3138540118528,13.3138540118528,5.47730479614705,0.463438279067517,0.463438279067517,0.319051045352488,0.47260255853298,0.47260255853298,0.361523384860962
13.4448155945013,12.1570202491951,0,0,1,1.24290908307579,1.39617018671643,1,0.507773650474756,1,55,10,13.6734454630273,13.6734454630273,6.62415427275155,13.6734454630273,13.6734454630273,6.62415427275155,0.644371561257697,0.644371561257697,0.352359213233894,0.609584380373422,0.609584380373422,0.387861652409065
2.18563383174272,4.3822760776976,0,1,1,-1.31697612847102,-0.319878033666257,0,0.507773650474756,1,55,10,1.99065758569742,1.99065758569742,-0.211664370724766,1.99065758569742,1.99065758569742,-0.211664370724766,0.636557425786684,0.636557425786684,0.435583616080545,0.603499776932744,0.603499776932744,0.451642104363063
4.3309648418235,3.59233015366415,1,0,1,-0.710520473677915,-1.89342145166019,0,0.507773650474756,1,55,10,5.1127483144745,5.1127483144745,-0.57229647913248,5.1127483144745,5.1127483144745,-0.57229647913248,0.336355387646837,0.336355387646837,0.285038108429968,0.37528268517192,0.37528268517192,0.33390718250055
4.56944639855934,4.35938081963031,0,0,1,0.133625674171821,-1.1398078346604,0,0.507773650474756,1,55,10,5.26877133352002,5.26877133352002,1.86960943356678,5.26877133352002,5.26877133352002,1.86960943356678,0.382951594652501,0.382951594652501,0.380956305183298,0.411579192130763,0.411579192130763,0.410043778917476
5.77546385132914,3.54449454095133,0,1,1,0.313727476605892,0.107922787003762,0,0.507773650474756,1,55,10,5.58919098805374,5.58919098805374,3.47754366009909,5.58919098805374,5.58919098805374,3.47754366009909,0.451285484217815,0.451285484217815,0.439800913244261,0.463471543371589,0.463471543371589,0.454823420195225
-0.61454709949335,1.81648451712222,0,0,0,-0.465138630998157,-0.16721534165402,0,0.507773650474756,1,55,10,1.64467331623321,3.77263428671768,1.64467331623321,1.64467331623321,3.77263428671768,1.64467331623321,0.439041533721009,0.464343717934524,0.439041533721009,0.454250821101827,0.473282169431087,0.454250821101827
5.91541670844456,4.6872424572631,0,1,1,0.196987738330635,0.325928280380804,0,0.507773650474756,1,55,10,5.6682989208776,5.6682989208776,3.46206967692561,5.6682989208776,5.6682989208776,3.46206967692561,0.43991398021178,0.43991398021178,0.43540208234585,0.454908667958969,0.454908667958969,0.451505090496111
5.24176527732639,2.6381608036875,1,0,1,-0.597780374375205,0.176192311820942,0,0.507773650474756,1,55,10,3.85384121369888,3.85384121369888,1.72279748295407,3.85384121369888,3.85384121369888,1.72279748295407,0.480789122551457,0.480789122551457,0.438898065546064,0.485613308549189,0.485613308549189,0.454142629466365
3.3739108934377,4.19573192433083,1,0,1,0.0399548838718483,-0.675813116489775,0,0.507773650474756,1,55,10,4.70298593955708,4.70298593955708,2.14626257113746,4.70298593955708,4.70298593955708,2.14626257113746,0.41937422947069,0.41937422947069,0.419190499354063,0.439381147165452,0.439381147165452,0.439241835451806
4.70809123163142,3.96140138705902,0,0,1,0.243338019240441,-0.0226584128153113,0,0.507773650474756,1,55,10,5.30669694922042,5.30669694922042,3.20618354554911,5.30669694922042,5.30669694922042,3.20618354554911,0.447223538271231,0.447223538271231,0.440319337767016,0.460415186594621,0.460415186594621,0.455214272116255
12.2267520291132,12.6800576951887,0,0,1,-0.0384398291043746,2.37647509146833,0,0.507773650474756,1,55,10,12.7893952135126,12.7893952135126,5.04176135314312,12.7893952135126,12.7893952135126,5.04176135314312,0.211914106553202,0.211914106553202,0.211795662595208,0.271005849437215,0.271005849437215,0.270898897558713
4.43389226804675,6.02324445656364,1,1,0,0.525480570810745,0.299863251841479,0,0.507773650474756,1,55,10,4.09299031334651,6.28290828315146,4.09299031334651,4.09299031334651,6.28290828315146,4.09299031334651,0.436160017765292,0.468455897859218,0.436160017765292,0.45207710630761,0.476367686391368,0.45207710630761
1.6077118555022,1.60562675053773,1,1,1,-1.25399656462176,-0.107982404459388,0,0.507773650474756,1,55,10,2.23785058585347,2.23785058585347,0.126190386180638,2.23785058585347,2.23785058585347,0.126190386180638,0.62268013728805,0.62268013728805,0.439800313975704,0.592758332891342,0.592758332891342,0.454822968365793
3.9306964942083,5.53260723686155,1,1,1,-0.580260272722328,-0.0853062073881821,1,0.507773650474756,1,55,10,6.60361631606966,6.60361631606966,1.4963391670507,6.60361631606966,6.60361631606966,1.4963391670507,0.596328031197069,0.596328031197069,0.440004385308321,0.572556281001191,0.572556281001191,0.454976827999187
5.41651500124711,7.03811054751465,0,0,1,0.304669027451513,0.472742988741356,0,0.507773650474756,1,55,10,6.14773289693203,6.14773289693203,3.82424696352792,6.14773289693203,6.14773289693203,3.82424696352792,0.440742474771097,0.440742474771097,0.429962179574847,0.45553324975841,0.45553324975841,0.447396297770866
8.1707474652994,8.54475030834258,1,0,1,-0.0968294215685672,0.472397020693617,1,0.507773650474756,1,55,10,8.34406304260023,8.34406304260023,3.02090409744002,8.34406304260023,8.34406304260023,3.02090409744002,0.548519326059065,0.548519326059065,0.429977327799004,0.536381642441674,0.536381642441674,0.447407747585687
3.33085279725637,5.94060575298577,1,1,1,-0.174520969986067,0.574655668138518,0,0.507773650474756,1,55,10,5.39800878497365,5.39800878497365,2.96777964804992,5.39800878497365,5.39800878497365,2.96777964804992,0.428545178123085,0.428545178123085,0.425023967753101,0.446325043128882,0.446325043128882,0.443661148718056
6.54384948227719,4.93508573032202,1,1,1,-0.435321347067407,-0.695325349954511,1,-1.48445001852384,1,60,11,4.81391744070462,4.81391744070462,-0.769559901584748,4.81391744070462,4.81391744070462,-0.769559901584748,0.764389826750521,0.764389826750521,0.648026820946378,0.707967512286079,0.707967512286079,0.612440255008857
3.20335292056047,2.21757843368353,0,1,1,-0.595199314439985,0.76693718039388,0,-1.48445001852384,1,60,11,3.061139332689,3.061139332689,0.372946694018486,3.061139332689,3.061139332689,0.372946694018486,0.681056493126491,0.681056493126491,0.643484749396569,0.638562680533473,0.638562680533473,0.608892454726507
4.84264496882567,2.65316194957322,1,1,1,0.706057023508165,0.124864965177703,0,-1.48445001852384,1,60,11,4.44897841422744,4.44897841422744,2.33338715469861,4.44897841422744,4.44897841422744,2.33338715469861,0.71834235675822,0.71834235675822,0.668002011836784,0.668884925346309,0.668884925346309,0.628165712393529
0.954898514209212,0.360003190783014,1,1,0,-0.395262415085153,2.15405972654443,0,-1.48445001852384,1,60,11,2.1599430388787,8.89991634439936,2.1599430388787,2.1599430388787,8.89991634439936,2.1599430388787,0.456256847187151,0.474609813763389,0.456256847187151,0.467209012515374,0.480982372669266,0.467209012515374
10.5804093100048,9.08966579733996,1,1,1,0.627028802808821,2.20113098861201,0,-1.48445001852384,1,60,11,11.1965743657623,11.1965743657623,4.25159673673423,11.1965743657623,11.1965743657623,4.25159673673423,0.492874765007027,0.492874765007027,0.446665977720851,0.494665121508248,0.494665121508248,0.459995463717241
-0.615716112017644,0.204179234306994,1,1,1,-1.41283078599567,0.174904607687961,0,-1.48445001852384,1,60,11,0.276242799991683,0.276242799991683,-1.8543488217988,0.276242799991683,0.276242799991683,-1.8543488217988,0.839170717408363,0.839170717408363,0.66737005195095,0.777212332531188,0.777212332531188,0.627664928865542
5.2846584796536,2.80713534223391,0,1,1,0.783024206039508,-0.359931855821815,0,-1.48445001852384,1,60,11,4.23207563959711,4.23207563959711,2.00252469876178,4.23207563959711,4.23207563959711,2.00252469876178,0.724951765638107,0.724951765638107,0.663186571067856,0.674371545192567,0.674371545192567,0.624355431601394
5.54689848772252,3.97097473125042,1,1,1,-0.37326765509296,-0.028788569396246,1,-1.48445001852384,1,60,11,5.12191304465029,5.12191304465029,0.0210842629224108,5.12191304465029,5.12191304465029,0.0210842629224108,0.776494008371495,0.776494008371495,0.668623385502336,0.718618781821116,0.718618781821116,0.628658327323056
5.67985385460862,3.03721162114869,1,1,1,0.522565072324357,0.371608764783532,0,-1.48445001852384,1,60,11,4.45124012600076,4.45124012600076,2.21314705193682,4.45124012600076,4.45124012600076,2.21314705193682,0.691174524725725,0.691174524725725,0.662824294699856,0.646693871956896,0.646693871956896,0.624069292254996
10.0229750373608,8.10844938862191,1,1,1,1.40835919660346,0.44570658268579,1,-1.48445001852384,1,60,11,9.35748747624673,9.35748747624673,4.05883311839729,9.35748747624673,9.35748747624673,4.05883311839729,0.890792754173035,0.890792754173035,0.660250633573066,0.831746805521109,0.831746805521109,0.622038557206263
0.526249223983068,-0.483733272245846,1,1,1,-1.53167098628361,-0.497712454338922,0,-1.48445001852384,1,60,11,-0.416928597197499,-0.416928597197499,-2.76464628440157,-0.416928597197499,-0.416928597197499,-2.76464628440157,0.855624249847259,0.855624249847259,0.658158938723058,0.793823132825057,0.793823132825057,0.620390712264783
-2.29291460496809,-1.46612938811041,1,1,1,-2.07962722585589,-0.44853514179073,0,-1.48445001852384,1,60,11,-1.5101976775767,-1.5101976775767,-3.81138145099793,-1.5101976775767,-1.5101976775767,-3.81138145099793,0.940247427184305,0.940247427184305,0.660142943235115,0.893367495119061,0.893367495119061,0.621953661912826
8.13084314016207,6.19124060732872,0,1,1,0.0384183326270702,-2.41552934042669,0,-1.48445001852384,1,60,11,6.39249746179424,6.39249746179424,-1.54228453266798,6.39249746179424,6.39249746179424,-1.54228453266798,0.401173276248226,0.401173276248226,0.401005579648047,0.425537820100796,0.425537820100796,0.425409842157464
5.38539995576748,2.70948244570355,1,1,1,0.628127722001035,-1.13192557910986,0,-1.48445001852384,1,60,11,4.30199352403998,4.30199352403998,0.920738007396781,4.30199352403998,4.30199352403998,0.920738007396781,0.656142114518908,0.656142114518908,0.612830660879875,0.618804016218629,0.618804016218629,0.5851798837072
6.85502686455997,6.74682943807738,0,1,1,-0.356102884230882,0.554792552951384,1,-1.48445001852384,1,60,11,6.04678970380451,6.04678970380451,0.638994926994197,6.04678970380451,6.04678970380451,0.638994926994197,0.765042570998567,0.765042570998567,0.655589678135464,0.708537417203287,0.708537417203287,0.618369764210077
9.08871018170828,6.51655325762761,1,1,1,1.51903533251413,0.999214333969356,0,-1.48445001852384,1,60,11,7.93212242671201,7.93212242671201,4.83369314150219,7.93212242671201,7.93212242671201,4.83369314150219,0.834168217961111,0.834168217961111,0.625458238980696,0.772280573389647,0.772280573389647,0.594902446868721
15.2671901647461,13.957514583699,1,1,1,0.0174958441155056,2.42600231778033,1,-1.48445001852384,1,60,11,14.2428893943915,14.2428893943915,3.25740214851592,14.2428893943915,14.2428893943915,3.25740214851592,0.515404486277296,0.515404486277296,0.398703420409281,0.511535171230048,0.511535171230048,0.423652085176902
2.41973454731969,0.983905165769955,1,1,1,-0.175571816221175,0.206266914823568,0,-1.48445001852384,1,60,11,2.79407746503663,2.79407746503663,0.651531424885794,2.79407746503663,2.79407746503663,0.651531424885794,0.670108881556,0.670108881556,0.666866003913192,0.629836895897919,0.629836895897919,0.627265667608282
3.83107669748211,1.93894428446473,0,1,1,-0.322001260596797,1.00554809683284,0,-1.48445001852384,1,60,11,4.26908069318797,4.26908069318797,1.15795371814382,4.26908069318797,4.26908069318797,1.15795371814382,0.636333822040616,0.636333822040616,0.624894658162756,0.603326064028379,0.603326064028379,0.594467237445073
5.59791275718876,2.16002251311335,1,1,1,0.628788222192311,-0.131838630966156,0,-1.48445001852384,1,60,11,4.03952738053807,4.03952738053807,1.92214595592304,4.03952738053807,4.03952738053807,1.92214595592304,0.708225596725696,0.708225596725696,0.66792662315948,0.660556231510153,0.660556231510153,0.628105960353239
0.242646046437521,-2.11760947481743,1,1,0,-0.982651613014587,0.918285761598373,0,-1.48445001852384,1,60,11,-0.250609321926225,2.69263941802808,-0.250609321926225,-0.250609321926225,2.69263941802808,-0.250609321926225,0.632319255665124,0.731277815717483,0.632319255665124,0.600210886724559,0.67965847859312,0.600210886724559
5.06748182130478,6.15704267512218,1,1,1,0.98562847562115,0.420953552021252,0,-1.48445001852384,1,60,11,5.46582053872744,5.46582053872744,3.18861864576813,5.46582053872744,5.46582053872744,3.18861864576813,0.756057551612266,0.756057551612266,0.661163338859243,0.700735384716732,0.700735384716732,0.622758316262525
6.20193065633663,2.59102103592165,1,1,1,1.23680341780598,-0.297168099723203,0,-1.48445001852384,1,60,11,5.16115575788643,5.16115575788643,2.97284687839333,5.16115575788643,5.16115575788643,2.97284687839333,0.804712012695633,0.804712012695633,0.664933085543746,0.744206935789135,0.744206935789135,0.625735899692493
4.26968550503707,5.06548439307391,0,1,0,0.800025649400216,1.80862016640641,0,-1.48445001852384,1,60,11,4.20507960771141,9.57618651404335,4.20507960771141,4.20507960771141,9.57618651404335,4.20507960771141,0.5207613991034,0.595192596864156,0.5207613991034,0.515548460687209,0.571690826105698,0.515548460687209
2.57931960840468,2.43300068804218,1,1,1,-0.608826018735301,-0.832887460054031,0,-1.48445001852384,1,60,11,1.5395701660952,1.5395701660952,-1.25413135502006,1.5395701660952,1.5395701660952,-1.25413135502006,0.678388480125926,0.678388480125926,0.63888319835201,0.636429463837877,0.636429463837877,0.605307916981574
2.64694288847046,-1.46351635348965,1,1,1,-0.839497102641072,-1.29752217659105,0,-1.48445001852384,1,60,11,1.60345555937695,1.60345555937695,-2.18010823936861,1.60345555937695,1.60345555937695,-2.18010823936861,0.671945453236153,0.671945453236153,0.594620045198339,0.63129575821366,0.63129575821366,0.571254554571
3.88174727162456,1.95613065645858,0,1,1,0.483129337239923,-0.944249996261426,0,-1.48445001852384,1,60,11,3.8100248761627,3.8100248761627,0.818416820722996,3.8100248761627,3.8100248761627,0.818416820722996,0.655577752212974,0.655577752212974,0.630186477052547,0.618360391360527,0.618360391360527,0.598558678850666
5.24710066708453,5.82676802957976,1,1,1,-0.165643432435638,-0.85860741513566,1,-1.48445001852384,1,60,11,5.44372055582358,5.44372055582358,-0.393486137502359,5.44372055582358,5.44372055582358,-0.393486137502359,0.740943566996845,0.740943566996845,0.636978646388895,0.687807483363385,0.687807483363385,0.603827073204676
-0.409910318124538,1.04334134055546,1,1,1,-0.86094714975564,0.242520134568526,0,-1.48445001852384,1,60,11,1.47584999323296,1.47584999323296,-0.682966022438178,1.47584999323296,1.47584999323296,-0.682966022438178,0.739579939617398,0.739579939617398,0.666179407577512,0.686652451091916,0.686652451091916,0.626722037101369
5.67908592804385,5.30228686812336,0,1,1,-0.311453186378017,-1.34958949566985,1,-1.48445001852384,1,60,11,5.7453040809011,5.7453040809011,-1.17608772592131,5.7453040809011,5.7453040809011,-1.17608772592131,0.706256464104356,0.706256464104356,0.58832103618824,0.658944458105716,0.658944458105716,0.566460895773926
6.76972233323568,4.25117269369762,1,1,1,0.347541930955725,-0.745830375961508,1,-1.48445001852384,1,60,11,6.4019245781614,6.4019245781614,0.745661628454519,6.4019245781614,6.4019245781614,0.745661628454519,0.755854375097848,0.755854375097848,0.644872369681214,0.700560001361471,0.700560001361471,0.609975292526957
1.03527396804376,1.69157222559682,1,1,0,0.496356994498539,-1.00320959938603,1,-1.48445001852384,1,60,11,0.785912532115629,6.8923420324159,0.785912532115629,0.785912532115629,6.8923420324159,0.785912532115629,0.625103191035294,0.751014795137924,0.625103191035294,0.594628256572726,0.696395604529499,0.594628256572726
-3.15404275053935,-5.04270860732525,1,1,0,-1.57961471125621,-1.18327545633925,0,-1.48445001852384,1,60,11,-3.5460967363471,-0.0459559307722355,-3.5460967363471,-3.5460967363471,-0.0459559307722355,-3.5460967363471,0.607478144191619,0.835966795277791,0.607478144191619,0.581075879730332,0.774047725504937,0.581075879730332
-0.306228721094487,-3.1734526294817,1,0,0,-1.48584869532077,0.518556088870592,0,-1.48445001852384,1,60,11,-1.65673315926638,0.712167258038385,-1.65673315926638,-1.65673315926638,0.712167258038385,-1.65673315926638,0.657254039486216,0.846620965561354,0.657254039486216,0.619678540097806,0.78465685140761,0.619678540097806
2.47384699278804,2.68714332286583,1,1,1,0.289581375049117,-0.701995960851564,0,-1.48445001852384,1,60,11,3.26637326080316,3.26637326080316,0.673574931751246,3.26637326080316,3.26637326080316,0.673574931751246,0.656644490372387,0.656644490372387,0.647623540682302,0.619199053469802,0.619199053469802,0.612124858465869
-1.14418390991069,0.593192447473943,1,1,1,-1.65409165922564,-0.990429489585892,0,-1.48445001852384,1,60,11,-0.421254091691232,-0.421254091691232,-3.5022046655326,-0.421254091691232,-0.421254091691232,-3.5022046655326,0.861321102697089,0.861321102697089,0.626233492187109,0.799726124731518,0.799726124731518,0.595501318519878
3.92254380465329,5.61694408677162,1,1,1,1.56342839592389,-0.211124875685891,0,-1.48445001852384,1,60,11,5.85671377179985,5.85671377179985,3.71214005866647,5.85671377179985,5.85671377179985,3.71214005866647,0.866053849752293,0.866053849752293,0.666780472539824,0.804694781103614,0.804694781103614,0.627197931540208
9.05834679440394,5.64078190982828,1,1,1,0.893398359477292,-0.659853535442003,1,-1.48445001852384,1,60,11,7.45875801425247,7.45875801425247,1.92335132601716,7.45875801425247,7.45875801425247,1.92335132601716,0.814333253381443,0.814333253381443,0.650103428392658,0.753207480065202,0.753207480065202,0.614065566471617
1.3188522072056,-0.578266245555846,1,1,0,-0.56392301433838,0.691076005078526,0,-1.48445001852384,1,60,11,0.359638118906342,2.93722416370164,0.359638118906342,0.359638118906342,2.93722416370164,0.359638118906342,0.648281608940249,0.681880526534312,0.648281608940249,0.612639559302176,0.639222435337719,0.612639559302176
10.9176508046202,8.02169455738577,1,1,1,1.18004177962521,1.91436713314654,0,-1.48445001852384,1,60,11,10.8356603553732,10.8356603553732,5.07085883490153,10.8356603553732,10.8356603553732,5.07085883490153,0.66089316121055,0.66089316121055,0.502186873252078,0.62254520793681,0.62254520793681,0.501637325327471
16.0717052958574,14.8170534911988,1,0,1,1.2033633095563,2.92542956153023,0,-1.48445001852384,1,60,11,16.7867024426223,16.7867024426223,6.1285643231474,16.7867024426223,16.7867024426223,6.1285643231474,0.442329331160352,0.442329331160352,0.28532813341685,0.456729210642812,0.456729210642812,0.334146296911113
8.9922807531922,5.46871804880541,1,1,1,1.08271184440787,-1.25065234533089,1,-1.48445001852384,1,60,11,8.37531077487107,8.37531077487107,1.71117948598943,8.37531077487107,8.37531077487107,1.71117948598943,0.808633259613553,0.808633259613553,0.600054509123608,0.747856782488381,0.747856782488381,0.575399355430065
7.38913911222084,5.96400648263121,1,1,1,-0.395247491295192,0.91452074469821,1,-1.48445001852384,1,60,11,6.85678209709577,6.85678209709577,0.920433904612401,6.85678209709577,6.85678209709577,0.920433904612401,0.749032646435193,0.749032646435193,0.63262318839904,0.694697157877808,0.694697157877808,0.600446489710012
2.77653549655656,4.13843031640462,1,1,1,-1.55701272894403,0.647432410260747,1,-1.48445001852384,1,60,11,3.8489838207333,3.8489838207333,-1.67018490512274,3.8489838207333,3.8489838207333,-1.67018490512274,0.906451807306307,0.906451807306307,0.650803671245092,0.849979333680275,0.849979333680275,0.61461410346377
5.68661098053932,5.05306389900566,1,1,1,1.34014801573425,0.509357118669587,0,-1.48445001852384,1,60,11,6.34550596698205,6.34550596698205,3.98606129264267,6.34550596698205,6.34550596698205,3.98606129264267,0.819252260535369,0.819252260535369,0.657658112212104,0.757869873128073,0.757869873128073,0.619996500011952
4.67116469731265,3.05714316303446,1,1,1,-0.383084193390284,0.584339018200662,0,-1.48445001852384,1,60,11,3.05603086211638,3.05603086211638,0.614578773924671,3.05603086211638,3.05603086211638,0.614578773924671,0.669727336368605,0.669727336368605,0.654146468300751,0.629534063585977,0.629534063585977,0.617236039658503
3.64483559676419,1.90710544649335,1,1,1,0.305790457274318,-1.48854483059,0,-1.48445001852384,1,60,11,4.23520993913943,4.23520993913943,-0.0805557735367877,4.23520993913943,4.23520993913943,-0.0805557735367877,0.580946285847674,0.580946285847674,0.570150828652897,0.560861879062407,0.560861879062407,0.552689114324785
9.50163903969154,10.3488661115209,1,1,1,1.8787081950592,0.51612220418821,1,-1.48445001852384,1,60,11,10.4363288664673,10.4363288664673,5.06994673681119,10.4363288664673,10.4363288664673,5.06994673681119,0.945005270638368,0.945005270638368,0.65736167490443,0.900055800487081,0.900055800487081,0.619763228812443
6.53025905465711,3.29033362042022,1,1,1,1.4121279812433,0.421604646599351,0,-1.48445001852384,1,60,11,6.32001922962468,6.32001922962468,4.04226875159052,6.32001922962468,6.32001922962468,4.04226875159052,0.835162136461902,0.835162136461902,0.66114001327819,0.773256304221547,0.773256304221547,0.622739916177502
4.84025666319065,5.56498072357802,1,1,1,0.969431199860654,-1.07184831236942,0,-1.48445001852384,1,60,11,4.91228103458564,4.91228103458564,1.66342222985646,4.91228103458564,4.91228103458564,1.66342222985646,0.717181357996316,0.717181357996316,0.618761008058728,0.667924938390061,0.667924938390061,0.589738592362457
11.8774983769976,9.29494815718185,0,0,1,0.371031650951785,1.5946022502479,1,-1.48445001852384,1,60,11,10.7758300311517,10.7758300311517,3.13307369465605,10.7758300311517,10.7758300311517,3.13307369465605,0.681219206180807,0.681219206180807,0.554945301246654,0.638692921472903,0.638692921472903,0.541217749072166
7.44843209160719,7.1070582490706,1,1,1,-0.791116601091407,1.37390532185338,1,-1.48445001852384,1,60,11,7.5756960955922,7.5756960955922,0.588080262175147,7.5756960955922,7.5756960955922,0.588080262175147,0.7534227049635,0.7534227049635,0.585284500822223,0.69846444299334,0.69846444299334,0.564153843398748
5.14399634345546,4.36284624373548,1,1,1,-0.482843543944824,-1.66217367559692,1,-1.48445001852384,1,60,11,6.03136870686538,6.03136870686538,-1.83145262098199,6.03136870686538,6.03136870686538,-1.83145262098199,0.681987155044915,0.681987155044915,0.544654797318195,0.639307837690335,0.639307837690335,0.533476108679826
4.74083926648513,3.44754383789404,1,1,1,0.851365873709636,-0.800646336929031,0,-1.48445001852384,1,60,11,4.43952810983269,4.43952810983269,1.69849355299482,4.43952810983269,4.43952810983269,1.69849355299482,0.716035351301344,0.716035351301344,0.641183260414353,0.666978432824876,0.666978432824876,0.607098430901023
9.15501872588105,7.44931740729549,1,1,1,0.457036444884952,0.590387412742054,1,-1.48445001852384,1,60,11,7.74942574214079,7.74942574214079,2.30086844501653,7.74942574214079,7.74942574214079,2.30086844501653,0.770657112867962,0.770657112867962,0.653841452272497,0.713460237013269,0.713460237013269,0.616996567213516
8.38529269579775,5.27249207894156,1,1,1,1.32709217040696,0.805456354420477,0,-1.48445001852384,1,60,11,7.00480877661529,7.00480877661529,4.25604883773897,7.00480877661529,7.00480877661529,4.25604883773897,0.805264132349431,0.805264132349431,0.640846263832758,0.744719345570829,0.744719345570829,0.606835942709095
6.05382289631788,3.2867305378027,0,1,1,-0.39886541471672,-0.26821517018195,1,-1.48445001852384,1,60,11,4.90240152040492,4.90240152040492,-0.269537857110813,4.90240152040492,4.90240152040492,-0.269537857110813,0.775771078771632,0.775771078771632,0.665625107715205,0.717977553019516,0.717977553019516,0.626283347554745
5.38897994782057,3.59375337195694,0,1,1,0.805350148128077,0.23692294642695,0,-1.48445001852384,1,60,11,4.80016386773131,4.80016386773131,2.64403138518768,4.80016386773131,4.80016386773131,2.64403138518768,0.731074421499207,0.731074421499207,0.666292699714501,0.679487936063592,0.679487936063592,0.626811720955244
13.5544032089749,12.3387752622696,0,1,1,-0.936156905468589,2.68720587421351,1,-1.48445001852384,1,60,11,13.9323756161885,13.9323756161885,1.61130020578091,13.9323756161885,13.9323756161885,1.61130020578091,0.555535798024899,0.555535798024899,0.339856673374985,0.541662469987209,0.541662469987209,0.378046032945792
-1.44839289387162,-3.59672231461516,0,1,0,-1.07954729079838,0.360543655155399,0,-1.48445001852384,1,60,11,-1.00214278393679,1.22784894333603,-1.00214278393679,-1.00214278393679,1.22784894333603,-1.00214278393679,0.663167881562685,0.774359491144653,0.663167881562685,0.624340668189515,0.716727399416665,0.624340668189515
-1.39391369815949,-3.43605772780461,1,1,0,-1.00304427281582,0.707037913700831,0,-1.79820638800402,1,54,12,-1.53259684578929,1.06730576562114,-1.53259684578929,-1.53259684578929,1.06730576562114,-1.53259684578929,0.680520639188004,0.7749006576152,0.680520639188004,0.63813388231758,0.717206379521654,0.63813388231758
0.334523226290704,-1.71458139056507,1,1,0,0.598212527310463,-0.919033837823623,0,-1.79820638800402,1,54,12,0.0438450029388308,2.98846819800365,0.0438450029388308,0.0438450029388308,2.98846819800365,0.0438450029388308,0.666119609368036,0.702820145253793,0.666119609368036,0.626674702775007,0.65613877079017,0.626674702775007
-1.14151004486396,-5.59434464300179,0,0,0,-0.26259507087276,-0.392531390883655,1,-1.79820638800402,1,54,12,-1.15126774648765,4.10281314634141,-1.15126774648765,-1.15126774648765,4.10281314634141,-1.15126774648765,0.694644003358411,0.791290082138534,0.694644003358411,0.649497743012024,0.731894394926356,0.649497743012024
0.0307949499347935,1.12304166900154,1,1,0,0.611768054539609,0.480772195952695,1,-1.79820638800402,1,54,12,1.47076209117344,6.80190399557462,1.47076209117344,1.47076209117344,6.80190399557462,1.47076209117344,0.691525848187687,0.812253444442159,0.691525848187687,0.646977421146338,0.751248785456709,0.646977421146338
-0.411239640390831,1.12065805247206,0,1,0,-0.0188889716389218,1.97979572142759,0,-1.79820638800402,1,54,12,1.70847156429127,7.72806266287424,1.70847156429127,1.70847156429127,7.72806266287424,1.70847156429127,0.527163289821064,0.527205280835241,0.527163289821064,0.520346917403002,0.520378401018983,0.520346917403002
-0.854183344010916,-3.78205702314114,1,0,0,-0.491810331061618,0.719627961561408,1,-1.79820638800402,1,54,12,-0.497538914420301,5.12032548864073,-0.497538914420301,-0.497538914420301,5.12032548864073,-0.497538914420301,0.679778060321678,0.793455878729741,0.679778060321678,0.63753995563907,0.733863033321533,0.63753995563907
0.736454201229032,-0.379781432883161,1,1,0,0.872229951002385,-0.886763047922413,0,-1.79820638800402,1,54,12,0.624150640223885,3.51049934338453,0.624150640223885,0.624150640223885,3.51049934338453,0.624150640223885,0.668575884186631,0.743451906061106,0.668575884186631,0.628620661319713,0.689936878883258,0.628620661319713
0.0610917787476799,-2.63281357941784,1,1,0,0.300543143331028,0.126641177200451,1,-1.79820638800402,1,54,12,0.494181250004035,5.61021923776675,0.494181250004035,0.494181250004035,5.61021923776675,0.494181250004035,0.700187095823161,0.797301743853244,0.700187095823161,0.653994846696171,0.737375669246487,0.653994846696171
0.114774225418273,-1.46613767425202,0,0,0,0.562689630456579,-0.601010561442978,0,-1.79820638800402,1,54,12,0.290822485611708,2.75203618057771,0.290822485611708,0.290822485611708,2.75203618057771,0.290822485611708,0.686224677943177,0.71772589052279,0.686224677943177,0.642707678977206,0.668375053872102,0.642707678977206
1.15967283383889,-1.11179739054115,1,1,0,-0.22860739361655,1.01357894640209,1,-1.79820638800402,1,54,12,0.322817945310515,6.45016022590008,0.322817945310515,0.322817945310515,6.45016022590008,0.322817945310515,0.658362399036492,0.760834278971004,0.658362399036492,0.620550898043537,0.704871832932754,0.620550898043537
0.759839406399545,-1.45998680208991,1,1,0,-0.0882641872317467,0.0473755062388661,0,-1.79820638800402,1,54,12,-0.362699082083099,1.73954535650829,-0.362699082083099,-0.362699082083099,1.73954535650829,-0.362699082083099,0.700737937152237,0.701514775429879,0.700737937152237,0.654442943289642,0.655075258106037,0.654442943289642
1.7592671020059,0.320963136059227,1,1,0,0.288895293347373,0.430309074359244,0,-1.79820638800402,1,54,12,0.774553447195518,3.05971934667143,0.774553447195518,0.774553447195518,3.05971934667143,0.774553447195518,0.693388230517477,0.701763961627405,0.693388230517477,0.648481932186813,0.655278178868632,0.648481932186813
-6.87168233676202,-9.00917656380451,0,0,0,-1.27117900500329,-3.1755409326732,0,-1.79820638800402,1,54,12,-5.95144515653826,6.23261505854474,-5.95144515653826,-5.95144515653826,6.23261505854474,-5.95144515653826,0.257372040840644,0.427375124549081,0.257372040840644,0.310763273773658,0.445440162046098,0.310763273773658
-1.86818715006262,-1.94124839979845,1,0,0,-0.707915265798183,1.58499295625104,0,-1.79820638800402,1,54,12,-0.0643837892038002,4.54781888216161,-0.0643837892038002,-0.0643837892038002,4.54781888216161,-0.0643837892038002,0.592600960321445,0.648395514010402,0.592600960321445,0.569716800236775,0.612728670032863,0.569716800236775
0.0483132191598605,-3.54374470857005,0,1,0,-0.835385691571235,1.28525174689137,1,-1.79820638800402,1,54,12,-0.61906585010957,6.13280620277775,-0.61906585010957,-0.61906585010957,6.13280620277775,-0.61906585010957,0.631251152739575,0.79364388150836,0.631251152739575,0.599383219444565,0.734034241505455,0.599383219444565
1.53853897650718,-2.04411780078846,1,1,0,0.30777866163292,1.38101797664694,0,-1.79820638800402,1,54,12,1.76302908605431,5.77023973787633,1.76302908605431,1.76302908605431,5.77023973787633,1.76302908605431,0.619923451332526,0.630434037601188,0.619923451332526,0.590633669456761,0.598750360987236,0.590633669456761
-1.68125916906913,-3.84720075840696,1,1,0,-1.09244160780201,0.483420700105567,0,-1.79820638800402,1,54,12,-1.93500872935692,0.398686843933632,-1.93500872935692,-1.93500872935692,0.398686843933632,-1.93500872935692,0.691422229223573,0.798544835003667,0.691422229223573,0.646893782759713,0.738515756334271,0.646893782759713
1.05350149098264,-0.420215364350988,1,0,0,0.489111151036434,1.12061651063611,0,-1.79820638800402,1,54,12,1.86529259885051,5.22107396276076,1.86529259885051,1.86529259885051,5.22107396276076,1.86529259885051,0.648549470695134,0.673967040843128,0.648549470695134,0.612849124062273,0.6329038625728,0.612849124062273
-1.35512724280083,-3.92387856706727,1,1,0,-0.243088528884876,0.213952030883906,0,-1.79820638800402,1,54,12,-0.505771240744319,1.64000423077503,-0.505771240744319,-0.505771240744319,1.64000423077503,-0.505771240744319,0.698997652116649,0.704881066980049,0.698997652116649,0.653028009795116,0.657820412780345,0.653028009795116
0.507297099057873,-3.55447499080818,1,1,0,-0.382617371693299,0.663674245916641,1,-1.79820638800402,1,54,12,-0.335106711328429,5.20535679336459,-0.335106711328429,-0.335106711328429,5.20535679336459,-0.335106711328429,0.682971726018545,0.788331728222636,0.682971726018545,0.640096753197581,0.729216151972767,0.640096753197581
-8.16776310239523,-12.137078489336,0,1,0,-2.6844654795544,-2.60552477616277,0,-1.79820638800402,1,54,12,-8.20800194913004,0.680757410067996,-8.20800194913004,-8.20800194913004,0.680757410067996,-8.20800194913004,0.393322752116325,0.954012823635304,0.393322752116325,0.419537370955522,0.913232602202768,0.419537370955522
1.69329142584878,-1.86952176813584,0,0,0,0.354888337927216,0.882682604614837,0,-1.79820638800402,1,54,12,1.3589130666108,4.23804164710043,1.3589130666108,1.3589130666108,4.23804164710043,1.3589130666108,0.668879606107916,0.681991412442322,0.668879606107916,0.628861518690439,0.639311247731635,0.628861518690439
-0.224336128783496,-2.24576332961993,0,0,0,-0.355012534748348,0.778197306545549,0,-1.79820638800402,1,54,12,-0.16537397680962,2.54021707110513,-0.16537397680962,-0.16537397680962,2.54021707110513,-0.16537397680962,0.676138768955405,0.689112291662294,0.676138768955405,0.634634098770244,0.645031143083576,0.634634098770244
5.89712745426624,2.15414809081355,1,1,1,1.87259153287323,-0.862469904190904,0,-1.79820638800402,1,54,12,5.49302128333215,5.49302128333215,2.64916694769708,5.49302128333215,5.49302128333215,2.64916694769708,0.916932921422354,0.916932921422354,0.670361517448209,0.862771776288013,0.862771776288013,0.630037458991146
-2.56017794289612,-4.65738474420567,1,1,0,-0.280000976498437,-1.74561070069698,0,-1.79820638800402,1,54,12,-2.53915886755232,2.60799785083547,-2.53915886755232,-2.53915886755232,2.60799785083547,-2.53915886755232,0.567972342220012,0.577039683562741,0.567972342220012,0.551042932966838,0.557901326472413,0.551042932966838
-0.0381838777926129,0.629797914701733,1,1,0,0.185520860430428,1.18182470907045,0,-1.79820638800402,1,54,12,1.31932021607283,4.81602985904227,1.31932021607283,1.31932021607283,4.81602985904227,1.31932021607283,0.642434734170832,0.646173544495531,0.642434734170832,0.608073661103604,0.61099149004345,0.608073661103604
3.13232535611217,-1.1952241454214,1,1,0,1.29297627049241,0.204096924237198,1,-1.79820638800402,1,54,12,2.55650325136355,7.69815880584663,2.55650325136355,2.55650325136355,7.69815880584663,2.55650325136355,0.69916259459131,0.893832851226855,0.69916259459131,0.653162022137832,0.835211869321548,0.653162022137832
-4.52051868902529,-7.22487863161575,1,0,0,-0.646870005418293,-1.59093021051109,1,-1.79820638800402,1,54,12,-3.11821643520615,4.51284249951071,-3.11821643520615,-3.11821643520615,4.51284249951071,-3.11821643520615,0.591739616574682,0.73977027067759,0.591739616574682,0.569061140215881,0.686813558627125,0.569061140215881
-0.295369832660096,-3.84894621594846,1,1,0,-0.285440224464545,-0.768683115601016,0,-1.79820638800402,1,54,12,-1.57310977838858,1.11776395382151,-1.57310977838858,-1.57310977838858,1.11776395382151,-1.57310977838858,0.676750747905099,0.685160611696212,0.676750747905099,0.635122179601747,0.641852874131135,0.635122179601747
-0.812600961785447,-0.975148136434284,1,1,0,0.0764072044386606,1.10188103242289,0,-1.79820638800402,1,54,12,1.02114922744173,4.33529103705506,1.02114922744173,1.02114922744173,4.33529103705506,1.02114922744173,0.650347398491356,0.650976631152893,0.650347398491356,0.61425665377639,0.614749629122028,0.61425665377639
-1.05529966203253,-2.91840078595718,1,0,0,0.18641544836377,-0.730868207265254,1,-1.79820638800402,1,54,12,-0.591583524396186,5.04258481199494,-0.591583524396186,-0.591583524396186,5.04258481199494,-0.591583524396186,0.679103265542264,0.776147919686159,0.679103265542264,0.637000540369486,0.718311722968688,0.637000540369486
-1.57840557875136,-4.40914886531285,1,1,0,-0.772487681029003,-0.590811180755824,0,-1.79820638800402,1,54,12,-2.3693327566723,0.0797250946337897,-2.3693327566723,-2.3693327566723,0.0797250946337897,-2.3693327566723,0.686722100918309,0.744440927529361,0.686722100918309,0.643107530399171,0.690778200637371,0.643107530399171
0.0647417299133098,-2.52678786732802,1,1,0,0.256693878922885,-0.143232973549581,0,-1.79820638800402,1,54,12,0.136608570437716,2.25712425514957,0.136608570437716,0.136608570437716,2.25712425514957,0.136608570437716,0.700008160980963,0.706552221369379,0.700008160980963,0.653849334665392,0.65918635277746,0.653849334665392
-0.00533206896963367,-2.52859596208903,0,1,0,-0.528608969513974,0.91540453601228,0,-1.79820638800402,1,54,12,-0.37535961687414,2.56260584767772,-0.37535961687414,-0.37535961687414,2.56260584767772,-0.37535961687414,0.66640067261048,0.695236248597111,0.66640067261048,0.626897200678472,0.649977197134915,0.626897200678472
-2.99001269136673,-6.02934499079279,1,1,0,-0.311146570497846,-2.27175735712252,0,-1.79820638800402,1,54,12,-3.12759671197668,4.1332847776636,-3.12759671197668,-3.12759671197668,4.1332847776636,-3.12759671197668,0.468628125228988,0.480024955648905,0.468628125228988,0.476496879728285,0.485040750286223,0.476496879728285
4.86589031671176,1.98818775253568,1,1,1,-0.575956930757723,-0.832073113784504,1,-1.79820638800402,1,54,12,3.57481247752462,3.57481247752462,-2.21753318915842,3.57481247752462,3.57481247752462,-2.21753318915842,0.795030568957776,0.795030568957776,0.67251964693278,0.735298647477774,0.735298647477774,0.631752265718416
4.31890874471689,1.05725096415855,1,1,0,1.41326707947541,0.451702978781025,1,-1.79820638800402,1,54,12,3.04469092387336,8.34872650491301,3.04469092387336,3.04469092387336,8.34872650491301,3.04469092387336,0.692624589300214,0.905319667139027,0.692624589300214,0.647864743941959,0.848627565990055,0.647864743941959
0.447304431885618,-0.801568359212589,1,1,0,0.11834900950581,-0.127253176568209,1,-1.79820638800402,1,54,12,-0.124101371415062,4.99209199953164,-0.124101371415062,-0.124101371415062,4.99209199953164,-0.124101371415062,0.700180887479424,0.791306366989695,0.700180887479424,0.653989797606259,0.731909172182135,0.653989797606259
-2.2901460841348,-6.38322534555922,0,0,0,-1.63567227629209,0.716294266829278,1,-1.79820638800402,1,54,12,-2.78859649961338,2.82448097707911,-2.78859649961338,-2.78859649961338,2.82448097707911,-2.78859649961338,0.67997604746044,0.926183588431979,0.67997604746044,0.637698275468367,0.874522326615115,0.637698275468367
0.648378579188323,-0.623423758626015,1,1,0,0.458479866122582,0.842853772287911,1,-1.79820638800402,1,54,12,1.5262672906746,7.33666977213456,1.5262672906746,1.5262672906746,7.33666977213456,1.5262672906746,0.671763884044969,0.784772641244048,0.671763884044969,0.631151443343574,0.726010219578086,0.631151443343574
0.7069956507279,-1.01572340275409,1,1,0,0.971643157983855,-0.169567463081172,1,-1.79820638800402,1,54,12,1.54017263902807,6.66892576356385,1.54017263902807,1.54017263902807,6.66892576356385,1.54017263902807,0.699678829120897,0.855589317838129,0.699678829120897,0.653581578384063,0.793787190184646,0.653581578384063
-1.66662640168967,-4.64241199099999,0,1,0,-0.969483580916689,-0.380132580208692,0,-1.79820638800402,1,54,12,-2.55264595590054,-0.308145177364425,-2.55264595590054,-2.55264595590054,-0.308145177364425,-2.55264595590054,0.695030464265646,0.781190187988809,0.695030464265646,0.649810576062038,0.722800607428254,0.649810576062038
0.274634087771345,-1.77317227791854,1,1,0,0.817508211401365,0.224546392866933,1,-1.79820638800402,1,54,12,1.62601660181119,6.77643768436074,1.62601660181119,1.62601660181119,6.77643768436074,1.62601660181119,0.698811604144511,0.83773381525743,0.698811604144511,0.652876873092805,0.775790394426737,0.652876873092805
-2.63951672162336,-4.03322104156037,1,1,0,-0.19945268262056,-0.355904581884103,1,-1.79820638800402,1,54,12,-0.988356160983696,4.2383119104224,-0.988356160983696,-0.988356160983696,4.2383119104224,-0.988356160983696,0.69574913340224,0.789842241376566,0.69574913340224,0.650392602357625,0.730582098537025,0.650392602357625
-8.57628728955411,-9.95823079453339,1,1,0,-4.40903975708279,0.248472358228678,1,-1.79820638800402,1,54,12,-8.80315336979538,-3.64141485699166,-8.80315336979538,-8.80315336979538,-3.64141485699166,-8.80315336979538,0.698358100261986,0.999982997143799,0.698358100261986,0.652508571485238,0.999953775859056,0.652508571485238
0.372698522712676,-0.521679847372884,0,1,0,0.752949103530651,0.328404274392791,0,-1.79820638800402,1,54,12,1.60075626759562,3.80860563503508,1.60075626759562,1.60075626759562,3.80860563503508,1.60075626759562,0.696506548189805,0.750455734491014,0.696506548189805,0.651006398861809,0.695916145321816,0.651006398861809
2.1878213002137,1.88380361877164,1,1,1,0.180396994173307,0.113945283764867,0,-1.79820638800402,1,54,12,2.35417658594526,2.35417658594526,0.241193058253008,2.35417658594526,2.35417658594526,0.241193058253008,0.70354934165484,0.70354934165484,0.700309122648293,0.656733409388463,0.656733409388463,0.654094093709954
0.0266581755304824,-1.94069659167411,1,1,0,0.966965263926261,-1.40649630654784,0,-1.79820638800402,1,54,12,0.293888007446207,4.37211986777893,0.293888007446207,0.293888007446207,4.37211986777893,0.293888007446207,0.616749849272908,0.714975865665109,0.616749849272908,0.588191181156131,0.666104337471247,0.588191181156131
0.906638378090579,-4.50216347396038,1,1,0,0.881198465446183,-1.64648367024844,0,-1.79820638800402,1,54,12,-0.117632953214551,4.69327552318024,-0.117632953214551,-0.117632953214551,4.69327552318024,-0.117632953214551,0.583497862438304,0.669278900087567,0.583497862438304,0.562797523505282,0.629178246513321,0.562797523505282
-0.166764177139106,-1.39218737638922,1,1,0,0.565812071195802,-0.4997252706826,0,-1.79820638800402,1,54,12,0.398352657850532,2.74807800400933,0.398352657850532,0.398352657850532,2.74807800400933,0.398352657850532,0.690771376022974,0.722349089985833,0.690771376022974,0.646368598056532,0.672206575132411,0.646368598056532
-0.366048680716161,-1.2723642227049,1,1,0,0.931267315797967,-1.75602142131382,1,-1.79820638800402,1,54,12,-0.127033003576357,8.05657822853665,-0.127033003576357,-0.127033003576357,8.05657822853665,-0.127033003576357,0.566280919410887,0.760179703318183,0.566280919410887,0.549765460597797,0.704303490426654,0.549765460597797
-2.86350939465554,-6.57908628297849,1,1,0,-2.24578000431722,0.404588635819522,0,-1.79820638800402,1,54,12,-4.3205175866734,-2.05682562243909,-4.3205175866734,-4.3205175866734,-2.05682562243909,-4.3205175866734,0.694256029764203,0.963502035653337,0.694256029764203,0.649183789774534,0.927973862447234,0.649183789774534
1.99660739680972,-0.797744983374265,1,0,0,-0.501710380007521,0.588129869038719,0,-1.79820638800402,1,54,12,-0.648837104834796,1.79705963802071,-0.648837104834796,-0.648837104834796,1.79705963802071,-0.648837104834796,0.686851387745425,0.712018158374288,0.686851387745425,0.643211483554413,0.663668949084186,0.643211483554413
-0.757700069560363,-6.35091849968406,1,1,0,-0.866017132234194,-0.527327790048849,0,-1.79820638800402,1,54,12,-2.49290826837571,-0.114833670217907,-2.49290826837571,-2.49290826837571,-0.114833670217907,-2.49290826837571,0.689618543872614,0.760610534807312,0.689618543872614,0.645439058065336,0.704677510151481,0.645439058065336
4.43786024285,1.54892328536545,0,1,1,0.0888432931921315,-0.394635787903069,0,-1.46211790246564,1,40,13,2.90099944286454,2.90099944286454,0.645262037770667,2.90099944286454,2.90099944286454,0.645262037770667,0.660540895698394,0.660540895698394,0.659700680108243,0.622267409639791,0.622267409639791,0.621605078095553
3.88729469805025,3.38079781533638,0,0,1,0.781390228320734,-0.494091817668705,0,-1.46211790246564,1,40,13,4.2750266025494,4.2750266025494,1.93089987826224,4.2750266025494,4.2750266025494,1.93089987826224,0.718179174330553,0.718179174330553,0.655925365552274,0.668749928655319,0.668749928655319,0.618633618348965
-0.803753758108567,-1.45276200946213,0,0,0,-0.193282859487144,-0.88929404260608,0,-1.46211790246564,1,40,13,-0.413648522290896,2.47719537192377,-0.413648522290896,-0.413648522290896,2.47719537192377,-0.413648522290896,0.632168345600564,0.636274017631107,0.632168345600564,0.600093918438537,0.603279606959886,0.600093918438537
4.7386674378901,3.72910386758523,1,0,1,-1.1647057154137,-1.1773486600185,1,-1.46211790246564,1,40,13,3.84160101569093,3.84160101569093,-2.64454885155644,3.84160101569093,3.84160101569093,-2.64454885155644,0.825418593868909,0.825418593868909,0.605588486349136,0.763775990072504,0.763775990072504,0.579629277252672
10.5525310599267,9.85854614099585,1,1,1,1.86407091297129,-0.722208810913826,1,-1.46211790246564,1,40,13,9.48972982087979,9.48972982087979,3.86814425431823,9.48972982087979,9.48972982087979,3.86814425431823,0.940231323983758,0.940231323983758,0.643953351983647,0.89334514949141,0.89334514949141,0.60925803151403
3.77743914479567,5.44201529393446,1,0,1,0.322379254198168,0.813737232229057,0,-1.46211790246564,1,40,13,5.08287526303067,5.08287526303067,2.32070697991487,5.08287526303067,5.08287526303067,2.32070697991487,0.649120417671805,0.649120417671805,0.637820041547166,0.613295926719593,0.613295926719593,0.604481085183302
6.60302695807022,6.48107397022064,1,0,1,-0.030736074569326,0.6220745348121,1,-1.46211790246564,1,40,13,6.90979035182461,6.90979035182461,1.42281362496292,6.90979035182461,6.90979035182461,1.42281362496292,0.749224927607393,0.749224927607393,0.649784092629472,0.694861738676626,0.694861738676626,0.613815493675809
3.08857666010655,2.24003212307297,1,0,1,0.136794987164721,0.386320984249278,0,-1.46211790246564,1,40,13,3.77136610073952,3.77136610073952,1.52212219786819,3.77136610073952,3.77136610073952,1.52212219786819,0.661966919829147,0.661966919829147,0.659977277015552,0.623392389071621,0.623392389071621,0.621823074639949
2.31288312085432,1.35700875658683,1,0,1,-0.408468318120153,0.531631639016055,0,-1.46211790246564,1,40,13,2.95953844166812,2.95953844166812,0.576906242065222,2.95953844166812,2.95953844166812,0.576906242065222,0.671959217411125,0.671959217411125,0.654274771129596,0.631306699042661,0.631306699042661,0.617336786092696
1.74564311895253,2.74306275715497,1,0,1,-0.663440872428125,-1.19251870190106,0,-1.46211790246564,1,40,13,1.86491164691596,1.86491164691596,-1.65718920746784,1.86491164691596,1.86491164691596,-1.65718920746784,0.652595731313244,0.652595731313244,0.603962363750623,0.61601901977138,0.61601901977138,0.578385343657864
1.88158853988236,1.36131648592912,1,1,1,-1.32567532357909,0.982999660631923,0,-1.46211790246564,1,40,13,2.26014858556569,2.26014858556569,-0.806139747236786,2.26014858556569,2.26014858556569,-0.806139747236786,0.793462145724088,0.793462145724088,0.624406538203777,0.733868739647293,0.733868739647293,0.594090400957788
6.32638548351858,4.94474542185529,1,1,1,-0.334726832858544,0.866070409945751,1,-1.46211790246564,1,40,13,6.90890593850174,6.90890593850174,1.05882798351814,6.90890593850174,6.90890593850174,1.05882798351814,0.746146773302964,0.746146773302964,0.633962704308364,0.692231605537362,0.692231605537362,0.601485321173236
1.81863803449134,2.06884690571108,0,0,0,0.236202534437902,0.545204279468755,1,-1.46211790246564,1,40,13,1.87982058763403,7.27706829398508,1.87982058763403,1.87982058763403,7.27706829398508,1.87982058763403,0.653647322456791,0.757288591289372,0.653647322456791,0.616844177562931,0.701798993622093,0.616844177562931
6.51298924227773,6.9657036893815,0,0,1,-0.25127634626746,-1.06590535913137,1,-1.46211790246564,1,40,13,5.52990742224816,5.52990742224816,-0.706246812376814,5.52990742224816,5.52990742224816,-0.706246812376814,0.727326373516056,0.727326373516056,0.616832925716878,0.676351935349537,0.676351935349537,0.588255072070457
11.2248527763354,10.2043208382264,0,0,1,0.449990631550057,-3.1669811962929,0,-1.46211790246564,1,40,13,10.7249812037695,10.7249812037695,-1.40478869390331,10.7249812037695,10.7249812037695,-1.40478869390331,0.247286024739798,0.247286024739798,0.229691875569604,0.302145123865059,0.302145123865059,0.286846855799255
-2.59595774000079,-2.66785592592652,1,0,0,-1.06701742924227,-0.377485668050088,0,-1.46211790246564,1,40,13,-1.64930928724516,0.593186142338061,-1.64930928724516,-1.64930928724516,0.593186142338061,-1.64930928724516,0.66026462424017,0.769786940354902,0.66026462424017,0.62204958689122,0.712694795939163,0.62204958689122
4.87616919139768,3.92091647937869,0,0,1,0.515292822145593,0.434305691092462,0,-1.46211790246564,1,40,13,4.61572400798842,4.61572400798842,2.32710257467312,4.61572400798842,4.61572400798842,2.32710257467312,0.686068595564093,0.686068595564093,0.658298358900445,0.64258224605036,0.64258224605036,0.620500476445424
1.40290395781862,-2.48928238582646,1,0,0,-0.203656010332467,-0.847982564901165,0,-1.46211790246564,1,40,13,-0.393083346276627,2.42599108409973,-0.393083346276627,-0.393083346276627,2.42599108409973,-0.393083346276627,0.635324990749121,0.639865963614779,0.635324990749121,0.602542594140734,0.606072673476797,0.602542594140734
9.59945269143794,9.83464501687689,1,0,1,0.910138896819256,1.74801869262972,0,-1.46211790246564,1,40,13,9.58607707534063,9.58607707534063,4.43050772555771,9.58607707534063,9.58607707534063,4.43050772555771,0.623588931533466,0.623588931533466,0.528283597098133,0.593459403004906,0.593459403004906,0.521186938607311
8.23151935960938,6.25019694972984,1,0,1,0.356334366838466,-0.977131892294466,1,-1.46211790246564,1,40,13,6.6525348156109,6.6525348156109,0.597748080671939,6.6525348156109,6.6525348156109,0.597748080671939,0.740041710743913,0.740041710743913,0.624917298281912,0.687043382382413,0.687043382382413,0.594484718240513
6.30786436557014,4.98660999874999,1,0,1,-0.537901530847533,1.7434850985592,0,-1.46211790246564,1,40,13,6.66963356505161,6.66963356505161,1.52989327615361,6.66963356505161,6.66963356505161,1.52989327615361,0.562889225143492,0.562889225143492,0.529028532202426,0.547205500273118,0.547205500273118,0.521745557306083
5.60448578575125,3.43255979462105,0,1,1,-0.160289987316692,-1.98326569412009,0,-1.46211790246564,1,40,13,4.59170838400964,4.59170838400964,-1.441634429464,4.59170838400964,4.59170838400964,-1.441634429464,0.489907301795691,0.489907301795691,0.486876536145748,0.492443046372002,0.492443046372002,0.490173304950082
2.01478540152867,0.789504575130261,1,0,1,-0.622011044317177,0.00409282665538565,0,-1.46211790246564,1,40,13,1.72229872854053,1.72229872854053,-0.377718022689496,1.72229872854053,1.72229872854053,-0.377718022689496,0.705872390642232,0.705872390642232,0.666304749255715,0.658630429992137,0.658630429992137,0.626821259984562
0.766784770017039,3.01222379837003,1,0,1,-0.488508359123203,-0.885945317404466,0,-1.46211790246564,1,40,13,1.8841483090695,1.8841483090695,-1.0007507963614,1.8841483090695,1.8841483090695,-1.0007507963614,0.658312161775581,0.658312161775581,0.632430231148004,0.620511343870877,0.620511343870877,0.60029690835876
6.31012246725225,5.4766607941645,0,0,1,0.96836838715868,0.671983279651451,0,-1.46211790246564,1,40,13,6.02249282138941,6.02249282138941,3.47093129325828,6.02249282138941,6.02249282138941,3.47093129325828,0.741147525685095,0.741147525685095,0.64699173756092,0.687980398116442,0.687980398116442,0.611630895723253
7.76528360717646,6.64844471990807,1,0,1,0.136149575886742,-1.51661818279982,1,-1.46211790246564,1,40,13,7.01802292066217,7.01802292066217,-0.382107791736866,7.01802292066217,7.01802292066217,-0.382107791736866,0.676620376703135,0.676620376703135,0.563645339286959,0.635018183704231,0.635018183704231,0.547776006730167
-1.47389791761577,-1.0610266738319,1,0,0,0.0138340130136196,-0.80210324208379,0,-1.46211790246564,1,40,13,0.0877760232329222,2.83114563419425,0.0877760232329222,0.0877760232329222,2.83114563419425,0.0877760232329222,0.63864272113831,0.638663649261234,0.63864272113831,0.605120850758639,0.605137129639515,0.605120850758639
2.87732842146305,1.9991849480721,1,0,1,-0.862132517088518,0.349344278393475,0,-1.46211790246564,1,40,13,1.70933190835217,1.70933190835217,-0.512709516494088,1.70933190835217,1.70933190835217,-0.512709516494088,0.735367133053498,0.735367133053498,0.661134858238479,0.68309536641463,0.68309536641463,0.62273584972994
6.82044258374503,5.45413366114896,0,1,1,0.291327100262188,1.07110787727332,0,-1.46211790246564,1,40,13,5.76324540184414,5.76324540184414,2.51597331708717,5.76324540184414,5.76324540184414,2.51597331708717,0.625791219304946,0.625791219304946,0.616335292785118,0.595159640199081,0.595159640199081,0.587872398882133
8.17630845140131,6.85296144420331,1,0,1,1.16252618852831,-0.975418645280725,1,-1.46211790246564,1,40,13,8.26328650462666,8.26328650462666,2.21184497106537,8.26328650462666,8.26328650462666,2.21184497106537,0.836854907356548,0.836854907356548,0.625065801410252,0.77492278405809,0.77492278405809,0.594599384836629
2.54231077859727,2.53007303171508,0,0,1,-0.280567203166702,-0.326141427244353,0,-1.46211790246564,1,40,13,2.1813036362767,2.1813036362767,-0.0250645942882846,2.1813036362767,2.1813036362767,-0.0250645942882846,0.670112187622275,0.670112187622275,0.661800984936816,0.62983952028732,0.62983952028732,0.623261428210013
-0.0288166878073736,-1.49849711007328,1,0,0,-0.354655819707357,0.5958303211859,0,-1.46211790246564,1,40,13,0.74872992106066,3.20374369270515,0.74872992106066,0.74872992106066,3.20374369270515,0.74872992106066,0.651162421840621,0.664591112702975,0.651162421840621,0.614895224967904,0.62546546802804,0.614895224967904
7.05775960390224,4.90201298976915,1,0,1,0.133582751919809,-0.157266962046335,1,-1.46211790246564,1,40,13,6.09684267843404,6.09684267843404,0.972109781082755,6.09684267843404,6.09684267843404,0.972109781082755,0.763483813151606,0.763483813151606,0.665260620062452,0.707177300779843,0.707177300779843,0.625994974066041
2.81716929358916,0.972444949899938,1,0,1,-0.500015503136304,-0.823830955214196,0,-1.46211790246564,1,40,13,1.8170467205718,1.8170467205718,-0.96165072219733,1.8170467205718,1.8170467205718,-0.96165072219733,0.664036688719982,0.664036688719982,0.637096044132927,0.625027166986891,0.625027166986891,0.603918307236718
-1.71212969346829,-0.677530112958731,1,0,0,-1.37872262583534,-0.351884205198441,0,-1.46211790246564,1,40,13,-2.24711821757964,-0.0232957237115011,-2.24711821757964,-2.24711821757964,-0.0232957237115011,-2.24711821757964,0.661059122323224,0.828818176931743,0.661059122323224,0.622676108642927,0.767062578654133,0.622676108642927
2.7575531253819,1.4347196845163,0,0,1,-0.52755937776836,-1.10571788319456,0,-1.46211790246564,1,40,13,2.02398663777445,2.02398663777445,-1.29862539944181,2.02398663777445,2.02398663777445,-1.29862539944181,0.643726004334154,0.643726004334154,0.612957008918936,0.609080655252936,0.609080655252936,0.585276878410712
2.67157967067143,0.930081803727919,1,0,0,-0.122380879167511,0.885594389954357,0,-1.46211790246564,1,40,13,1.50304387090881,4.38732129442744,1.50304387090881,1.50304387090881,4.38732129442744,1.50304387090881,0.63245761377273,0.634105307210126,0.63245761377273,0.600318134544748,0.601595958409391,0.600318134544748
-0.534070580579859,2.64923054087748,0,0,0,-0.411641191799923,0.852250514273739,0,-1.46211790246564,1,40,13,0.891179369963367,3.71751030904322,0.891179369963367,0.891179369963367,3.71751030904322,0.891179369963367,0.635006326282691,0.653412703307001,0.635006326282691,0.602295206880153,0.61666002957922,0.602295206880153
7.84906361209126,3.8422590669382,1,0,1,-0.287268408485154,-0.993982587459702,1,-1.46211790246564,1,40,13,5.38169321903255,5.38169321903255,-0.706308165140537,5.38169321903255,5.38169321903255,-0.706308165140537,0.734704044810191,0.734704044810191,0.623441590999842,0.682537017260323,0.682537017260323,0.593345718665548
2.69498689954615,2.92228308810983,1,0,1,0.351397702785944,-0.755530590150072,0,-1.46211790246564,1,40,13,3.4803025273638,3.4803025273638,0.809476054711288,3.4803025273638,3.4803025273638,0.809476054711288,0.655154261460107,0.655154261460107,0.641810094097578,0.618027607612751,0.618027607612751,0.607586811524249
4.31222105157695,0.827381621504048,0,1,1,1.17798179232675,-1.12272468601658,0,1.55304665594027,1,55,14,5.18179570370068,5.18179570370068,1.82128498310965,5.18179570370068,5.18179570370068,1.82128498310965,0.421592170813484,0.421592170813484,0.273956643620022,0.441062247465287,0.441062247465287,0.324718694069583
5.32224941026482,1.74078248853759,1,1,1,-0.722413518038068,0.694326713436284,1,1.55304665594027,1,55,14,5.41963534682411,5.41963534682411,-0.162454238167121,5.41963534682411,5.41963534682411,-0.162454238167121,0.473586318768972,0.473586318768972,0.304417700791043,0.480215086960372,0.480215086960372,0.34974254041741
8.14892838701165,4.55392726825632,1,0,1,0.469318442582366,0.840119451315375,1,1.55304665594027,1,55,14,8.17260311343129,8.17260311343129,2.36680242095284,8.17260311343129,8.17260311343129,2.36680242095284,0.427885733738148,0.427885733738148,0.295477639935176,0.445826358376518,0.445826358376518,0.342472504443695
4.34551449696062,2.78265947369046,1,0,1,-0.457744862648654,1.05116878494873,0,1.55304665594027,1,55,14,3.92868095857475,3.92868095857475,0.723725144124157,3.92868095857475,3.92868095857475,0.723725144124157,0.300441814699945,0.300441814699945,0.279896495321061,0.346516486079108,0.346516486079108,0.32965671051872
2.63846044501467,0.543135654169407,0,1,1,0.327340916908253,0.735553059355486,0,1.55304665594027,1,55,14,4.61931928077194,4.61931928077194,1.97828097764472,4.61931928077194,4.61931928077194,1.97828097764472,0.312896939435884,0.312896939435884,0.30204783983806,0.356586124495947,0.356586124495947,0.347820975003691
5.28713182249191,2.98544108673115,1,1,1,-1.76432303320273,1.10349353152546,1,1.55304665594027,1,55,14,4.48059152371126,4.48059152371126,-1.83710645040727,4.48059152371126,4.48059152371126,-1.83710645040727,0.727507371637691,0.727507371637691,0.275583915606593,0.67650308869898,0.67650308869898,0.326074522299746
1.32874674090713,-1.09438160197136,0,0,0,0.00852654385334113,0.321699558883003,0,1.55304665594027,1,55,14,0.926798731062416,3.13028933724793,0.926798731062416,0.926798731062416,3.13028933724793,0.926798731062416,0.319872258601794,0.319879773041262,0.319872258601794,0.362180403573746,0.362186413625529,0.362180403573746
2.96593106170173,1.13911176874023,0,1,1,0.928780289420392,-0.262685474164967,0,1.55304665594027,1,55,14,4.35192484748582,4.35192484748582,2.18292118914855,4.35192484748582,4.35192484748582,2.18292118914855,0.416022887243045,0.416022887243045,0.321299679044367,0.436838727346384,0.436838727346384,0.363321427250868
7.77525029940857,2.47712055974999,1,1,1,1.87028481622724,-0.246965824989109,0,1.55304665594027,1,55,14,6.24264201065065,6.24264201065065,4.0816498919381,6.24264201065065,6.24264201065065,4.0816498919381,0.712892534177997,0.712892534177997,0.321631736922308,0.664388187277922,0.664388187277922,0.363586681087504
15.1231898676452,12.3732926430795,1,0,1,1.7993264645394,1.8804768455888,1,1.55304665594027,1,55,14,14.7033690259359,14.7033690259359,6.06717585914033,14.7033690259359,14.7033690259359,6.06717585914033,0.645751959679903,0.645751959679903,0.19614254492512,0.610662151528917,0.610662151528917,0.256585202333787
2.99090411494438,-2.14559280995738,0,1,1,-1.35226134222167,0.0805982592822706,1,1.55304665594027,1,55,14,3.070617738711,3.070617738711,-2.03587834068833,3.070617738711,3.070617738711,-2.03587834068833,0.64606787688394,0.64606787688394,0.323895024685886,0.610908935511531,0.610908935511531,0.365392843709068
14.4231636080252,11.8802755672939,0,0,1,-0.268095108629843,2.69569983141691,1,1.55304665594027,1,55,14,15.1143532797311,15.1143532797311,2.74755569862995,15.1143532797311,15.1143532797311,2.74755569862995,0.166143137299072,0.166143137299072,0.105869630893964,0.228024666103641,0.228024666103641,0.164447182116891
9.94044041330504,2.47271779755988,1,1,1,2.97799121850346,0.241678736715838,0,1.55304665594027,1,55,14,8.94411586997605,8.94411586997605,6.78570725819548,8.94411586997605,8.94411586997605,6.78570725819548,0.971501615476664,0.971501615476664,0.321738853493872,0.941249788499317,0.941249788499317,0.36367223330563
2.3823221159282,1.36230407308666,0,1,1,0.346713090549507,-0.44321293168295,0,1.55304665594027,1,55,14,3.13469703669979,3.13469703669979,0.838259333888795,3.13469703669979,3.13469703669979,0.838259333888795,0.328511905811591,0.328511905811591,0.316041250926143,0.369067720389343,0.369067720389343,0.359111745273049
2.63252672053247,-0.716349915461467,0,1,1,-0.370838073371667,-1.14471075247456,0,1.55304665594027,1,55,14,2.11202189208571,2.11202189208571,-1.29834081474516,2.11202189208571,2.11202189208571,-1.29834081474516,0.285244048058261,0.285244048058261,0.272069069006439,0.334076978760045,0.334076978760045,0.323143076355361
3.68458694892989,0.0238076056483033,0,1,1,-0.477311876739105,0.338914880944714,0,1.55304665594027,1,55,14,2.187200508465,2.187200508465,-0.0276627880607651,2.187200508465,2.187200508465,-0.0276627880607651,0.343357942440265,0.343357942440265,0.319402246237017,0.380802856934446,0.380802856934446,0.361804417632179
1.35563895466796,-1.04626285445571,0,1,1,-1.13337231253198,0.720918720303371,0,1.55304665594027,1,55,14,1.66194398099599,1.66194398099599,-0.957779820287863,1.66194398099599,1.66194398099599,-0.957779820287863,0.443998442768065,0.443998442768065,0.3029035705533,0.45798670593683,0.45798670593683,0.348515288533823
-2.51990707919215,-5.91658210647419,1,0,0,-1.73388257445401,1.04356609175977,1,1.55304665594027,1,55,14,-1.83615297267552,4.35287721519524,-1.83615297267552,-1.83615297267552,4.35287721519524,-1.83615297267552,0.280508856487681,0.72227551054256,0.280508856487681,0.330164084296477,0.672145454390015,0.330164084296477
8.2298011815699,6.94573162188483,1,1,1,1.33947126838165,0.97419023223365,1,1.55304665594027,1,55,14,10.2902254620491,10.2902254620491,4.24117885346968,10.2902254620491,10.2902254620491,4.24117885346968,0.600363287132304,0.600363287132304,0.285924960028718,0.575635121000923,0.575635121000923,0.334638144352073
1.67586801774375,-0.144962450420549,1,1,1,-0.399662182163982,-0.516896060480465,0,1.55304665594027,1,55,14,1.63900719700453,1.63900719700453,-0.728174340335698,1.63900719700453,1.63900719700453,-0.728174340335698,0.329688347475561,0.329688347475561,0.313141297740973,0.370002127889874,0.370002127889874,0.356782632008791
4.21562831715973,4.17713037315711,0,1,1,-1.38150940289688,2.01743514212645,0,1.55304665594027,1,55,14,6.01250697349218,6.01250697349218,-0.15753757919458,6.01250697349218,6.01250697349218,-0.15753757919458,0.353983011036629,0.353983011036629,0.180434196705077,0.389130816672658,0.389130816672658,0.241831486732326
4.7897085604012,1.48570428023429,0,0,0,0.916807013739483,2.81312480897296,0,1.55304665594027,1,55,14,5.23478492092466,15.2484561117838,5.23478492092466,5.23478492092466,15.2484561117838,5.23478492092466,0.0944877508542192,0.13581244057535,0.0944877508542192,0.151142886940981,0.197271740734258,0.151142886940981
-1.97668325355042,-3.41788873049138,0,1,0,-0.0809947215459877,-1.92336971190077,0,1.55304665594027,1,55,14,-1.49731307052001,4.30203797813723,-1.49731307052001,-1.49731307052001,4.30203797813723,-1.49731307052001,0.191238317811713,0.191727162005308,0.191238317811713,0.252023258034013,0.252479730983121,0.252023258034013
-3.37410702351491,-6.05813388145775,0,1,0,-0.466530694764333,-1.54017768409145,1,1.55304665594027,1,55,14,-1.88519298914739,5.58695430942592,-1.88519298914739,-1.88519298914739,5.58695430942592,-1.88519298914739,0.233774856419956,0.352709328800422,0.233774856419956,0.290428817144073,0.388135409752854,0.290428817144073
3.61418661827406,2.22256490972249,0,1,1,0.515852553518735,-0.4244647896968,0,1.55304665594027,1,55,14,3.47545675950575,3.47545675950575,1.1952864018134,3.47545675950575,3.47545675950575,1.1952864018134,0.344658957139046,0.344658957139046,0.316710038622776,0.381825625848251,0.381825625848251,0.359648117276303
1.61258031730701,-1.35559970770051,0,1,0,0.346309657027091,0.0656637912626425,0,1.55304665594027,1,55,14,1.34632918978956,3.45064092327254,1.34632918978956,1.34632918978956,3.45064092327254,1.34632918978956,0.323985908596993,0.336579071210826,0.323985908596993,0.365465306597545,0.375459423008047,0.365465306597545
3.3915000786955,-1.00432825256068,0,1,1,0.573045573542855,-0.254109277745627,0,1.55304665594027,1,55,14,3.64459947884922,3.64459947884922,1.48002795381282,3.64459947884922,3.64459947884922,1.48002795381282,0.356371617154657,0.356371617154657,0.32148335832592,0.390995498572391,0.390995498572391,0.363468161950876
6.48992901127099,2.34284889459598,1,0,1,0.4482516371674,0.834427661152332,0,1.55304665594027,1,55,14,5.11524654165601,5.11524654165601,2.31897701995986,5.11524654165601,5.11524654165601,2.31897701995986,0.316143655862777,0.316143655862777,0.295855541265782,0.359193893218938,0.359193893218938,0.342780994650583
8.08493520006098,5.40600733468182,0,1,1,1.87262804350886,-2.02920972357179,0,1.55304665594027,1,55,14,8.52178455015696,8.52178455015696,2.30409244791867,8.52178455015696,8.52178455015696,2.30409244791867,0.536127026663869,0.536127026663869,0.179079438655139,0.527071147930234,0.527071147930234,0.240539097703355
-3.4700120717022,-7.88896874943925,0,1,0,-1.4542971527494,-1.42344647463339,0,1.55304665594027,1,55,14,-3.74399469565946,0.382205170486777,-3.74399469565946,-3.74399469565946,0.382205170486777,-3.74399469565946,0.245844460504349,0.470698010470419,0.245844460504349,0.300904686139785,0.478049361577122,0.300904686139785
4.42818739907504,2.98637199994872,0,0,1,-1.0452163906323,0.376180454558096,1,1.55304665594027,1,55,14,4.11530549215775,4.11530549215775,-1.12620624223378,4.11530549215775,4.11530549215775,-1.12620624223378,0.556750393877706,0.556750393877706,0.318302290844448,0.542577397432581,0.542577397432581,0.360923969687837
1.74284637663446,-1.97610646719086,0,0,0,-0.771309733097642,1.50720959279436,0,1.55304665594027,1,55,14,0.552636211071805,4.92431696768314,0.552636211071805,0.552636211071805,4.92431696768314,0.552636211071805,0.237238715941453,0.292372158313413,0.237238715941453,0.293452195644594,0.339933352686384,0.293452195644594
2.48148598391397,-2.1496059099493,0,1,1,-1.42958962271137,-0.219540683686234,1,1.55304665594027,1,55,14,2.65752426715718,2.65752426715718,-2.49067384463624,2.65752426715718,2.65752426715718,-2.49067384463624,0.667284402157599,0.667284402157599,0.322162373528388,0.627597074779672,0.627597074779672,0.364010422878526
-0.0989735390849295,-4.60041504653141,0,0,0,0.253817209918743,-0.939924403065081,1,1.55304665594027,1,55,14,0.155756101245137,6.13921398472239,0.155756101245137,0.155756101245137,6.13921398472239,0.155756101245137,0.288483219471735,0.401852957636733,0.288483219471735,0.336743195355397,0.426056433976447,0.336743195355397
3.37773513794183,-0.541936773659001,1,0,0,0.553150243115522,1.61232457497172,0,1.55304665594027,1,55,14,3.30667114567549,8.00626168073322,3.30667114567549,3.30667114567549,8.00626168073322,3.30667114567549,0.226058892829691,0.252698356527207,0.226058892829691,0.283642652724745,0.306782750706993,0.283642652724745
10.5478510690387,7.50549023567404,1,1,1,1.46896724733582,-0.741434891582903,1,1.55304665594027,1,55,14,8.43427138601802,8.43427138601802,2.78454568756147,8.43427138601802,8.43427138601802,2.78454568756147,0.65811249759004,0.65811249759004,0.301699436835969,0.620354151858007,0.620354151858007,0.347538142437921
6.25952983890601,4.9627106019006,0,1,1,0.630182843143075,0.145235142413815,1,1.55304665594027,1,55,14,7.11474015976466,7.11474015976466,1.9936469131727,7.11474015976466,7.11474015976466,1.9936469131727,0.480611895804269,0.480611895804269,0.323288007828982,0.485480522895386,0.485480522895386,0.364908733676796
1.83487101282561,-0.655647897955487,0,1,1,-1.1725950691254,-1.90763272219701,0,1.55304665594027,1,55,14,2.07428582682168,2.07428582682168,-3.66477677597508,2.07428582682168,2.07428582682168,-3.66477677597508,0.315828568884843,0.315828568884843,0.193039858858237,0.358941112966716,0.358941112966716,0.253703571057815
1.43774878256368,-4.05473263318345,0,1,1,-1.50578881962127,0.303560093362323,0,1.55304665594027,1,55,14,0.0721772688746604,0.0721772688746604,-2.11997146140748,0.0721772688746604,0.0721772688746604,-2.11997146140748,0.579316263101563,0.579316263101563,0.320341346242467,0.559626157275065,0.559626157275065,0.362555512832603
4.0854130146382,1.29125082183475,1,1,1,0.98678080088435,-0.192653583914116,0,1.55304665594027,1,55,14,4.50606950572227,4.50606950572227,2.36895410232732,4.50606950572227,4.50606950572227,2.36895410232732,0.43031099834529,0.43031099834529,0.322622388235943,0.447659941106173,0.447659941106173,0.364377630079721
3.79773577886281,2.40131635273782,1,1,1,1.44091899885462,-0.468880117655519,0,1.55304665594027,1,55,14,5.32085252925911,5.32085252925911,3.00100396452646,5.32085252925911,5.32085252925911,3.00100396452646,0.551199094397412,0.551199094397412,0.315080054497536,0.538397646763785,0.538397646763785,0.358340357622556
5.06554554601023,2.30736487786927,0,0,1,0.347975734533793,1.06365825094053,0,1.55304665594027,1,55,14,5.57902467927472,5.57902467927472,2.34765580448085,5.57902467927472,5.57902467927472,2.34765580448085,0.290630903269599,0.290630903269599,0.278882608520822,0.338506424150607,0.338506424150607,0.328815959393952
0.723785335295031,0.920008425282483,1,1,1,-0.40417814987105,-1.5388669131518,0,1.55304665594027,1,55,14,2.70893424797219,2.70893424797219,-1.75917712842117,2.70893424797219,2.70893424797219,-1.75917712842117,0.248209812965774,0.248209812965774,0.233913351456208,0.302938859469773,0.302938859469773,0.290549969514205
5.83438625435017,2.41896890804526,1,1,1,1.15502948658138,0.543993306478997,0,1.55304665594027,1,55,14,5.83802708160844,5.83802708160844,3.44209836411449,5.83802708160844,5.83802708160844,3.44209836411449,0.460268075588037,0.460268075588037,0.311966852220241,0.47022234549263,0.47022234549263,0.355837810221052
10.6290313241002,7.20170026362243,0,1,1,0.893025409544014,2.07082425526115,0,1.55304665594027,1,55,14,10.8332342549998,10.8332342549998,4.44492115882191,10.8332342549998,10.8332342549998,4.44492115882191,0.236446316586527,0.236446316586527,0.174291369697739,0.292761790358865,0.292761790358865,0.235944470948561
-1.10566368223564,-4.22954584298295,0,1,0,-1.54534043363687,1.10838989143224,0,1.55304665594027,1,55,14,-1.39424489136876,1.93428326006042,-1.39424489136876,-1.39424489136876,1.93428326006042,-1.39424489136876,0.275171728393653,0.540470228162617,0.275171728393653,0.325731309500619,0.53033213461193,0.325731309500619
4.22367850269778,-1.47122830166367,1,1,1,-1.5685399975325,-0.210785830081702,1,1.55304665594027,1,55,14,2.38461092548926,2.38461092548926,-2.75981974067397,2.38461092548926,2.38461092548926,-2.75981974067397,0.709858913273196,0.709858913273196,0.322318713575082,0.66189539127649,0.66189539127649,0.364135235955325
5.39779994112311,2.55131838004793,1,1,1,-0.0854075604898916,-0.8080302662208,1,1.55304665594027,1,55,14,5.36211360840101,5.36211360840101,-0.390799302727852,5.36211360840101,5.36211360840101,-0.390799302727852,0.405848227399829,0.405848227399829,0.297577968779497,0.429102182076437,0.429102182076437,0.344185711093671
3.93737169197895,0.880009461261899,1,1,1,0.641099319236643,0.159224359510839,0,1.55304665594027,1,55,14,4.1548214791185,4.1548214791185,2.02946908245686,4.1548214791185,4.1548214791185,2.02946908245686,0.367127098119485,0.367127098119485,0.323111000049985,0.399359905055102,0.399359905055102,0.364767523891891
6.17964476568632,2.32328210589739,0,1,1,1.37684709490075,-0.168896347604819,0,1.55304665594027,1,55,14,5.30136990290366,5.30136990290366,3.17284392666942,5.30136990290366,5.30136990290366,3.17284392666942,0.539019282491365,0.539019282491365,0.322979139448994,0.529242493065244,0.529242493065244,0.364662318387754
0.172215806503177,-1.9970908508217,1,0,1,-1.30903887835278,0.127575485056582,0,1.55304665594027,1,55,14,0.213819317211176,0.213819317211176,-1.90245618717625,0.213819317211176,0.213819317211176,-1.90245618717625,0.518170863384903,0.518170863384903,0.323488288733865,0.5136074973265,0.5136074973265,0.365068486960497
5.81289226241558,3.85277875837794,1,1,1,0.232265543204044,-1.36329138263104,1,1.55304665594027,1,55,14,6.64784918220584,6.64784918220584,-0.310714211750226,6.64784918220584,6.64784918220584,-0.310714211750226,0.357238474793167,0.357238474793167,0.251836184446113,0.391671561199563,0.391671561199563,0.306046027457996
-2.75624489983274,-5.09646724486872,0,0,0,-1.70974173776326,1.73818495232202,0,1.55304665594027,1,55,14,-1.09325243873177,4.02803448974694,-1.09325243873177,-1.09325243873177,4.02803448974694,-1.09325243873177,0.212217972338764,0.519070119367417,0.212217972338764,0.271280143167062,0.514281224047308,0.271280143167062
5.19473946778881,2.18240043643958,1,0,1,1.21423814287828,-0.116022980161724,0,1.55304665594027,1,55,14,5.01396072199318,5.01396072199318,2.90049939006757,5.01396072199318,5.01396072199318,2.90049939006757,0.490080660082077,0.490080660082077,0.323605306828041,0.492572865621498,0.492572865621498,0.365161814760405
3.02095015149615,-0.549156058454345,0,1,1,-0.488470009576278,0.729468431517222,0,1.55304665594027,1,55,14,2.97269868941759,2.97269868941759,0.340574496837397,2.97269868941759,2.97269868941759,0.340574496837397,0.326850546434361,0.326850546434361,0.302405562174583,0.367746787078932,0.367746787078932,0.348111283089241
3.07677382358304,3.00292521008458,0,1,0,1.17244908688895,-1.04938683524966,0,0.457030143682913,1,42,15,4.08663478629342,7.28784751628872,4.08663478629342,4.08663478629342,7.28784751628872,4.08663478629342,0.395558223254436,0.556085321153572,0.395558223254436,0.421248001022945,0.542076383267513,0.421248001022945
0.282601443246095,-1.25881692027226,0,1,0,-1.79876624679161,-0.182471052886829,0,0.457030143682913,1,42,15,-0.98888009870488,1.14441558643675,-0.98888009870488,-0.98888009870488,1.14441558643675,-0.98888009870488,0.444704630864706,0.788074833962587,0.444704630864706,0.458518604185083,0.728984162161954,0.458518604185083
15.096329174035,14.7742738995045,1,1,1,2.77854707901826,-0.414681506748636,1,0.457030143682913,1,42,15,13.2054968510924,13.2054968510924,7.93353609905307,13.2054968510924,13.2054968510924,7.93353609905307,0.981610801576447,0.981610801576447,0.438243933965947,0.959482643191634,0.959482643191634,0.453649291516703
10.3763166946879,6.55608260571335,0,1,1,1.19801396439781,0.497223782443023,0,0.457030143682913,1,42,15,8.03160664883077,8.03160664883077,5.68437515900382,8.03160664883077,8.03160664883077,5.68437515900382,0.602381357407119,0.602381357407119,0.434745110392423,0.577176726453637,0.577176726453637,0.451009183811597
2.99935282740197,-0.76771439063564,1,0,0,-0.53062625296311,-0.300341712738892,0,0.457030143682913,1,42,15,1.42952922910006,3.61973437351099,1.42952922910006,1.42952922910006,3.61973437351099,1.42952922910006,0.442050823418452,0.47505238253164,0.442050823418452,0.456519339728879,0.481314130198103,0.456519339728879
6.21548670115579,6.00042743421717,0,1,0,0.962964523498277,-0.269393280642278,0,0.457030143682913,1,42,15,4.44765921411945,6.62023195377466,4.44765921411945,4.44765921411945,6.62023195377466,4.44765921411945,0.442872729387211,0.551897717018429,0.442872729387211,0.457138653469926,0.538923398277994,0.457138653469926
5.28077746056355,4.80091215823101,0,1,0,1.21343053447874,-0.401324475146988,0,0.457030143682913,1,42,15,4.81666004157567,7.07772137592768,4.81666004157567,4.81666004157567,7.07772137592768,4.81666004157567,0.438751066954561,0.610471358063372,0.438751066954561,0.454031771659673,0.583369709044382,0.454031771659673
4.88192825023181,4.6935974396051,1,1,1,-0.276470414450804,-1.0679585674187,0,0.457030143682913,1,42,15,4.41075955316786,4.41075955316786,1.17022405144487,4.41075955316786,4.41075955316786,1.17022405144487,0.402444052822705,0.402444052822705,0.393780417433273,0.426507342649514,0.426507342649514,0.419887717690063
7.34519952313031,7.09492666597799,1,1,1,1.06101876673868,-1.14378294033407,0,0.457030143682913,1,42,15,7.17761745550773,7.17761745550773,3.76937804090847,7.17761745550773,7.17761745550773,3.76937804090847,0.517158138161438,0.517158138161438,0.386228988421707,0.512848809516254,0.512848809516254,0.414098088486903
6.57660250492316,5.72449877548567,1,1,1,-0.765861188861181,0.274324540341895,1,0.457030143682913,1,42,15,6.7089795638185,6.7089795638185,1.53372561038471,6.7089795638185,6.7089795638185,1.53372561038471,0.627046930008821,0.627046930008821,0.442747729633975,0.596129943156829,0.596129943156829,0.457044472325788
3.80878555839675,4.24318367136835,1,1,1,0.367782726872985,-0.320994056482559,0,0.457030143682913,1,42,15,5.40873202932571,5.40873202932571,3.20569484502859,5.40873202932571,5.40873202932571,3.20569484502859,0.457259736089103,0.457259736089103,0.441452868450699,0.467962591501672,0.467962591501672,0.456068703192333
3.87187091663531,3.37878051038753,1,0,1,-0.351067614455212,-1.20422862762803,0,0.457030143682913,1,42,15,4.4349261788256,4.4349261788256,0.884759591226727,4.4349261788256,4.4349261788256,0.884759591226727,0.393712206585477,0.393712206585477,0.379878627030906,0.41983550602113,0.41983550602113,0.409213874521451
9.34793800500745,12.1477371661947,1,1,1,1.46923428678403,-0.158619921626839,1,0.457030143682913,1,42,15,10.6961323792433,10.6961323792433,5.5709720997064,10.6961323792433,10.6961323792433,5.5709720997064,0.782111285296352,0.782111285296352,0.445084250874378,0.723624204627131,0.723624204627131,0.458804499176991
7.13202256741841,7.04553161221005,0,1,1,-0.879842188395898,-0.967799865348588,1,0.457030143682913,1,42,15,6.10027578499354,6.10027578499354,0.0636392056247914,6.10027578499354,6.10027578499354,0.0636392056247914,0.609512062734648,0.609512062734648,0.403026941044289,0.582634232821516,0.582634232821516,0.426951889687285
3.85894051335616,2.74391297572164,0,1,0,0.655660006283338,-0.934887392916125,0,0.457030143682913,1,42,15,3.16755606741573,6.14157050484924,3.16755606741573,3.16755606741573,6.14157050484924,3.16755606741573,0.40588032219725,0.455646897852352,0.40588032219725,0.429126630535675,0.46675062922415,0.429126630535675
6.78927950353145,3.57546663726424,1,1,1,0.610098062808809,-0.864779152636977,0,0.457030143682913,1,42,15,5.99438340358135,5.99438340358135,3.14654042074582,5.99438340358135,5.99438340358135,3.14654042074582,0.454803414951687,0.454803414951687,0.41164759235175,0.466116663851443,0.466116663851443,0.433515249774436
4.72889124679441,3.89930121309337,0,0,0,-0.635453592642054,2.42089254000098,0,0.457030143682913,1,42,15,3.94110880248205,11.9018294927144,3.94110880248205,3.94110880248205,11.9018294927144,3.94110880248205,0.209044166619417,0.242842736047527,0.209044166619417,0.268408823647269,0.298314548687935,0.268408823647269
3.07830480710065,3.60430526434724,0,1,0,0.360150592194929,0.314946085202346,0,0.457030143682913,1,42,15,3.82637071735738,6.02556175394166,3.82637071735738,3.82637071735738,6.02556175394166,3.82637071735738,0.441632076616973,0.456788949787826,0.441632076616973,0.456203766169098,0.467608854526588,0.456203766169098
8.92995463842521,8.83880869645719,1,1,1,1.46537867607238,0.834264937405404,0,0.457030143682913,1,42,15,9.35214372309939,9.35214372309939,6.55614573731534,9.35214372309939,9.35214372309939,6.55614573731534,0.660986445842371,0.660986445842371,0.414024229412443,0.622618783747319,0.622618783747319,0.435321157341087
1.40978206010043,-1.63018475272551,1,0,0,-1.87689308676611,0.556381281915347,1,0.457030143682913,1,42,15,-0.406281443851703,5.00327868701406,-0.406281443851703,-0.406281443851703,5.00327868701406,-0.406281443851703,0.431852541945614,0.867787344581526,0.431852541945614,0.44882476879461,0.806529971948706,0.44882476879461
-1.55704106091806,-0.49382309327203,0,0,0,-1.07163818461977,-1.43438671336263,0,0.457030143682913,1,42,15,-0.786539634836997,3.37092560863424,-0.786539634836997,-0.786539634836997,3.37092560863424,-0.786539634836997,0.35316821077512,0.484472111240197,0.35316821077512,0.388494123573635,0.488372387356837,0.388494123573635
1.8887197193721,1.02936136288914,0,1,0,-0.947357929389422,0.428991145503389,0,0.457030143682913,1,42,15,1.32539873448972,3.60943213741003,1.32539873448972,1.32539873448972,3.60943213741003,1.32539873448972,0.437682355725207,0.54319294660093,0.437682355725207,0.45322569429737,0.532377535511637,0.45322569429737
3.01586832906883,1.82056867879324,1,1,1,-1.30434477472727,0.813284515181281,0,0.457030143682913,1,42,15,3.75715011612557,3.75715011612557,0.995718413491921,3.75715011612557,3.75715011612557,0.995718413491921,0.613702195080547,0.613702195080547,0.415610918904563,0.585849055282121,0.585849055282121,0.436526004869732
-0.061703696175647,-1.26433912207515,1,1,0,-1.17313690555388,-0.854786517900324,0,0.457030143682913,1,42,15,-0.409936881242903,2.42072310994126,-0.409936881242903,-0.409936881242903,2.42072310994126,-0.409936881242903,0.412434851818968,0.573484463187062,0.412434851818968,0.434113619135172,0.555210102066017,0.434113619135172
2.55035220077012,2.60004201541744,0,1,0,-0.199448854743438,-0.406839837444377,1,0.457030143682913,1,42,15,1.98538590083392,7.25090455416569,1.98538590083392,1.98538590083392,7.25090455416569,1.98538590083392,0.438543660033292,0.560677376016238,0.438543660033292,0.453875350788029,0.54553720804292,0.453875350788029
9.24672929838383,6.77565280429932,1,1,1,0.978869252475042,-1.44112537544457,0,0.457030143682913,1,42,15,7.48457892502094,7.48457892502094,3.30773657727069,7.48457892502094,7.48457892502094,3.30773657727069,0.461176546447223,0.461176546447223,0.352329250101994,0.470904546659378,0.470904546659378,0.387838221342361
3.94147019339034,3.49465081070213,1,1,0,0.206411199278513,-0.0907704672546969,0,0.457030143682913,1,42,15,3.11317537906751,5.22141465679314,3.11317537906751,3.11317537906751,5.22141465679314,3.11317537906751,0.445874025596383,0.45085130934271,0.445874025596383,0.459399211163128,0.463144969598178,0.459399211163128
5.21489909602533,5.70584796425843,1,1,0,0.574686945772963,1.54311841817137,1,0.457030143682913,1,42,15,5.48361575748247,12.9648302099822,5.48361575748247,5.48361575748247,12.9648302099822,5.48361575748247,0.339267650414458,0.490647683894085,0.339267650414458,0.377581614192706,0.492997475152167,0.377581614192706
9.49327388313289,11.1810066101618,0,1,1,1.44899495411728,-0.494056865284991,1,0.457030143682913,1,42,15,10.53914867685,10.53914867685,5.19505649071475,10.53914867685,10.53914867685,5.19505649071475,0.769895027285808,0.769895027285808,0.434890913909091,0.712789823846145,0.712789823846145,0.451119248813797
6.61400111984289,6.42566949914791,1,1,1,-0.0025509358345001,-0.119882406129468,1,0.457030143682913,1,42,15,7.7805109612661,7.7805109612661,2.66613916996671,7.7805109612661,7.7805109612661,2.66613916996671,0.563083087279996,0.563083087279996,0.445587764973312,0.547351763834045,0.547351763834045,0.459183664177038
6.92431150783953,8.0486601424852,0,1,0,2.36119299493419,-0.905247527003877,0,0.457030143682913,1,42,15,6.60826191062967,9.5277349957763,6.60826191062967,6.60826191062967,9.5277349957763,6.60826191062967,0.408370454461126,0.908478522281876,0.408370454461126,0.431022624771323,0.852413291773796,0.431022624771323
5.16437616862375,3.60221783651143,1,1,1,-1.38485477847084,-0.798690217083392,1,0.457030143682913,1,42,15,4.96062973660483,4.96062973660483,-0.777276326259888,4.96062973660483,4.96062973660483,-0.777276326259888,0.739899551027921,0.739899551027921,0.416691768170517,0.686923009221597,0.686923009221597,0.437346379906678
6.68733082099585,4.00376645457199,0,1,1,-1.29141950100751,-2.3836353950146,0,0.457030143682913,1,42,15,5.60636674710199,5.60636674710199,-2.17535094926445,5.60636674710199,5.60636674710199,-2.17535094926445,0.377110400414147,0.377110400414147,0.214784481167706,0.40708010296345,0.40708010296345,0.273591791549109
1.89048683842343,1.07180529064899,0,1,0,-0.083235645421963,-0.362467668285578,0,0.457030143682913,1,42,15,2.26218448863567,4.49356729918806,2.26218448863567,2.26218448863567,4.49356729918806,2.26218448863567,0.440132577578152,0.440939239003144,0.440132577578152,0.455073474845557,0.455681567921033,0.455073474845557
6.87076684835154,3.60790041541639,1,1,1,0.602625356306176,-0.0186064167291336,0,0.457030143682913,1,42,15,6.07811394239189,6.07811394239189,3.97776774364839,6.07811394239189,6.07811394239189,3.97776774364839,0.488906316284041,0.488906316284041,0.44624251825599,0.49169344142763,0.49169344142763,0.459676657718505
12.9840440876018,15.3387321056976,1,1,1,2.25545228861743,-0.392810805024539,1,0.457030143682913,1,42,15,12.1635175485195,12.1635175485195,6.9092172199755,12.1635175485195,12.1635175485195,6.9092172199755,0.935650508437481,0.935650508437481,0.439065707380583,0.887063948764024,0.887063948764024,0.45426905048082
2.38299653586793,3.28211989554785,1,1,0,-0.805550238876752,1.6444065406948,0,0.457030143682913,1,42,15,2.82442951070648,7.62850238178633,2.82442951070648,2.82442951070648,7.62850238178633,2.82442951070648,0.32566411242835,0.396437089837912,0.32566411242835,0.366802469279025,0.421920090218189,0.366802469279025
8.92243346472758,5.98775283786523,1,1,1,-0.932346158612279,0.812684597487634,1,0.457030143682913,1,42,15,7.49957198302189,7.49957198302189,1.73911572802825,7.49957198302189,7.49957198302189,1.73911572802825,0.632419049111787,0.632419049111787,0.41565571904503,0.600288240471461,0.600288240471461,0.436560014434124
6.44175878071019,5.52372671652773,0,1,0,1.55935222058305,-0.281938815978309,0,0.457030143682913,1,42,15,5.62788907295297,7.80737856890823,5.62788907295297,5.62788907295297,7.80737856890823,5.62788907295297,0.442550280244736,0.71505526987262,0.442550280244736,0.45689569861967,0.666169815909359,0.45689569861967
7.06391221602783,3.58672139876927,0,1,1,0.123289572843754,0.31608163005719,0,0.457030143682913,1,42,15,5.55369182036948,5.55369182036948,3.35378422350987,5.55369182036948,5.55369182036948,3.35378422350987,0.443370049822633,0.443370049822633,0.441598687966957,0.457513334053413,0.457513334053413,0.456178602718833
1.54543211438,0.837600803912199,0,0,0,-0.477324016544107,-0.150042321060752,0,0.457030143682913,1,42,15,1.68643309361621,3.80894579172551,1.68643309361621,1.68643309361621,3.80894579172551,1.68643309361621,0.445207807364333,0.471915637542061,0.445207807364333,0.458897545600947,0.478962450701293,0.458897545600947
1.12109238045429,-1.29319247267799,0,1,0,-1.36023348386732,-0.303524189892661,0,0.457030143682913,1,42,15,-0.232867709862127,1.95925922398787,-0.232867709862127,-0.232867709862127,1.95925922398787,-0.232867709862127,0.44196126050926,0.65505637150175,0.44196126050926,0.456451846352811,0.617950697616434,0.456451846352811
8.03990612439895,6.01392791192116,0,1,1,0.128142020847539,1.14470474083017,1,1.39066931142181,0,57,16,7.73267185164372,7.73267185164372,1.32232290796466,7.73267185164372,7.73267185164372,1.32232290796466,0.511990228251962,0.511990228251962,0.393603728233346,0.508977971372228,0.508977971372228,0.419752468667693
-0.242021730034018,-0.625113307601047,1,0,1,-1.06513564350513,0.193257614527663,0,1.39066931142181,0,57,16,1.07311608483225,1.07311608483225,-1.06423242074068,1.07311608483225,1.07311608483225,-1.06423242074068,0.585227301825675,0.585227301825675,0.45226796364544,0.564110408474217,0.564110408474217,0.464210437580466
2.35645657436055,0.41570481285963,0,0,0,0.560464580522942,-0.172353488107765,0,1.39066931142181,0,57,16,2.18696802731546,4.31667375217838,2.18696802731546,2.18696802731546,4.31667375217838,2.18696802731546,0.45262566265363,0.489564618757495,0.45262566265363,0.46447941914284,0.492186425800186,0.46447941914284
6.56290356918002,5.60206637283484,0,0,1,1.36132963426227,-0.984605805838193,0,1.39066931142181,0,57,16,6.85814672768439,6.85814672768439,3.78869813479411,6.85814672768439,6.85814672768439,3.78869813479411,0.624314036916201,0.624314036916201,0.409098448139414,0.5940189989383,0.5940189989383,0.431576596094625
2.93427280675175,1.98988630200077,0,0,1,-0.678032647065513,0.264011852259273,0,1.39066931142181,0,57,16,1.87967583027193,1.87967583027193,-0.290026427861447,1.87967583027193,1.87967583027193,-0.290026427861447,0.504859784035681,0.504859784035681,0.450754260793878,0.503638597974303,0.503638597974303,0.463071968806093
3.3233924174389,3.166445250014,1,0,1,0.173520313306939,0.331959374310978,0,1.39066931142181,0,57,16,3.62327651907639,3.62327651907639,1.41307949288346,3.62327651907639,3.62327651907639,1.41307949288346,0.452381441162735,0.452381441162735,0.448860897959914,0.464295772025706,0.464295772025706,0.461647490473036
1.331610554815,-1.13032551168421,0,0,0,-0.424583768446839,1.08457694174835,1,1.39066931142181,0,57,16,0.216871329375901,6.4931784719481,0.216871329375901,0.216871329375901,6.4931784719481,0.216871329375901,0.399673698001616,0.53759078468993,0.399673698001616,0.424393113340579,0.528169942340747,0.424393113340579
-0.0426456080198248,-4.24797806291963,1,1,1,-2.38301935275596,-0.456555758059112,0,1.39066931142181,0,57,16,-1.39155667902541,-1.39155667902541,-3.69999983924234,-1.39155667902541,-1.39155667902541,-3.69999983924234,0.924018126748161,0.924018126748161,0.444273290408617,0.871729638803441,0.871729638803441,0.458193729808763
0.88505138510767,0.166669357096447,0,0,1,-0.60493120954801,0.723144280009519,0,1.39066931142181,0,57,16,2.47911409688405,2.47911409688405,-0.14382355282644,2.47911409688405,2.47911409688405,-0.14382355282644,0.472420977244037,0.472420977244037,0.429652242451288,0.479341365417255,0.479341365417255,0.447162020756226
4.10619963135577,3.91459545245129,1,1,1,-0.881787905880562,-0.713845578044096,1,1.39066931142181,0,57,16,4.91203856380157,4.91203856380157,-0.697536945491544,4.91203856380157,4.91203856380157,-0.697536945491544,0.636264345080549,0.636264345080549,0.430271261003484,0.60327209330619,0.60327209330619,0.447629908193221
-1.19436953020558,-3.21983640668996,1,0,0,-1.10299332524889,-0.378470920343716,0,1.39066931142181,0,57,16,-1.1399477842282,1.10329245331762,-1.1399477842282,-1.1399477842282,1.10329245331762,-1.1399477842282,0.447316980861576,0.589778666119791,0.447316980861576,0.460485524017106,0.567569213682942,0.460485524017106
6.39711355011629,5.32736865142581,1,1,1,-0.810981542752011,1.58338435345835,1,1.39066931142181,0,57,16,7.05118179154227,7.05118179154227,-0.555924219234443,7.05118179154227,7.05118179154227,-0.555924219234443,0.531140614358805,0.531140614358805,0.340971838452162,0.523329641724631,0.523329641724631,0.378924787744241
4.05173263724043,2.21691337872408,0,0,1,0.987645523821864,0.530436156664069,0,1.39066931142181,0,57,16,5.42269243020986,5.42269243020986,3.04132991391331,5.42269243020986,5.42269243020986,3.04132991391331,0.555514775198485,0.555514775198485,0.440874116475495,0.541646636094811,0.541646636094811,0.455632480201456
1.95217723745677,2.82717784756503,0,0,1,0.221027960239485,-0.149916143220616,0,1.39066931142181,0,57,16,3.63056963674669,3.63056963674669,1.50809478674855,3.63056963674669,3.63056963674669,1.50809478674855,0.45868698708275,0.45868698708275,0.452964126468666,0.469034825094814,0.469034825094814,0.464733920025146
3.40159564224368,2.18240216128971,0,0,1,0.395243037210843,-0.314073080516666,0,1.39066931142181,0,57,16,4.05516684059649,4.05516684059649,1.85652494069127,4.05516684059649,4.05516684059649,1.85652494069127,0.467715476981303,0.467715476981303,0.449401024862878,0.475812241665094,0.475812241665094,0.462053910515586
-0.197758551822855,0.229401811837294,1,0,1,-1.34707493572343,0.036977381546066,0,1.39066931142181,0,57,16,0.47325632156872,0.47325632156872,-1.62811100517728,0.47325632156872,0.47325632156872,-1.62811100517728,0.662206997216965,0.662206997216965,0.453952366271693,0.623581891717255,0.623581891717255,0.46547691723148
3.59763282229122,1.02582528413852,1,1,1,-1.13020993001722,1.43923717106084,0,1.39066931142181,0,57,16,2.97702264079837,2.97702264079837,-1.19438099376485,2.97702264079837,2.97702264079837,-1.19438099376485,0.506861844847278,0.506861844847278,0.359777369151291,0.505137651517046,0.505137651517046,0.393649669740439
5.99497996019769,4.55554839559181,1,1,1,-2.08280842579615,1.67965672787915,1,1.39066931142181,0,57,16,4.82166873818698,4.82166873818698,-3.09957798532271,4.82166873818698,4.82166873818698,-3.09957798532271,0.860789134837034,0.860789134837034,0.327700018582337,0.799171371379009,0.799171371379009,0.36842239724377
3.00262590520771,0.752832180178487,1,1,1,-0.534965511905984,0.308350965414948,0,1.39066931142181,0,57,16,2.19118816032994,2.19118816032994,-0.00389215754238847,2.19118816032994,2.19118816032994,-0.00389215754238847,0.483186302730269,0.483186302730269,0.449567528598306,0.487409211443957,0.487409211443957,0.462179188028603
2.59368372022524,0.809157015614731,1,1,1,-0.67223256185861,-0.482086029962306,0,1.39066931142181,0,57,16,2.05398068283718,2.05398068283718,-0.27842625744764,2.05398068283718,2.05398068283718,-0.27842625744764,0.496254580894732,0.496254580894732,0.443155642923807,0.497195756034087,0.497195756034087,0.457351805216055
5.61866759418382,4.20064937486358,0,0,1,0.564497776685521,-0.406734869832304,0,1.39066931142181,0,57,16,4.46046767397812,4.46046767397812,2.19503441964062,4.46046767397812,4.46046767397812,2.19503441964062,0.48369662444722,0.48369662444722,0.446280571353418,0.487791493460115,0.487791493460115,0.459705307549056
-0.239558113281406,1.51968346557468,0,1,0,0.236395504274263,0.116099362892511,1,1.39066931142181,0,57,16,1.53882987481811,6.65230893688215,1.53882987481811,1.53882987481811,6.65230893688215,1.53882987481811,0.453385260373153,0.577279327683914,0.453385260373153,0.465050561091639,0.558082834287756,0.465050561091639
11.4336290567473,10.2410482784885,1,0,1,0.953517101695242,1.61199259979863,1,1.39066931142181,0,57,16,10.6715932114656,10.6715932114656,2.97307306966006,10.6715932114656,10.6715932114656,2.97307306966006,0.556318043257765,0.556318043257765,0.337084023537867,0.542251689737028,0.542251689737028,0.375858297909961
3.04642671587517,-1.19367338562664,0,1,0,0.813295588925686,0.566070680245286,0,1.39066931142181,0,57,16,2.69263004412095,5.11306605915431,2.69263004412095,2.69263004412095,5.11306605915431,2.69263004412095,0.439054835165156,0.516824630296314,0.439054835165156,0.454260851746064,0.512598971792564,0.454260851746064
7.355397979712,6.06307504114604,0,0,1,-0.337835448305487,-0.468538188277583,1,1.39066931142181,0,57,16,5.70989600353305,5.70989600353305,0.390367969658606,5.70989600353305,5.70989600353305,0.390367969658606,0.574489394043922,0.574489394043922,0.443756235213389,0.555970527920255,0.555970527920255,0.457804257347408
1.46480173512458,-1.91144550462178,0,1,1,-1.68212038032891,-0.738331506581154,0,1.39066931142181,0,57,16,0.346931519222157,0.346931519222157,-2.29820189438824,0.346931519222157,0.346931519222157,-2.29820189438824,0.741291867068059,0.741291867068059,0.428624458737761,0.688102794332045,0.688102794332045,0.446384990478486
9.60540469504738,8.51431530540083,1,0,1,1.49753122067693,0.130951238030437,1,1.39066931142181,0,57,16,9.17824953436515,9.17824953436515,4.06110130762344,9.17824953436515,9.17824953436515,4.06110130762344,0.794409514107616,0.794409514107616,0.453213482317012,0.734732010871538,0.734732010871538,0.464921407970635
6.90224796106077,3.4728646287639,0,0,1,1.03663422714112,-1.30114944977212,0,1.39066931142181,0,57,16,6.93229721119411,6.93229721119411,3.13930732055182,6.93229721119411,6.93229721119411,3.13930732055182,0.500796093612563,0.500796093612563,0.37645305665485,0.500596036383668,0.500596036383668,0.406572987868888
7.52314947527104,4.30306545680391,0,1,1,1.16501829188009,1.05335822338266,0,1.39066931142181,0,57,16,6.60563899679764,6.60563899679764,3.39607545002977,6.60563899679764,6.60563899679764,3.39607545002977,0.561402291061237,0.561402291061237,0.402707238006436,0.546083879318647,0.546083879318647,0.426708076529186
2.15139473875848,0.897932171179775,0,0,1,-0.630028267996102,-0.620183366522786,0,1.39066931142181,0,57,16,2.29060973838891,2.29060973838891,-0.194017669722625,2.29060973838891,2.29060973838891,-0.194017669722625,0.482588442289071,0.482588442289071,0.436069457656207,0.486961338092323,0.486961338092323,0.452008766057771
5.60839619072319,2.69982109478851,0,1,1,0.529988705129854,0.455345068173343,0,1.39066931142181,0,57,16,4.43335540763907,4.43335540763907,2.12601627652929,4.43335540763907,4.43335540763907,2.12601627652929,0.47727005054574,0.47727005054574,0.444324794284948,0.482976326812563,0.482976326812563,0.458232522773871
6.33681180526618,3.54832114157973,1,0,1,-0.408377197236087,-1.5233037742849,0,1.39066931142181,0,57,16,4.66973886054804,4.66973886054804,0.249284471797406,4.66973886054804,4.66973886054804,0.249284471797406,0.367138120594235,0.367138120594235,0.3489734545801,0.399368451306423,0.399368451306423,0.385211254038189
4.91180800472628,1.74942296830799,1,0,1,0.285628451239243,0.282336338988463,0,1.39066931142181,0,57,16,3.81700957706147,3.81700957706147,1.63729576874807,3.81700957706147,3.81700957706147,1.63729576874807,0.459840359214022,0.459840359214022,0.45028603489949,0.469901126156233,0.469901126156233,0.462719746034165
6.69273680228707,6.17254959763838,1,1,1,1.4434888797413,0.404377485414651,0,1.39066931142181,0,57,16,6.21653777646246,6.21653777646246,3.95301662575219,6.21653777646246,6.21653777646246,3.95301662575219,0.683543669612845,0.683543669612845,0.446369848833182,0.64055532185103,0.64055532185103,0.459772522859017
-0.425161359043735,-2.56461361720022,1,0,0,-1.01471744493109,0.0889028425600672,0,1.39066931142181,0,57,16,-0.963396023592594,1.14450769182267,-0.963396023592594,-0.963396023592594,1.14450769182267,-0.963396023592594,0.453646299737097,0.574508852035674,0.453646299737097,0.465246818598881,0.555985253869036,0.465246818598881
10.5180455173683,6.86762251420447,1,1,1,1.39479885604999,-1.34925908165017,0,1.39066931142181,0,57,16,7.77613664778502,7.77613664778502,3.85563657836955,7.77613664778502,7.77613664778502,3.85563657836955,0.596393722383549,0.596393722383549,0.370800588915678,0.572606363821525,0.572606363821525,0.402205337675617
5.26376125307577,1.25863445725184,1,0,1,-1.33700123079703,-0.0651012358251929,1,1.39066931142181,0,57,16,3.49627457558149,3.49627457558149,-1.60796359532448,3.49627457558149,3.49627457558149,-1.60796359532448,0.756954079546737,0.756954079546737,0.453817934839561,0.701509813314681,0.701509813314681,0.465375854192353
4.23875568798935,1.80130643131401,1,0,1,0.0669261089417415,0.868442160329006,0,1.39066931142181,0,57,16,4.05408286998997,4.05408286998997,1.19989108415306,4.05408286998997,4.05408286998997,1.19989108415306,0.419489294682433,0.419489294682433,0.418973807615287,0.439468390201214,0.439468390201214,0.439077520438462
7.81869374929993,3.58597643733897,0,0,1,-0.328504214750707,-2.07747981979158,0,1.39066931142181,0,57,16,6.82495283840943,6.82495283840943,0.409030436768164,6.82495283840943,6.82495283840943,0.409030436768164,0.278544426871409,0.278544426871409,0.268320747263602,0.328535334267547,0.328535334267547,0.320004810015562
6.26009524326958,5.12511454909958,1,1,1,0.419526791128247,-1.40071952762711,0,1.39066931142181,0,57,16,5.96710764360199,5.96710764360199,1.90509244852607,5.96710764360199,5.96710764360199,1.90509244852607,0.384082998425382,0.384082998425382,0.364566651888355,0.412449185549624,0.412449185549624,0.397373272388292
6.77259984277967,1.99572024374989,1,0,1,-0.254934625161906,0.498964040152734,1,1.39066931142181,0,57,16,5.90513472931131,5.90513472931131,0.556169615945767,5.90513472931131,5.90513472931131,0.556169615945767,0.567438066838392,0.567438066838392,0.442383705198225,0.55063935225493,0.55063935225493,0.456770182943133
6.81574599643595,6.87484521197312,0,1,1,1.26226346268176,-0.944903450640539,0,1.39066931142181,0,57,16,6.5834083226655,6.5834083226655,3.5905657916331,6.5834083226655,6.5834083226655,3.5905657916331,0.598544446180905,0.598544446180905,0.412605323422259,0.574246771358488,0.574246771358488,0.434243167369013
2.60364136182249,2.17408312094227,1,0,1,-2.11427510325392,-0.72256033399273,1,1.39066931142181,0,57,16,2.45958209602142,2.45958209602142,-3.16251134023827,2.45958209602142,2.45958209602142,-3.16251134023827,0.911691762220032,0.911691762220032,0.42969134555657,0.856310267839014,0.856310267839014,0.447191579329508
4.57470884959959,2.96622255545902,1,0,1,-1.38752797068972,0.693128679731231,1,1.39066931142181,0,57,16,3.87141029155609,3.87141029155609,-1.70901707510987,3.87141029155609,3.87141029155609,-1.70901707510987,0.752277199884961,0.752277199884961,0.43162230508727,0.697479474962371,0.697479474962371,0.44865082685782
11.2881632777435,7.67898216835564,1,0,1,0.809330263399656,-1.59640689311247,1,1.39066931142181,0,57,16,10.3332143614459,10.3332143614459,2.68469939306889,10.3332143614459,10.3332143614459,2.68469939306889,0.528877756623847,0.528877756623847,0.339208157792872,0.521632488628381,0.521632488628381,0.377534696592445
6.82224053299329,4.57065597766364,0,0,1,0.564960219263029,-1.09842834867539,0,1.39066931142181,0,57,16,5.50250414196939,5.50250414196939,2.19595930479564,5.50250414196939,5.50250414196939,2.19595930479564,0.434955918963957,0.434955918963957,0.39830177191325,0.451168318892503,0.451168318892503,0.423345250303689
4.59594624634229,4.37661301439231,1,1,1,-0.629877660766361,0.246693369415107,1,1.39066931142181,0,57,16,4.96714116325024,4.96714116325024,-0.193716455263142,4.96714116325024,4.96714116325024,-0.193716455263142,0.613928930786683,0.613928930786683,0.451167981089146,0.586023188521621,0.586023188521621,0.463383163569901
5.81615976849971,2.39444140762525,1,0,1,0.726179500524243,0.561101538181292,0,1.39066931142181,0,57,16,4.93323280346748,4.93323280346748,2.51839786731807,4.93323280346748,4.93323280346748,2.51839786731807,0.501266779343234,0.501266779343234,0.439315529493559,0.500948442046101,0.500948442046101,0.454457435455703
-2.08386556226244,-0.868696428564327,1,1,0,-1.37181663891191,1.0852723598662,0,1.39066931142181,0,57,16,-1.67759441155424,1.60022168353532,-1.67759441155424,-1.67759441155424,1.60022168353532,-1.67759441155424,0.399605198963103,0.618222476895772,0.399605198963103,0.424340808153334,0.5893240945869,0.424340808153334
8.36192994475156,7.01255154525207,1,0,1,0.767106981740037,-0.677885159610104,1,1.39066931142181,0,57,16,8.15978111936927,8.15978111936927,2.60025282974965,8.15978111936927,8.15978111936927,2.60025282974965,0.617539313741113,0.617539313741113,0.43259159532034,0.588798429189724,0.588798429189724,0.449383045379954
7.10380531036332,6.12303844485893,0,0,1,1.44289087248675,-0.789495267115996,0,1.39066931142181,0,57,16,6.67512338804164,6.67512338804164,3.95182061124309,6.67512338804164,6.67512338804164,3.95182061124309,0.664173169563198,0.664173169563198,0.425009517640288,0.625135046545233,0.625135046545233,0.443650211218538
10.6695923498548,6.75018366409713,1,1,1,1.415993690206,0.619543001957145,1,1.39066931142181,0,57,16,9.38185977795564,9.38185977795564,3.89802624668157,9.38185977795564,9.38185977795564,3.89802624668157,0.7626847493066,0.7626847493066,0.436106352330482,0.706481156194908,0.706481156194908,0.452036608428125
5.35229920035515,4.24487384467693,1,0,1,1.04874556067749,-0.043988478840727,0,1.39066931142181,0,57,16,5.26546497389529,5.26546497389529,3.16352998762457,5.26546497389529,5.26546497389529,3.16352998762457,0.582875167232988,0.582875167232988,0.453925784285242,0.562324994722748,0.562324994722748,0.465456933582941
11.1651837316435,8.54017961714223,1,0,1,0.178045264724844,-2.50690069985448,0,1.39066931142181,0,57,16,9.80668051465013,9.80668051465013,1.42212939571927,9.80668051465013,9.80668051465013,1.42212939571927,0.203423713383291,0.203423713383291,0.200965870674529,0.263288601807413,0.263288601807413,0.261034850067431
6.81235554326598,3.40477764193516,1,0,1,1.34094376871884,-0.422195460928248,0,1.39066931142181,0,57,16,6.02617541093567,6.02617541093567,3.74792640370725,6.02617541093567,6.02617541093567,3.74792640370725,0.652889185093507,0.652889185093507,0.445682280178514,0.616249230023998,0.616249230023998,0.459254833165846
7.60820054248196,4.08332818664535,0,1,1,1.44730843940262,-0.295216034444447,0,1.39066931142181,0,57,16,6.14780825206792,6.14780825206792,3.96065574507482,6.14780825206792,6.14780825206792,3.96065574507482,0.687803860235194,0.687803860235194,0.449938191846905,0.643977657597544,0.643977657597544,0.46245806066605
5.55216645320883,2.99243418235687,1,1,1,0.791817611137303,0.263571591109407,0,1.39066931142181,0,57,16,4.81914407218413,4.81914407218413,2.64967408854419,4.81914407218413,4.81914407218413,2.64967408854419,0.5245908364095,0.5245908364095,0.45076512492905,0.518418423730835,0.518418423730835,0.4630801409735
7.19754579775864,10.032881327557,1,1,1,-0.00211347352077743,0.107287395710441,1,-0.282787286166561,1,55,17,8.13460238472976,8.13460238472976,3.02309179945144,8.13460238472976,8.13460238472976,3.02309179945144,0.64663372356389,0.64663372356389,0.532786929883546,0.611351074024188,0.611351074024188,0.524564673302552
12.3469887633303,11.9934201242882,1,1,1,0.752758394410596,0.618528951073633,1,-0.282787286166561,1,55,17,10.5266551539936,10.5266551539936,5.04407709067738,10.5266551539936,10.5266551539936,5.04407709067738,0.690576850749173,0.690576850749173,0.515309544399741,0.646211687759463,0.646211687759463,0.511464055512663
2.51981972152718,2.16413123079678,1,1,0,0.111614255813405,-0.693133792952321,0,-0.282787286166561,1,55,17,2.45012606945704,5.03056052438951,2.45012606945704,2.45012606945704,5.03056052438951,2.45012606945704,0.510692858326401,0.512162416398274,0.510692858326401,0.508006383187128,0.50910692569246,0.508006383187128
6.80095730325471,5.56237927325915,0,1,1,-1.08821761980151,-0.285098883393491,1,-0.282787286166561,1,55,17,5.63977860109826,5.63977860109826,0.458497227786044,5.63977860109826,5.63977860109826,0.458497227786044,0.760395257803768,0.760395257803768,0.529505309825924,0.704490594551199,0.704490594551199,0.522103111991291
3.54977371355659,5.07141343230305,0,1,1,-0.475557636505509,-1.45931064055069,0,-0.282787286166561,1,55,17,4.7391929828453,4.7391929828453,0.509605437220845,4.7391929828453,4.7391929828453,0.509605437220845,0.459614987115923,0.459614987115923,0.433221797812366,0.469731860863799,0.469731860863799,0.449859010883792
4.7513426026841,5.23546639427327,0,1,1,-0.109022582839089,-0.858578487135901,0,-0.282787286166561,1,55,17,4.68056471654104,4.68056471654104,1.84340769796847,4.68056471654104,4.68056471654104,1.84340769796847,0.499977627820353,0.499977627820353,0.498574828520454,0.499983246415657,0.499983246415657,0.498932961672126
4.5424433256047,6.75957883505623,1,1,1,-0.254090177252193,0.150104637018687,0,-0.282787286166561,1,55,17,4.68448703535136,4.68448703535136,2.56195563329685,4.68448703535136,4.68448703535136,2.56195563329685,0.539850594830301,0.539850594830301,0.532268746106281,0.529866768224323,0.529866768224323,0.524175915530107
5.16043762441713,7.52934592844794,1,1,1,-0.307265053867394,0.233285995173084,0,-0.282787286166561,1,55,17,4.69320959376474,4.69320959376474,2.53878723822085,4.69320959376474,4.69320959376474,2.53878723822085,0.541855193071601,0.541855193071601,0.530768907296959,0.531372455943581,0.531372455943581,0.523050829073423
10.8845768660976,12.2298810837695,0,1,1,-0.514207274024702,-2.58268374147972,1,-0.282787286166561,1,55,17,11.0791883697571,11.0791883697571,-0.691066938746573,11.0791883697571,11.0791883697571,-0.691066938746573,0.370575598337109,0.370575598337109,0.243917567941194,0.402031223055596,0.402031223055596,0.299243132347295
5.91488275437013,8.94625425916082,1,1,1,1.36540225185931,-0.343458644847336,0,-0.282787286166561,1,55,17,7.5253410503742,7.5253410503742,5.30737720965383,7.5253410503742,7.5253410503742,5.30737720965383,0.73007328511792,0.73007328511792,0.527778983812617,0.678649047505577,0.678649047505577,0.520808560448587
5.78113160581392,7.47252690481383,0,1,1,0.232177847862052,-0.50795492919117,0,-0.282787286166561,1,55,17,5.23445032740509,5.23445032740509,2.87643211731548,5.23445032740509,5.23445032740509,2.87643211731548,0.527530070974099,0.527530070974099,0.521182356205563,0.520621923720104,0.520621923720104,0.515863900137241
2.95624806965825,3.68174527074142,1,1,1,-1.52069993418917,0.675364821842334,0,-0.282787286166561,1,55,17,3.11011394682868,3.11011394682868,0.553996304246547,3.11011394682868,3.11011394682868,0.553996304246547,0.758505079049255,0.758505079049255,0.511840272516303,0.70285167131817,0.70285167131817,0.508865668076521
8.78112126345117,13.2258020644771,1,0,1,0.392073826767537,1.72258726801058,0,-0.282787286166561,1,55,17,10.4940731682404,10.4940731682404,5.42676627232821,10.4940731682404,10.4940731682404,5.42676627232821,0.41230660064096,0.41230660064096,0.394809637474378,0.434016150875242,0.434016150875242,0.420675346495623
10.4726538899296,11.5359031935,0,1,1,0.57376325752105,-0.479177402047606,1,-0.282787286166561,1,55,17,8.91799144641014,8.91799144641014,3.58838046377705,8.91799144641014,8.91799144641014,3.58838046377705,0.672402410010722,0.672402410010722,0.522520990264438,0.631659041893267,0.631659041893267,0.516867063426674
6.50137192705274,3.36685308670609,0,1,0,0.970050744084314,-0.669596175968059,0,-0.282787286166561,1,55,17,4.19053666298312,6.73889570185417,4.19053666298312,4.19053666298312,6.73889570185417,4.19053666298312,0.512206345890675,0.620940217767807,0.512206345890675,0.509139825322721,0.591416988952414,0.509139825322721
9.31505806388055,8.98967814527653,1,0,1,1.4288274059225,0.151870931198341,0,-0.282787286166561,1,55,17,8.05262187356895,8.05262187356895,5.9295570938259,8.05262187356895,8.05262187356895,5.9295570938259,0.749838455446985,0.749838455446985,0.53224366572453,0.69538713762053,0.69538713762053,0.524157100077804
6.86470682787365,8.10655719724981,1,1,1,0.250709195000852,0.563992422812812,0,-0.282787286166561,1,55,17,6.40352961658733,6.40352961658733,3.98544216359707,6.40352961658733,6.40352961658733,3.98544216359707,0.525755209303628,0.525755209303628,0.518350781079717,0.519291259158945,0.519291259158945,0.513742289035838
16.021652276772,17.6318443817483,0,0,1,-0.0643773199011787,2.41933227177372,1,-0.282787286166561,1,55,17,16.1637776239997,16.1637776239997,5.21060898275391,16.1637776239997,16.1637776239997,5.21060898275391,0.377957920558189,0.377957920558189,0.273840060370021,0.40773368715164,0.40773368715164,0.324621469249633
8.41822116198093,7.43373289370395,0,1,1,1.33779747415547,-0.631384669985415,0,-0.282787286166561,1,55,17,7.46288823060066,7.46288823060066,4.96424162910807,7.46288823060066,7.46288823060066,4.96424162910807,0.712161675881706,0.712161675881706,0.514551610754084,0.663786961213277,0.663786961213277,0.510896343320371
6.33619920815174,6.17618283860334,1,0,1,-0.0290960874484079,-1.23015666091201,0,-0.282787286166561,1,55,17,5.24496792535991,5.24496792535991,1.63168251497373,5.24496792535991,5.24496792535991,1.63168251497373,0.462103904047526,0.462103904047526,0.462004536512103,0.471600834699394,0.471600834699394,0.47152623111873
12.7050915518994,11.9361935807878,1,1,1,0.963661710372602,1.63372161320674,0,-0.282787286166561,1,55,17,11.2501226941933,11.2501226941933,6.48107638473449,11.2501226941933,11.2501226941933,6.48107638473449,0.516966887790602,0.516966887790602,0.408369099548672,0.512705539194081,0.512705539194081,0.431021593606401
3.5201374843798,5.62435383023619,0,1,1,-0.56211431017629,0.090792933016602,0,-0.282787286166561,1,55,17,3.99483902013233,3.99483902013233,1.88659566344657,3.99483902013233,3.99483902013233,1.88659566344657,0.56984028551728,0.56984028551728,0.532940537623308,0.552454391912895,0.552454391912895,0.524679919537343
11.7801239741267,12.037001024377,1,1,1,0.475177283909848,-1.9496576070782,1,-0.282787286166561,1,55,17,10.8218930963619,10.8218930963619,1.92072831152405,10.8218930963619,10.8218930963619,1.92072831152405,0.498597293244348,0.498597293244348,0.35776604446801,0.498949781195929,0.498949781195929,0.392082843897477
8.7250723407529,8.79393781707956,0,0,1,-0.0651844947588542,-2.01517944322281,0,-0.282787286166561,1,55,17,6.93543110642982,6.93543110642982,0.774482918042035,6.93543110642982,6.93543110642982,0.774482918042035,0.346983826583179,0.346983826583179,0.346527373207838,0.383651133188282,0.383651133188282,0.383292937352613
6.65107729926182,8.0107630453756,0,1,1,0.572122085861691,-1.27766432302008,0,-0.282787286166561,1,55,17,6.51903732180421,6.51903732180421,2.78661119948586,6.51903732180421,6.51903732180421,2.78661119948586,0.494941798076864,0.494941798076864,0.456415739555528,0.496212831642989,0.496212831642989,0.467328413996927
5.92646712227946,7.20375788571817,1,1,1,0.61215214140978,0.732580680964799,0,-0.282787286166561,1,55,17,7.51359076868976,7.51359076868976,4.87691631456691,7.51359076868976,7.51359076868976,4.87691631456691,0.552085345494616,0.552085345494616,0.508038723535408,0.539064611458572,0.539064611458572,0.506018881064483
8.52582564717111,8.30064762957503,1,1,1,1.44570597690874,-1.03508245150248,0,-0.282787286166561,1,55,17,7.94775653450592,7.94775653450592,4.77636085309755,7.94775653450592,7.94775653450592,4.77636085309755,0.715204869619266,0.715204869619266,0.482802251503841,0.666293192960088,0.666293192960088,0.487121510358669
10.350219016773,9.57109378693858,1,1,1,0.782378648655423,-0.231261368268422,1,-0.282787286166561,1,55,17,9.40700910027836,9.40700910027836,4.25352727982498,9.40700910027836,9.40700910027836,4.25352727982498,0.708288447528318,0.708288447528318,0.530813148578974,0.660607724944295,0.660607724944295,0.52308401323857
7.69728128317669,9.00586528165149,1,0,1,-1.03555064513589,-1.67764552405534,1,-0.282787286166561,1,55,17,7.08577904083835,7.08577904083835,-0.828715463544558,7.08577904083835,7.08577904083835,-0.828715463544558,0.641327001014473,0.641327001014473,0.401738835476306,0.607210406762328,0.607210406762328,0.425969365542421
13.2972867148853,12.8459067710984,1,1,1,0.66957728348592,1.05107289945756,1,-0.282787286166561,1,55,17,11.5150130571861,11.5150130571861,5.31025881721195,11.5150130571861,11.5150130571861,5.31025881721195,0.647827849997915,0.647827849997915,0.481229372121718,0.612284634498194,0.612284634498194,0.485943154355556
9.03536647584759,6.02925832704898,1,1,1,1.31148957619572,-0.235033030123953,0,-0.282787286166561,1,55,17,7.46321799829929,7.46321799829929,5.30797747305004,7.46321799829929,7.46321799829929,5.30797747305004,0.718724600769817,0.718724600769817,0.530730421514453,0.669201232476654,0.669201232476654,0.523021962091296
7.76923363999354,8.31391894796455,0,1,1,-0.21175915390585,-0.829074099486772,1,-0.282787286166561,1,55,17,7.45480280592388,7.45480280592388,1.66743894348408,7.45480280592388,7.45480280592388,1.66743894348408,0.621858179810062,0.621858179810062,0.500925503183044,0.592124523667261,0.592124523667261,0.500692926160978
6.49763383003187,4.53801554214703,0,1,1,-0.0793604421527125,-0.794763844245312,0,-0.282787286166561,1,55,17,4.6981961903514,4.6981961903514,1.96654662223181,4.6981961903514,4.6981961903514,1.96654662223181,0.504298926307628,0.504298926307628,0.50355565679749,0.503218663848353,0.503218663848353,0.502662157443482
5.87350266390567,7.27540821695448,1,1,1,0.718249330157461,-0.35159941833305,0,-0.282787286166561,1,55,17,6.22855274373656,6.22855274373656,4.00493059276442,6.22855274373656,6.22855274373656,4.00493059276442,0.587556723183739,0.587556723183739,0.527512638847079,0.565879971261552,0.565879971261552,0.520608853164555
3.34282386282148,5.3358439132166,1,1,1,-0.888956870208482,-1.02195490466251,0,-0.282787286166561,1,55,17,3.26455453286683,3.26455453286683,0.120162705703082,3.26455453286683,3.26455453286683,0.120162705703082,0.576754811535949,0.576754811535949,0.484075741170777,0.55768557987209,0.55768557987209,0.488075481871652
7.62840169913839,9.93514967322215,1,1,1,0.0470638867913376,1.21077307032983,0,-0.282787286166561,1,55,17,7.79090362253098,7.79090362253098,4.22493219469506,7.79090362253098,7.79090362253098,4.22493219469506,0.46448675418785,0.46448675418785,0.464226598874523,0.47338952282463,0.47338952282463,0.473194266167333
8.56846724666871,7.28680152858765,1,0,1,0.521471733356451,0.657358612048815,0,-0.282787286166561,1,55,17,7.15245377437901,7.15245377437901,4.62033342954427,7.15245377437901,7.15245377437901,4.62033342954427,0.544953502886284,0.544953502886284,0.512972493677428,0.533700618184985,0.533700618184985,0.509713619055166
7.07140857598998,8.73018706345344,1,1,1,0.139178291846389,1.05477028792162,0,-0.282787286166561,1,55,17,7.46569858267921,7.46569858267921,4.25315822239695,7.46569858267921,7.46569858267921,4.25315822239695,0.483145638278078,0.483145638278078,0.480862300982897,0.487378749163811,0.487378749163811,0.485668136366922
7.67065707137052,7.86018971891051,1,1,1,0.785933748070806,0.696274804129946,0,-0.282787286166561,1,55,17,7.77297225392031,7.77297225392031,5.18817365105411,7.77297225392031,7.77297225392031,5.18817365105411,0.582660891421278,0.582660891421278,0.510486919760477,0.562162414936341,0.562162414936341,0.507852162650568
-1.40968143516561,-1.23998543987015,1,1,1,-3.73147802974786,-0.269273369509519,0,-0.282787286166561,1,55,17,-2.63968993069569,-2.63968993069569,-4.8121980782227,-2.63968993069569,-2.63968993069569,-4.8121980782227,0.999055711265659,0.999055711265659,0.52991809148375,0.997484568933504,0.997484568933504,0.522412689175338
6.85595396224585,7.9445510663328,1,1,1,0.195714845268655,-1.18702827938982,0,-0.282787286166561,1,55,17,5.6334688980012,5.6334688980012,2.12443276193004,5.6334688980012,5.6334688980012,2.12443276193004,0.471406651414314,0.471406651414314,0.466902304629703,0.478580780873366,0.478580780873366,0.475202161619313
6.99161167044024,7.92800645727901,1,1,1,0.900822041564306,-0.0187986673526303,0,-0.282787286166561,1,55,17,6.80323015645277,6.80323015645277,4.70287676655853,6.80323015645277,6.80323015645277,4.70287676655853,0.626461409503537,0.626461409503537,0.533311457396403,0.59567742647897,0.59567742647897,0.524958216285803
8.30332914968357,10.9797681268396,1,1,1,1.02203244156943,1.11254952356368,0,-0.282787286166561,1,55,17,9.41441219986686,9.41441219986686,6.07664575748509,9.41441219986686,9.41441219986686,6.07664575748509,0.59703522339032,0.59703522339032,0.474961567417652,0.573095509086531,0.573095509086531,0.481246054709396
7.14036079669457,7.05802575894776,1,1,1,-0.732328769783381,-0.0374867834193734,1,-0.282787286166561,1,55,17,6.51929228672755,6.51929228672755,1.41788702779642,6.51929228672755,6.51929228672755,1.41788702779642,0.702851483435602,0.702851483435602,0.533262009392454,0.656164318086305,0.656164318086305,0.524921115266477
15.2348180918113,16.9849166640647,0,0,1,0.380946419699373,2.65756188502593,0,-0.282787286166561,1,55,17,15.5021212479498,15.5021212479498,6.33948607520723,15.5021212479498,15.5021212479498,6.33948607520723,0.242875329468453,0.242875329468453,0.23033016083316,0.298342725907561,0.298342725907561,0.28740813826373
7.69037270131224,7.26676296367121,0,0,1,0.737690143155725,-0.468380080269958,0,-0.282787286166561,1,55,17,6.24641145641773,6.24641145641773,3.92703155682404,6.24641145641773,6.24641145641773,3.92703155682404,0.58641072711028,0.58641072711028,0.523003035220349,0.565009231147198,0.565009231147198,0.517228332790702
0.391212687255842,2.5571160855129,1,1,1,-2.23585165271944,-1.12114577911314,0,-0.282787286166561,1,55,17,0.684150124253737,0.684150124253737,-2.67281773376946,0.684150124253737,0.684150124253737,-2.67281773376946,0.90801454060464,0.90801454060464,0.474057333416299,0.851854465821323,0.851854465821323,0.480568203265291
4.59131302535562,5.73592370610751,1,1,0,0.705896744297807,0.351742570481258,0,-0.282787286166561,1,55,17,4.68356740985942,6.90729024574819,4.68356740985942,4.68356740985942,6.90729024574819,4.68356740985942,0.527507899324866,0.585535170266674,0.527507899324866,0.520605299489464,0.564344202889619,0.520605299489464
6.82757897199227,5.57768998276931,1,1,1,-0.251178536363389,0.300749211228585,0,-0.282787286166561,1,55,17,4.90887357733897,4.90887357733897,2.71842348928436,4.90887357733897,4.90887357733897,2.71842348928436,0.536489369255614,0.536489369255614,0.529073879290304,0.527343125210644,0.527343125210644,0.521779564082779
2.9888047527044,4.38628422996332,1,1,1,-0.618563229436278,-0.715374745620102,0,-0.282787286166561,1,55,17,3.57929117296092,3.57929117296092,0.967530146289893,3.57929117296092,3.57929117296092,0.967530146289893,0.554170037995378,0.554170037995378,0.50921452482521,0.540633959892045,0.540633959892045,0.506899335865156
6.59406237294963,7.35652523867416,0,1,0,0.700630300895105,1.04652672346627,0,-0.282787286166561,1,55,17,5.36781867603903,8.56303685896808,5.36781867603903,5.36781867603903,8.56303685896808,5.36781867603903,0.481678969035153,0.539527545680055,0.481678969035153,0.486279992601989,0.529624164617342,0.486279992601989
5.20970503356046,6.00036081650058,1,0,1,-0.485072771180302,-1.64623026812275,0,-0.282787286166561,1,55,17,5.1137296359827,5.1137296359827,0.303655540299197,5.1137296359827,5.1137296359827,0.303655540299197,0.433581595499498,0.433581595499498,0.406495517833696,0.450130715897634,0.450130715897634,0.429595204143982
12.1281271083973,14.0492178060064,1,1,1,1.28828519903965,1.103343449502,1,-0.282787286166561,1,55,17,12.9173119659228,12.9173119659228,6.59994519836386,12.9173119659228,12.9173119659228,6.59994519836386,0.762223896751965,0.762223896751965,0.475922401062454,0.70607999491661,0.70607999491661,0.481966270901263
7.31437063071027,8.30117954648474,1,1,1,0.794419859194495,0.641053730003276,0,-0.282787286166561,1,55,17,7.66087468392593,7.66087468392593,5.14992479917482,7.66087468392593,7.66087468392593,5.14992479917482,0.587589916575618,0.587589916575618,0.513971236408374,0.565905197069463,0.565905197069463,0.510461644044576
16.1484733102889,18.1380077518925,1,1,1,2.18526714754207,2.22542723582604,0,-0.282787286166561,1,55,17,16.5685192636491,16.5685192636491,9.51599288169272,16.5685192636491,16.5685192636491,9.51599288169272,0.812044755084791,0.812044755084791,0.309238071277968,0.751052654487498,0.751052654487498,0.353639020161816
4.28397704800184,4.99502648958956,0,1,0,0.244694806893204,1.19014958918598,0,-1.32302706293976,1,49,18,2.92913859370139,6.44559463834094,2.92913859370139,2.92913859370139,6.44559463834094,2.92913859370139,0.588384170782083,0.595223577476309,0.588384170782083,0.566508888816984,0.57171443531995,0.566508888816984
0.930009153142259,0.914154424123804,0,1,0,-0.705330112452994,0.99247751588606,1,-1.32302706293976,1,49,18,0.831416681709073,6.91642830124844,0.831416681709073,0.831416681709073,6.91642830124844,0.831416681709073,0.608000240917662,0.759698904637037,0.608000240917662,0.581475770143886,0.703886339345562,0.581475770143886
2.34772424524502,3.15488673372279,0,1,0,0.519944224294425,-0.0283324359244681,0,-1.32302706293976,1,49,18,2.26115540339338,4.3619581303188,2.26115540339338,2.26115540339338,4.3619581303188,2.26115540339338,0.651441733578608,0.679983550100151,0.651441733578608,0.615114141121756,0.637704275410496,0.615114141121756
1.54507025672009,0.0201424386097695,0,0,0,-0.304421342312099,-0.00948862430704967,0,-1.32302706293976,1,49,18,0.631268081797755,2.73135811578899,0.631268081797755,0.631268081797755,2.73135811578899,0.631268081797755,0.651472428501207,0.66138590602288,0.651472428501207,0.615138201231107,0.622933900171435,0.615138201231107
8.3395286205293,7.77134763613521,1,1,1,0.0962970304711173,-0.589694251402685,1,-1.32302706293976,1,49,18,6.30023851040592,6.30023851040592,0.852499200268551,6.30023851040592,6.30023851040592,0.852499200268551,0.738756097230518,0.738756097230518,0.636360936010834,0.685955505421796,0.685955505421796,0.603347127126823
1.48130670238419,0.0577895014436219,1,1,0,-0.0459397563649573,-1.15211234792121,1,-1.32302706293976,1,49,18,0.00560753007788195,6.4329703923104,0.00560753007788195,0.00560753007788195,6.4329703923104,0.00560753007788195,0.592459002783078,0.70042689074565,0.592459002783078,0.569608727121397,0.654189887238024,0.569608727121397
1.3705854615507,1.27981547345821,0,1,0,0.74139566445614,-2.40624054878252,1,-1.32302706293976,1,49,18,0.326150170858764,11.216143749464,0.326150170858764,0.326150170858764,11.216143749464,0.326150170858764,0.3848113046725,0.565344812685224,0.3848113046725,0.413008973748547,0.549058692992412,0.413008973748547
3.54813815161535,3.54329430341026,1,0,1,-0.0131826770187562,-0.190479214044231,0,-1.32302706293976,1,49,18,3.16903715363017,3.16903715363017,1.03275482264726,3.16903715363017,3.16903715363017,1.03275482264726,0.649930899600968,0.649930899600968,0.649912151557376,0.613930452473403,0.613930452473403,0.613915771027961
0.189497415871602,1.80567362100884,1,0,0,0.107126309310999,-1.17740614307957,1,-1.32302706293976,1,49,18,0.286445866271426,6.77273109203294,0.286445866271426,0.286445866271426,6.77273109203294,0.286445866271426,0.589765408106985,0.699006943577201,0.589765408106985,0.567559130304359,0.653035558395345,0.567559130304359
6.44498901320894,7.38876963679853,1,1,1,0.137980671508961,0.842748197089029,0,-1.32302706293976,1,49,18,5.17853345453276,5.17853345453276,2.36830893083595,5.17853345453276,5.17853345453276,2.36830893083595,0.622447201496145,0.622447201496145,0.620326614002252,0.592578690535704,0.592578690535704,0.5909442206744
2.01782056135715,1.21626914258728,0,0,0,-0.0324644782295913,0.639217624151422,1,-1.32302706293976,1,49,18,1.82388805842124,7.33248722944703,1.82388805842124,1.82388805842124,7.33248722944703,1.82388805842124,0.633687906470625,0.735744779583327,0.633687906470625,0.601272146000375,0.683413545428587,0.601272146000375
0.42879683462463,2.3586416999356,0,1,0,-0.792076879993027,1.81102819931932,1,-1.32302706293976,1,49,18,1.47647383006227,9.85629696879204,1.47647383006227,1.47647383006227,9.85629696879204,1.47647383006227,0.501309789474537,0.68466323061086,0.501309789474537,0.500980644064648,0.641453560307245,0.500980644064648
1.00041178101044,3.17619606528331,0,0,0,0.234253102927287,0.814827279801175,0,-1.32302706293976,1,49,18,2.53293287638475,5.29687637229293,2.53293287638475,2.53293287638475,5.29687637229293,2.53293287638475,0.622388645217454,0.628475906519481,0.622388645217454,0.592533534625372,0.597234896589745,0.592533534625372
1.77395541998714,3.75905132965485,1,1,1,-0.0549456874313723,-0.292409167975586,0,-1.32302706293976,1,49,18,3.03280196940685,3.03280196940685,0.847298847890671,3.03280196940685,3.03280196940685,0.847298847890671,0.648111786795757,0.648111786795757,0.64778528469213,0.612506714869714,0.612506714869714,0.612251345498465
6.24583892751177,7.86209198550979,1,1,1,-0.866073203380542,0.801134441482361,1,-1.32302706293976,1,49,18,6.06040381877953,6.06040381877953,0.318587425450279,6.06040381877953,6.06040381877953,0.318587425450279,0.79214962957123,0.79214962957123,0.623373022713557,0.73267488725285,0.73267488725285,0.593292815915135
4.35706397860914,5.80347468658108,0,1,0,0.809503341184474,1.09775060835986,0,-1.32302706293976,1,49,18,3.96635668145781,7.27141307961226,3.96635668145781,3.96635668145781,7.27141307961226,3.96635668145781,0.598033118456256,0.669903468413308,0.598033118456256,0.573856645751426,0.62967384915488,0.573856645751426
-0.391535475679954,-0.332956843563884,1,1,0,-0.6722198988022,0.0679298728846317,0,-1.32302706293976,1,49,18,-0.0269105339907673,2.07770393363936,-0.0269105339907673,-0.0269105339907673,2.07770393363936,-0.0269105339907673,0.651277545605934,0.698312988291013,0.651277545605934,0.614985450851749,0.65247194298627,0.614985450851749
-2.53640305051635,-4.0403155801263,0,1,0,-1.33625613416271,-1.09277613765291,1,-1.32302706293976,1,49,18,-2.51568901524933,3.77847067177428,-2.51568901524933,-2.51568901524933,3.77847067177428,-2.51568901524933,0.598528587586254,0.849509323725443,0.598528587586254,0.574234670620721,0.787576585790447,0.574234670620721
1.97830874318037,6.34041757684423,1,1,1,0.65358528049841,-0.522082899938769,0,-1.32302706293976,1,49,18,4.40725760619553,4.40725760619553,2.03468705178705,4.40725760619553,4.40725760619553,2.03468705178705,0.684939074662281,0.684939074662281,0.63965135047299,0.641674997236204,0.641674997236204,0.605905631604026
5.34301164916834,7.89064175218375,0,1,1,0.351225442517251,-0.206225606057169,0,-1.32302706293976,1,49,18,3.88835367029998,3.88835367029998,1.74582466970633,3.88835367029998,3.88835367029998,1.74582466970633,0.662841473533595,0.662841473533595,0.649642541544861,0.624082859126385,0.624082859126385,0.613704660508829
0.557010047531549,1.15009556290355,0,1,0,-0.224436601609088,-0.424257093949374,1,-1.32302706293976,1,49,18,0.376469093561452,5.65646317532782,0.376469093561452,0.376469093561452,5.65646317532782,0.376469093561452,0.643686591699488,0.748607426482219,0.643686591699488,0.609049908016299,0.694333331980645,0.609049908016299
-1.64166630599244,0.0014218846161077,1,1,0,-0.552830804590728,-0.869010276270091,0,-1.32302706293976,1,49,18,-0.725072494722545,2.13010636554048,-0.725072494722545,-0.725072494722545,2.13010636554048,-0.725072494722545,0.618319716038514,0.651858478450899,0.618319716038514,0.589398929922953,0.615440844974571,0.589398929922953
1.41771480220906,2.18784057804008,1,1,1,-0.75605032948275,-0.812985844271298,0,-1.32302706293976,1,49,18,1.68545887047772,1.68545887047772,-1.0754871125078,1.68545887047772,1.68545887047772,-1.0754871125078,0.683818931661025,0.683818931661025,0.622522053398452,0.640776093764367,0.640776093764367,0.592636414789995
4.56199989855252,3.76872478053893,1,0,1,0.649690562409814,0.317166233488926,0,-1.32302706293976,1,49,18,5.06674116870311,5.06674116870311,2.86614674903755,5.06674116870311,5.06674116870311,2.86614674903755,0.691438355871327,0.691438355871327,0.647132051369206,0.646906799269372,0.646906799269372,0.611740580835125
7.90802137860417,8.08540953954413,1,0,1,-0.160485452928066,0.142303354838739,1,-1.32302706293976,1,49,18,6.19118208450997,6.19118208450997,1.07093183971161,6.19118208450997,6.19118208450997,1.07093183971161,0.752124712705565,0.752124712705565,0.650603687112666,0.697348463532475,0.697348463532475,0.614457420855157
-0.495923014413453,1.64686648078819,0,1,0,-1.15856430480888,0.68418562377821,0,-1.32302706293976,1,49,18,-0.383343595110547,2.18476637267423,-0.383343595110547,-0.383343595110547,2.18476637267423,-0.383343595110547,0.631066509560396,0.764173395529559,0.631066509560396,0.59924018852733,0.707778657688843,0.59924018852733
7.8726008780433,5.32140915678515,1,1,1,1.29157985882397,-0.880025499817542,0,-1.32302706293976,1,49,18,5.82717848888851,5.82717848888851,2.9527336085594,5.82717848888851,5.82717848888851,2.9527336085594,0.781282262436712,0.781282262436712,0.617458437408051,0.722882885063109,0.722882885063109,0.588736209524903
2.92694159892732,4.08890782501057,0,0,0,1.61731510032703,-1.18656011378366,0,-1.32302706293976,1,49,18,3.29766947759941,6.8055943812217,3.29766947759941,3.29766947759941,6.8055943812217,3.29766947759941,0.588774866848561,0.833030448850001,0.588774866848561,0.566805907899107,0.771166094535987,0.566805907899107
0.937459066893819,0.982283827115445,0,0,0,-0.354336300017003,0.321333977372276,0,-1.32302706293976,1,49,18,0.862260768067272,3.06551629308116,0.862260768067272,0.862260768067272,3.06551629308116,0.862260768067272,0.647016809715825,0.660494402193854,0.647016809715825,0.611650494261477,0.622230749578789,0.611650494261477
0.438682428793009,4.04464192854788,1,0,1,-0.86016089534976,-0.436520990595275,0,-1.32302706293976,1,49,18,1.38330718466449,1.38330718466449,-0.907243390565794,1.38330718466449,1.38330718466449,-0.907243390565794,0.719301121779061,0.719301121779061,0.643227424009605,0.669678533461453,0.669678533461453,0.608691747451842
1.57483438406709,2.9545564854684,0,1,1,-0.507642707403944,-0.378984570870369,0,-1.32302706293976,1,49,18,2.09895871000854,2.09895871000854,-0.144670594949256,2.09895871000854,2.09895871000854,-0.144670594949256,0.672729641237528,0.672729641237528,0.645266388143926,0.631919268002178,0.631919268002178,0.610282930893781
2.0550343505363,2.02868881720413,0,1,0,0.193836827872666,-1.322686167917,0,-1.32302706293976,1,49,18,0.314586878557336,4.16408557735629,0.314586878557336,0.314586878557336,4.16408557735629,0.314586878557336,0.573053424099108,0.577392168182525,0.573053424099108,0.554884004592138,0.558168304882623,0.554884004592138
0.829587932151783,2.59247904026365,1,1,0,-0.210179669267321,0.972666740596003,1,-1.32302706293976,1,49,18,1.80190679279036,7.84798738105202,1.80190679279036,1.80190679279036,7.84798738105202,1.80190679279036,0.609754997739058,0.719501880632887,0.609754997739058,0.582820457793499,0.669844806435635,0.582820457793499
2.04160432265762,3.41638833049485,1,1,1,-1.41697085070594,-0.42664292947216,1,-1.32302706293976,1,49,18,3.27103894911356,3.27103894911356,-2.01098524015503,3.27103894911356,3.27103894911356,-2.01098524015503,0.884453411113153,0.884453411113153,0.643598309231493,0.824627216638949,0.824627216638949,0.608981038245958
7.27796811062744,7.27020515835931,1,0,1,0.128895995775461,0.232686447770751,1,-1.32302706293976,1,49,18,6.89422081302685,6.89422081302685,1.74007783005067,6.89422081302685,6.89422081302685,1.74007783005067,0.750096144891909,0.750096144891909,0.649141032454174,0.695607928842581,0.695607928842581,0.613312062061959
0.334828527357526,2.63439006194055,0,1,0,-0.144577001963791,0.285555386378682,0,-1.32302706293976,1,49,18,1.2460007731801,3.42754265186998,1.2460007731801,1.2460007731801,3.42754265186998,1.2460007731801,0.647956661462089,0.650214025856285,0.647956661462089,0.612385379226893,0.614152187294334,0.612385379226893
5.15839488015256,6.77871266046525,1,1,1,0.690588622795615,-0.616659190170752,0,-1.32302706293976,1,49,18,4.49438600297153,4.49438600297153,2.01411744614948,4.49438600297153,4.49438600297153,2.01411744614948,0.685621715907748,0.685621715907748,0.634933205489652,0.642223206481632,0.642223206481632,0.602238447515113
0.189654263921921,1.65553580903908,1,1,0,0.152905484835394,-0.941460597709458,1,-1.32302706293976,1,49,18,0.613949762690333,6.60029781972978,0.613949762690333,0.613949762690333,6.60029781972978,0.613949762690333,0.612442078187898,0.719799739397581,0.612442078187898,0.584881611793921,0.670091561739803,0.584881611793921
3.5863913119944,4.05263347938771,0,0,0,0.312686505070432,1.21312732516898,0,-1.32302706293976,1,49,18,3.08809972603885,6.6597776331105,3.08809972603885,3.08809972603885,6.6597776331105,3.08809972603885,0.585852655610906,0.597023586647062,0.585852655610906,0.564585325757526,0.573086634982775,0.564585325757526
4.5098624003092,4.27616196623032,0,1,0,1.56100549755945,0.623087678138545,0,-1.32302706293976,1,49,18,4.99469806398644,7.48293631863452,4.99469806398644,4.99469806398644,7.48293631863452,4.99469806398644,0.634583063247183,0.847863424199009,0.634583063247183,0.601966684461993,0.785910443922203,0.601966684461993
0.0908813647397039,1.61288191638423,0,1,0,-0.542258274856994,-0.561277428438564,0,-1.32302706293976,1,49,18,-0.39619458742355,2.01883776425106,-0.39619458742355,-0.39619458742355,2.01883776425106,-0.39619458742355,0.637794157964204,0.669352917540662,0.637794157964204,0.60446096138088,0.629236968609419,0.60446096138088
1.88017741599895,4.37268027671417,1,1,0,1.03568479359003,-1.21455152199821,0,-1.32302706293976,1,49,18,2.10641745591086,5.68155285549903,2.10641745591086,2.10641745591086,5.68155285549903,2.10641745591086,0.585694009791256,0.701566260584057,0.585694009791256,0.564464834650191,0.655117180488624,0.564464834650191
-1.23640743106247,-0.632322180643429,0,1,0,-1.11318298063557,0.0211645722969626,0,-1.32302706293976,1,49,18,-0.955601998245181,1.14484594087533,-0.955601998245181,-0.955601998245181,1.14484594087533,-0.955601998245181,0.651457014060072,0.771343538066443,0.651457014060072,0.615126118616285,0.714064696944877,0.615126118616285
1.01644889669193,3.04479174232338,1,1,0,-0.195290258230119,0.193620456575083,0,-1.32302706293976,1,49,18,1.05263933084385,3.19012821204819,1.05263933084385,1.05263933084385,3.19012821204819,1.05263933084385,0.649860083247664,0.653964102375148,0.649860083247664,0.613874997644075,0.617092855915585,0.613874997644075
2.70819525464156,2.56678208096055,0,0,1,-1.08125885153653,-1.06579961341491,0,-1.32302706293976,1,49,18,1.2572108901964,1.2572108901964,-1.97871792575898,1.2572108901964,1.2572108901964,-1.97871792575898,0.724192374531878,0.724192374531878,0.601173048199361,0.673739261659916,0.673739261659916,0.576253547434035
1.21757221502913,1.71778979068107,0,1,0,-0.379141132866369,0.479828136206163,1,-1.32302706293976,1,49,18,0.971145261202427,6.30138030149751,0.971145261202427,0.971145261202427,6.30138030149751,0.971145261202427,0.641499055670072,0.755143242337754,0.641499055670072,0.60734445197847,0.699946500943859,0.60734445197847
-1.82710589631219,-0.177292545783719,1,1,0,-1.63014792909953,-0.265488910676815,0,-1.32302706293976,1,49,18,-2.27618537814688,-0.105701016454517,-2.27618537814688,-2.27618537814688,-0.105701016454517,-2.27618537814688,0.648434854439399,0.868362560935535,0.648434854439399,0.612759448467944,0.807140788323052,0.612759448467944
10.5606894996478,12.1019685431582,1,1,1,1.17107310860925,-1.62113855732105,1,-1.32302706293976,1,49,18,9.69869727265942,9.69869727265942,1.97060705062646,9.69869727265942,9.69869727265942,1.97060705062646,0.778133569880286,0.778133569880286,0.532035541224402,0.720075524080645,0.720075524080645,0.524000966092772
2.65074150823907,3.44072072689532,1,1,0,0.490437066492018,-0.250273000328818,0,-1.32302706293976,1,49,18,1.98020052338422,4.14283709807781,1.98020052338422,1.98020052338422,4.14283709807781,1.98020052338422,0.648774067140649,0.67431937715942,0.648774067140649,0.613024866386892,0.633184380984153,0.613024866386892
4.49189046842319,3.1223054585627,1,1,1,0.312877847610942,-0.186935003711625,0,-0.417305256799394,0,44,19,5.58655671348214,5.58655671348214,3.45161201786948,5.58655671348214,5.58655671348214,3.45161201786948,0.670419770586543,0.670419770586543,0.660073842761967,0.630083710325691,0.630083710325691,0.621899191329048
5.27016458235508,7.08222376893959,1,0,1,0.960412403205252,-0.31609855684928,0,-0.417305256799394,0,44,19,6.94659942670029,6.94659942670029,4.74668112905809,6.94659942670029,6.94659942670029,4.74668112905809,0.748457072780562,0.748457072780562,0.657301921091621,0.694204731400503,0.694204731400503,0.619716213121966
5.93202479563396,5.57278980947554,1,1,1,0.690345969748814,0.706791762631051,0,-0.417305256799394,0,44,19,6.80610285786833,6.80610285786833,4.20654826214522,6.80610285786833,6.80610285786833,4.20654826214522,0.69033903595229,0.69033903595229,0.640031880490931,0.64601989336281,0.64601989336281,0.606201827262454
4.68960083207784,7.17324235553932,1,0,1,0.206363705466701,1.17557842447461,0,-0.417305256799394,0,44,19,6.72056836567119,6.72056836567119,3.23858373358099,6.72056836567119,6.72056836567119,3.23858373358099,0.60552513877301,0.60552513877301,0.600702957274064,0.579580802440445,0.579580802440445,0.575894507644094
5.55274037495084,5.51328069562956,1,1,0,1.76111911873283,-0.400275846703587,0,-0.417305256799394,0,44,19,6.34809456011325,8.60831531356753,6.34809456011325,6.34809456011325,8.60831531356753,6.34809456011325,0.65472006963812,0.893898842077193,0.65472006963812,0.617686509777897,0.835287463607032,0.617686509777897
2.07521272234522,3.41894928971334,1,1,0,0.214066540366509,1.13886467495453,0,-0.417305256799394,0,44,19,3.25398940338061,6.65100215123991,3.25398940338061,3.25398940338061,6.65100215123991,3.25398940338061,0.604553185946072,0.609724575097152,0.604553185946072,0.578837206672635,0.582797135835313,0.578837206672635
1.97555717045456,2.63663778017868,1,1,0,0.00507158289305442,0.0882349082890351,0,-0.417305256799394,0,44,19,2.8359994884337,4.94378488747447,2.8359994884337,2.8359994884337,4.94378488747447,2.8359994884337,0.661229435218941,0.661232169028691,0.661229435218941,0.622810457109574,0.62281261375614,0.622810457109574
4.93418501126774,3.9561001508531,1,1,1,-0.590448448905249,0.817502745897491,0,-0.417305256799394,0,44,19,4.41327016438703,4.41327016438703,1.64495942483709,4.41327016438703,4.41327016438703,1.64495942483709,0.67014595683007,0.67014595683007,0.63263091907908,0.629866326991707,0.629866326991707,0.600452482894453
-1.09279260026471,-1.75112265305264,1,1,0,-1.35325520535247,-0.499398205860419,0,-0.417305256799394,0,44,19,0.119345911942654,2.46874447995926,0.119345911942654,0.119345911942654,2.46874447995926,0.119345911942654,0.650885921678447,0.81725804755816,0.650885921678447,0.614678550344777,0.755974568529697,0.614678550344777
4.9899072688872,2.98000248477,1,1,1,-1.64173846632846,-0.280034037666783,1,-0.417305256799394,0,44,19,4.72079845224264,4.72079845224264,-0.45762061000932,4.72079845224264,4.72079845224264,-0.45762061000932,0.919653823012457,0.919653823012457,0.658220273867764,0.866180340605634,0.866180340605634,0.620438999589224
4.36542982261224,3.69904117973623,0,0,1,-0.124735266862458,-0.201069788844681,0,-0.417305256799394,0,44,19,4.71681484890872,4.71681484890872,2.57638578892268,4.71681484890872,4.71681484890872,2.57638578892268,0.66149525642356,0.66149525642356,0.659840268596048,0.623020176765571,0.623020176765571,0.62171508802692
2.03254318361776,2.65401115248711,0,1,0,0.39186975138801,0.956345364727773,1,-0.417305256799394,0,44,19,3.60959582542361,9.62419228205991,3.60959582542361,3.60959582542361,9.62419228205991,3.60959582542361,0.621722679439694,0.739844260678899,0.621722679439694,0.592020064396158,0.686876197638245,0.592020064396158
2.97800290642538,3.32459316245627,1,1,1,-1.32095343709699,-0.959930880216653,0,-0.417305256799394,0,44,19,3.20541674324713,3.20541674324713,0.183949448453615,3.20541674324713,3.20541674324713,0.183949448453615,0.790345210273469,0.790345210273469,0.621416615611983,0.731037643057027,0.731037643057027,0.591784140824232
4.15598579510572,4.29084840322846,1,1,1,-0.0103287271805289,0.295252656410238,0,-0.417305256799394,0,44,19,4.99237299940384,4.99237299940384,2.80519886828653,4.99237299940384,4.99237299940384,2.80519886828653,0.657857823323925,0.657857823323925,0.657846432179159,0.620153681617571,0.620153681617571,0.620144715716737
-2.01797403348834,-1.77077277621206,1,1,0,-1.77911893585886,0.618465895973941,0,-0.417305256799394,0,44,19,-0.732381549070122,1.75011851541273,-0.732381549070122,-0.732381549070122,1.75011851541273,-0.732381549070122,0.645128564463679,0.892727758873689,0.645128564463679,0.610175313826406,0.833948366157447,0.610175313826406
-0.84552090940319,-1.12136332184673,1,1,0,-1.42737841148926,0.450828123376979,0,-0.417305256799394,0,44,19,-0.0289005003309293,2.27434549649668,-0.0289005003309293,-0.0289005003309293,2.27434549649668,-0.0289005003309293,0.652872588807397,0.832886016999138,0.652872588807397,0.616236209328606,0.771024806578219,0.616236209328606
2.77153555154606,0.42040216220064,1,1,0,-0.175231383795623,-0.806478745211403,0,-0.417305256799394,0,44,19,2.47539355505634,5.2258015215341,2.47539355505634,2.47539355505634,5.2258015215341,2.47539355505634,0.633418965668481,0.636790262692377,0.633418965668481,0.601063545442923,0.60368068599614,0.601063545442923
2.96767479759213,0.623637982546677,1,1,0,0.810140313846099,1.23073103923517,1,-0.417305256799394,0,44,19,4.44613695033979,11.0608358412767,4.44613695033979,4.44613695033979,11.0608358412767,4.44613695033979,0.594665778323892,0.763283553671011,0.594665778323892,0.571289398738678,0.707002765608204,0.571289398738678
4.41477901893416,2.35171187605684,1,1,1,-0.152067617095201,0.659305928991385,0,-0.417305256799394,0,44,19,5.05640539646038,5.05640539646038,2.52172108845719,5.05640539646038,5.05640539646038,2.52172108845719,0.645372797008238,0.645372797008238,0.642860211159037,0.610366024381566,0.610366024381566,0.608405383605372
6.45347387331454,5.61298753525004,1,1,1,0.691600114220435,-0.997483497670218,0,-0.417305256799394,0,44,19,7.30402987921287,7.30402987921287,4.20905655108846,7.30402987921287,7.30402987921287,4.20905655108846,0.670042713900386,0.670042713900386,0.618136532082501,0.629784372654199,0.629784372654199,0.58925795426556
-1.78780099335438,-0.785943431946174,1,1,0,-2.08848095416788,1.3720502858585,0,-0.417305256799394,0,44,19,-1.35110558568817,2.63141640123623,-1.35110558568817,-1.35110558568817,2.63141640123623,-1.35110558568817,0.577795323052434,0.917631527845944,0.577795323052434,0.558473696905585,0.863643313726981,0.558473696905585
3.77368414912318,4.81178563891503,1,0,0,1.33790872353772,1.55437574740445,0,-0.417305256799394,0,44,19,5.50167376972303,10.0177577338422,5.50167376972303,5.50167376972303,10.0177577338422,5.50167376972303,0.5530223816638,0.743125550416508,0.5530223816638,0.539769925293706,0.689659474952124,0.539769925293706
-1.41184912913878,-1.94616176848672,1,1,0,-2.32235134981088,0.68965365224012,1,-0.417305256799394,0,44,19,-1.81884637697416,3.75677578307398,-1.81884637697416,-1.81884637697416,3.75677578307398,-1.81884637697416,0.641076422398046,0.975684187134764,0.641076422398046,0.607015208714142,0.948569009592144,0.607015208714142
2.57920850901326,1.56371707563448,1,1,0,-0.289380584484644,1.89291945660898,1,-0.417305256799394,0,44,19,2.2470951536783,10.9302392228871,2.2470951536783,2.2470951536783,10.9302392228871,2.2470951536783,0.498117278954815,0.623538448113809,0.498117278954815,0.498590390047852,0.593420450293496,0.498590390047852
7.30834308353074,7.71201637132416,0,1,1,0.0231642592605323,-0.461470213921252,1,-0.417305256799394,0,44,19,8.18513959950518,8.18513959950518,2.87218484116866,8.18513959950518,8.18513959950518,2.87218484116866,0.751408945458112,0.751408945458112,0.65245508849839,0.696733831695307,0.696733831695307,0.615908702758672
0.389728524046466,-0.56479385112193,1,1,1,-2.94530898531429,-1.02484331301105,0,-0.417305256799394,0,44,19,0.085542168242465,0.085542168242465,-3.06476164798099,0.085542168242465,0.085542168242465,-3.06476164798099,0.991106753694903,0.991106753694903,0.615660689406119,0.978719372515754,0.978719372515754,0.587353780056131
2.81457147904813,1.41069644786728,0,1,0,0.0910052364047804,-0.323943509496883,0,-0.417305256799394,0,44,19,3.00786679545715,5.21280619280231,3.00786679545715,3.00786679545715,5.21280619280231,3.00786679545715,0.657087279283821,0.657971974797107,0.657087279283821,0.619547343227605,0.620243533284847,0.619547343227605
11.6113705533367,10.4846684037471,1,1,1,1.36856698635844,-0.608504644237247,1,-0.417305256799394,0,44,19,11.0332681974228,11.0332681974228,5.56299029536447,11.0332681974228,11.0332681974228,5.56299029536447,0.87856365654844,0.87856365654844,0.645658944495219,0.818133609998407,0.818133609998407,0.610589500136882
8.95829829925542,6.81296370265194,1,1,1,1.99170244272994,0.631162033194181,0,-0.417305256799394,0,44,19,9.30762672025329,9.30762672025329,6.80926120810748,9.30762672025329,9.30762672025329,6.80926120810748,0.924708020361704,0.924708020361704,0.64443957610868,0.872616460694241,0.872616460694241,0.609637463333589
8.52945431640281,6.13307912107282,1,0,1,-0.620716143793068,0.980548918460555,1,-0.417305256799394,0,44,19,7.64590021655562,7.64590021655562,1.58442403506146,7.64590021655562,7.64590021655562,1.58442403506146,0.758954805148689,0.758954805148689,0.619632579652254,0.703241254220948,0.703241254220948,0.590409652262032
5.98085929534874,7.35755404959107,1,1,1,0.388776218558735,-0.2669361512203,1,-0.417305256799394,0,44,19,8.77466366859337,8.77466366859337,3.60340875976506,8.77466366859337,8.77466366859337,3.60340875976506,0.769473062992974,0.769473062992974,0.658526043765262,0.712418921273584,0.712418921273584,0.620679752445068
1.37602714940973,0.35676135876459,1,0,0,-0.491643405230886,-2.02847183254028,0,-0.417305256799394,0,44,19,1.84256951218582,8.05726748759516,1.84256951218582,1.84256951218582,8.05726748759516,1.84256951218582,0.473048097955943,0.501550729593215,0.473048097955943,0.479811565944509,0.501161037933667,0.479811565944509
4.05491035285861,2.00569241272677,1,1,0,0.344818729283551,2.03333756630852,0,-0.417305256799394,0,44,19,3.51549378121469,9.74995543977614,3.51549378121469,3.51549378121469,9.74995543977614,3.51549378121469,0.472117747872083,0.486126409015743,0.472117747872083,0.47911399989402,0.489611484014817,0.47911399989402
11.0857654287582,9.66376209669257,1,1,1,1.43708708167335,-2.02049600395337,0,-0.417305256799394,0,44,19,11.8824345879858,11.8824345879858,5.7000304859943,11.8824345879858,11.8824345879858,5.7000304859943,0.70592713772376,0.70592713772376,0.474568671488572,0.658675185768248,0.658675185768248,0.480951530952839
7.82069529483847,8.18272296383341,1,1,1,0.725073852409256,0.10259134740566,1,-0.417305256799394,0,44,19,9.38652901202861,9.38652901202861,4.2760040274661,9.38652901202861,9.38652901202861,4.2760040274661,0.801672174834188,0.801672174834188,0.661112952449455,0.741394349854188,0.741394349854188,0.622718569955307
4.457307796196,5.15092610483576,0,1,1,-0.340148101309335,-0.55627466184241,0,-0.417305256799394,0,44,19,4.55500161943681,4.55500161943681,2.14556012002892,4.55500161943681,4.55500161943681,2.14556012002892,0.660701876578561,0.660701876578561,0.648293830631481,0.622394351730788,0.622394351730788,0.612649120331779
-1.82184528949336,-3.05685629360449,1,1,0,-1.69021943655485,-1.5425687494046,1,-0.417305256799394,0,44,19,-0.5545825504621,6.92493579617757,-0.5545825504621,-0.5545825504621,6.92493579617757,-0.5545825504621,0.554729512363667,0.887617272150319,0.554729512363667,0.541055245968,0.828163017054062,0.541055245968
3.9596775327238,6.43451231504943,1,0,1,-0.0050704860903909,0.0506107009173624,0,-0.417305256799394,0,44,19,4.91827679351416,4.91827679351416,2.81571535046681,4.91827679351416,4.91827679351416,2.81571535046681,0.661454229484825,0.661454229484825,0.661451497692778,0.622987806085867,0.622987806085867,0.622985650705725
6.05850298251264,6.01786394081428,1,1,1,-1.0254817624457,0.774672359389756,1,-0.417305256799394,0,44,19,6.47501006215868,6.47501006215868,0.774892797756191,6.47501006215868,6.47501006215868,0.774892797756191,0.822949431116648,0.822949431116648,0.63562901591216,0.761402615069484,0.761402615069484,0.602778657268939
3.30812251894893,2.98887692878168,1,1,0,0.652484523984552,1.226035064675,0,-0.417305256799394,0,44,19,4.1308253706167,7.73398735042933,4.1308253706167,4.1308253706167,7.73398735042933,4.1308253706167,0.595191704594152,0.642680096630528,0.595191704594152,0.571690146142793,0.608264947440922,0.571690146142793
6.97425659022075,3.82948613191533,1,1,0,1.67341311957868,-0.831469613392122,0,-0.417305256799394,0,44,19,6.17268256180494,8.96402427979939,6.17268256180494,6.17268256180494,8.96402427979939,6.17268256180494,0.631616143154208,0.867743129705377,0.631616143154208,0.599665995122256,0.806483059095558,0.599665995122256
11.8601972748915,12.0494587435477,1,1,1,0.563159468051632,-1.73707691227959,1,-0.417305256799394,0,44,19,12.0696114579256,12.0696114579256,3.95217525875086,12.0696114579256,12.0696114579256,3.95217525875086,0.673168887981581,0.673168887981581,0.524804308039344,0.632268671753979,0.632268671753979,0.518578438669558
4.67089709922042,5.14789526777525,0,1,0,1.50641932804153,-1.31063130950865,0,-0.417305256799394,0,44,19,5.83869497873066,9.65644940819501,5.83869497873066,5.83869497873066,9.65644940819501,5.83869497873066,0.585376274466051,0.806271906914678,0.585376274466051,0.564223534849438,0.745655894712984,0.564223534849438
5.02707136422676,1.38346731841204,1,1,1,-1.03943244652827,0.75876740960477,0,-0.417305256799394,0,44,19,3.42271941146939,3.42271941146939,0.746991429591056,3.42271941146939,3.42271941146939,0.746991429591056,0.745540398506227,0.745540398506227,0.636698858493765,0.691714629009147,0.691714629009147,0.603609664164948
5.67657981410303,4.61038183844134,0,0,1,-0.168244021022732,-1.39467051854718,0,0.644746540690202,1,41,20,4.89824919298004,4.89824919298004,0.853143337675373,4.89824919298004,4.89824919298004,0.853143337675373,0.34086831779454,0.34086831779454,0.337857306914431,0.378843240677133,0.378843240677133,0.376468866233032
2.46811273597832,-0.696699005215679,1,1,1,-1.20485223254828,-0.00566872420010794,0,0.644746540690202,1,41,20,2.2689608434054,2.2689608434054,0.168928708971347,2.2689608434054,2.2689608434054,0.168928708971347,0.594150885289228,0.594150885289228,0.424458826443735,0.570897135057611,0.570897135057611,0.443233350402636
6.30742066167168,4.98929908998762,1,0,1,-1.11863421542754,1.43457878254055,0,0.644746540690202,1,41,20,5.93962853326903,5.93962853326903,1.78161224995349,5.93962853326903,5.93962853326903,1.78161224995349,0.474456337773113,0.474456337773113,0.333079015579481,0.480867320960289,0.480867320960289,0.37269078583487
12.825738989042,13.5840807566847,0,0,1,0.418347305116476,1.9117016922153,1,0.644746540690202,1,41,20,14.0873015607351,14.0873015607351,5.33269820071626,14.0873015607351,14.0873015607351,5.33269820071626,0.39171212831535,0.39171212831535,0.269300761916265,0.418303878858202,0.418303878858202,0.320826547282057
2.33735029183037,1.77252097831964,0,0,0,-0.0564098847958561,-1.1012399428647,0,0.644746540690202,1,41,20,1.37024218581161,4.68297159757225,1.37024218581161,1.37024218581161,4.68297159757225,1.37024218581161,0.369589309319005,0.369940538464582,0.369589309319005,0.401267714251229,0.401539654456021,0.401267714251229
4.49338206137723,1.70394983143662,0,0,0,-0.0288037431536019,-0.27371823446429,0,0.644746540690202,1,41,20,2.25297617749652,4.42789784937477,2.25297617749652,2.25297617749652,4.42789784937477,2.25297617749652,0.421003851074107,0.421099442364403,0.421003851074107,0.440616440585882,0.440688881636701,0.440616440585882
8.21610646736869,7.94535368798632,1,0,1,0.623729648418363,0.694000797053119,0,0.644746540690202,1,41,20,7.10739909846823,7.10739909846823,4.52576199215786,7.10739909846823,7.10739909846823,4.52576199215786,0.447270586608903,0.447270586608903,0.402376616017357,0.460450601649909,0.460450601649909,0.426455904656756
8.78426754373977,10.220720278804,1,0,1,1.00899163796036,0.645412692264067,1,0.644746540690202,1,41,20,10.7642554097883,10.7642554097883,5.24769786645279,10.7642554097883,10.7642554097883,5.24769786645279,0.638853150681937,0.638853150681937,0.405340630397513,0.605284541621436,0.605284541621436,0.428715477168686
5.86480783933634,5.61208434571,1,0,1,0.802196636693986,0.209183033448028,0,0.644746540690202,1,41,20,6.54163574658654,6.54163574658654,4.39787820510402,6.54163574658654,6.54163574658654,4.39787820510402,0.497789448887829,0.497789448887829,0.422440709925832,0.498344939940032,0.498344939940032,0.441705097007243
1.99372268764089,2.21101291445081,0,1,1,-0.95025619695113,-0.196921981546148,0,0.644746540690202,1,41,20,2.62564578963567,2.62564578963567,0.48686752281961,2.62564578963567,2.62564578963567,0.48686752281961,0.52861760919725,0.52861760919725,0.422670401790876,0.521437404953372,0.521437404953372,0.441879081953833
5.07783679234976,4.85550113810601,0,0,1,-0.317126617253535,0.350804259862327,0,0.644746540690202,1,41,20,4.52391655236083,4.52391655236083,2.30085292362327,4.52391655236083,4.52391655236083,2.30085292362327,0.430398315130557,0.430398315130557,0.418786721499122,0.447725932739107,0.447725932739107,0.438935645932783
7.07399809143219,4.15280484600762,0,1,1,0.661370619773292,-0.301167979718953,0,0.644746540690202,1,41,20,5.79657731010364,5.79657731010364,3.60587515809565,5.79657731010364,5.79657731010364,3.60587515809565,0.471278005184636,0.471278005184636,0.420276757970596,0.478484310461959,0.478484310461959,0.440065363968232
7.43833580899333,7.51606904778612,1,0,1,1.44108394151954,-0.336977921680141,0,0.644746540690202,1,41,20,7.34304597932683,7.34304597932683,5.12949185962696,7.34304597932683,7.34304597932683,5.12949185962696,0.658286130534287,0.658286130534287,0.419224427582818,0.62049084876228,0.62049084876228,0.439267561838226
12.4653993140547,12.5558575164026,1,1,1,2.2455495530033,0.636562816082563,1,0.644746540690202,1,41,20,13.2171760391761,13.2171760391761,7.71196382035717,13.2171760391761,13.2171760391761,7.71196382035717,0.92507712069065,0.92507712069065,0.405858027456002,0.873092026680558,0.873092026680558,0.429109647375766
-2.05775108434522,-3.99974680124476,0,1,0,-1.50639934081187,-1.43217711085546,0,0.644746540690202,1,41,20,-1.86067389421118,2.29045738264711,-1.86067389421118,-1.86067389421118,2.29045738264711,-1.86067389421118,0.333369458943824,0.593823620021769,0.333369458943824,0.372920793027773,0.570647852002273,0.372920793027773
-1.20904793096955,1.34003983603318,0,0,0,-2.21362671975445,2.07794284824092,1,0.644746540690202,1,41,20,0.234991307000042,9.65283778755564,0.234991307000042,0.234991307000042,9.65283778755564,0.234991307000042,0.245104090074008,0.84304518591412,0.245104090074008,0.300266743231267,0.781068542213822,0.300266743231267
5.72349004229339,2.44015431932072,0,0,1,-0.162621316150107,-0.590447711644072,0,0.644746540690202,1,41,20,4.11724005450945,4.11724005450945,1.66861155432373,4.11724005450945,4.11724005450945,1.66861155432373,0.411466116761449,0.411466116761449,0.408441451388788,0.433377293062482,0.433377293062482,0.431076656736132
1.76959780285552,2.88956360182088,1,0,0,-0.502055454718945,0.638695977958939,0,0.644746540690202,1,41,20,2.21888696678907,4.72681951904999,2.21888696678907,2.21888696678907,4.72681951904999,2.21888696678907,0.405733949994349,0.434752408621499,0.405733949994349,0.429015128005787,0.451014693237959,0.429015128005787
0.211287602154472,0.489444484828004,1,0,0,-0.493280573363821,-0.630681872143272,0,0.644746540690202,1,41,20,0.967058879397104,3.46481850324725,0.967058879397104,0.967058879397104,3.46481850324725,0.967058879397104,0.406198007337355,0.434210866583387,0.406198007337355,0.429368613880239,0.450605855799881,0.429368613880239
0.747682753285756,-0.225828398487555,0,0,0,-1.52691191130004,1.12596186637741,1,0.644746540690202,1,41,20,0.65643994204534,7.02423006658143,0.65643994204534,0.65643994204534,7.02423006658143,0.65643994204534,0.367161954501871,0.737500360650364,0.367161954501871,0.39938693069896,0.68489444466449,0.39938693069896
4.04435524322983,5.08382970005512,0,0,1,-0.622690131163193,1.1809682691577,0,0.644746540690202,1,41,20,6.01457595785667,6.01457595785667,2.51988990509933,6.01457595785667,6.01457595785667,2.51988990509933,0.404940770712527,0.404940770712527,0.361592329020866,0.428410798446838,0.428410798446838,0.395061966054346
3.24497798798648,0.03979363288967,0,0,0,-0.696347058319282,0.0754540870136165,0,0.644746540690202,1,41,20,1.26706186864307,3.37275518789013,1.26706186864307,1.26706186864307,3.37275518789013,1.26706186864307,0.424197401584339,0.480874583545305,0.424197401584339,0.443035433930411,0.485677338859502,0.443035433930411
2.05250113324062,4.0979516366539,1,0,0,-0.558876238739567,0.440961773205373,0,0.644746540690202,1,41,20,1.90751119399426,4.20195847942268,1.90751119399426,1.90751119399426,4.20195847942268,1.90751119399426,0.41550498831932,0.451732857540926,0.41550498831932,0.436445586744984,0.463808016654853,0.436445586744984
6.40391961948298,3.64589157682042,1,1,1,-1.49273042986039,0.714342840431537,1,0.644746540690202,1,41,20,5.92346957265458,5.92346957265458,0.313183878978779,5.92346957265458,5.92346957265458,0.313183878978779,0.755558843974967,0.755558843974967,0.401073970612808,0.700304977257315,0.700304977257315,0.42546203585612
8.21727372050958,8.36910540268559,0,0,1,-0.0948220444968062,-1.69616754006881,1,0.644746540690202,1,41,20,8.67547459318867,8.67547459318867,0.698490269205595,8.67547459318867,8.67547459318867,0.698490269205595,0.408172864836244,0.408172864836244,0.299438551455268,0.430872242554227,0.430872242554227,0.345700647190826
0.391862551931386,0.189199829237565,0,1,0,-1.752958389486,1.04814490194117,1,0.644746540690202,1,41,20,0.126530021237194,6.32513775670245,0.126530021237194,0.126530021237194,6.32513775670245,0.126530021237194,0.37464035467856,0.805456736721781,0.37464035467856,0.405173691261439,0.744898211718772,0.405173691261439
7.5100220355229,6.03697584692246,1,1,1,-0.932392886830428,-0.867409471920954,1,0.644746540690202,1,41,20,5.7045058446644,5.7045058446644,-0.147893347313792,5.7045058446644,5.7045058446644,-0.147893347313792,0.607394268378237,0.607394268378237,0.390119878816392,0.581011644964942,0.581011644964942,0.417083612463899
6.01498293405525,4.91931619776621,1,0,1,-0.534883826246188,1.15087686462612,0,0.644746540690202,1,41,20,6.08992866793341,6.08992866793341,2.66541111040176,6.08992866793341,6.08992866793341,2.66541111040176,0.396583712044366,0.396583712044366,0.364667830726874,0.422032191749239,0.422032191749239,0.397451829517623
2.08269540471282,2.57291843628642,0,0,1,-0.558145480362254,-0.358779092817226,0,0.644746540690202,1,41,20,3.33795428216903,3.33795428216903,1.10923184472628,3.33795428216903,3.33795428216903,1.10923184472628,0.454714247874744,0.454714247874744,0.418526314184845,0.46604964005934,0.46604964005934,0.438738155072872
4.1209379125052,6.07794715968035,0,0,1,0.459427063497694,0.578831739752708,0,0.644746540690202,1,41,20,6.51703394796126,6.51703394796126,4.08198776501611,6.51703394796126,6.51703394796126,4.08198776501611,0.433379116261274,0.433379116261274,0.409062298428098,0.449977814692425,0.449977814692425,0.431549091175379
2.08718985902996,4.6263265267343,0,0,1,-0.339223055953483,0.249398636188796,0,0.644746540690202,1,41,20,4.31745410228268,4.31745410228268,2.15525442254985,4.31745410228268,4.31745410228268,2.15525442254985,0.434904021925519,0.434904021925519,0.421590260848748,0.451129143669407,0.451129143669407,0.441060800295726
6.72664768813911,4.94624235664329,0,1,1,-1.4274202472699,1.00117362894544,1,0.644746540690202,1,41,20,6.83298366796944,6.83298366796944,0.730635032673654,6.83298366796944,6.83298366796944,0.730635032673654,0.719797301598789,0.719797301598789,0.378921192572218,0.670089541891711,0.670089541891711,0.408476204115974
4.27672014296186,4.96294038060684,1,0,1,-0.25097204173046,0.197765875015829,0,0.644746540690202,1,41,20,4.4192350311437,4.4192350311437,2.28012368982293,4.4192350311437,4.4192350311437,2.28012368982293,0.429934837098741,0.429934837098741,0.422655036207315,0.447375630786742,0.447375630786742,0.441867443347172
2.32582329141374,2.65067620171702,0,0,0,-1.0922447646549,2.01473041530489,1,0.644746540690202,1,41,20,2.41454278426311,11.5736814306177,2.41454278426311,2.41454278426311,11.5736814306177,2.41454278426311,0.254371862569881,0.491101626280888,0.254371862569881,0.308210587666462,0.493337398642001,0.308210587666462
9.05841457904923,5.81537040913816,0,0,1,0.213790376318472,-0.0864190387426182,1,0.644746540690202,1,41,20,8.03293186241954,8.03293186241954,2.92546361216234,8.03293186241954,8.03293186241954,2.92546361216234,0.546838477412668,0.546838477412668,0.42411544629878,0.53511765242822,0.53511765242822,0.442973385020942
3.79947285049945,1.99517719861684,0,0,0,0.859633122370317,-1.31633091996393,0,0.644746540690202,1,41,20,2.98723722304472,6.8199643138978,2.98723722304472,2.98723722304472,6.8199643138978,2.98723722304472,0.346930700856534,0.429765274548769,0.346930700856534,0.383609448841088,0.447247462400601,0.383609448841088
10.5324962842268,10.6283067119384,0,0,1,0.944180054287952,-1.4306356105845,1,0.644746540690202,1,41,20,10.1887446465319,10.1887446465319,3.04202639625942,10.1887446465319,10.1887446465319,3.04202639625942,0.550355420770953,0.550355420770953,0.333555685695874,0.537762833549501,0.537762833549501,0.373068244419607
4.8139037963028,4.60565875234742,0,0,1,0.380937049325249,0.029639482109391,0,0.644746540690202,1,41,20,5.47669397792762,5.47669397792762,3.37581547902791,5.47669397792762,5.47669397792762,3.37581547902791,0.441250214324157,0.441250214324157,0.424419740062776,0.455915963171388,0.455915963171388,0.443203760317735
5.2075143701671,3.76877514353854,0,0,0,0.409868740874723,0.3904750180159,0,0.644746540690202,1,41,20,3.79451439803336,6.04698513772788,3.79451439803336,3.79451439803336,6.04698513772788,3.79451439803336,0.417433936996201,0.436857085663079,0.417433936996201,0.437909524711862,0.452603090039055,0.437909524711862
10.8092426705086,9.97588344095561,0,1,1,1.38937686112347,-0.549118281045982,1,0.644746540690202,1,41,20,10.2154682260479,10.2154682260479,4.81393733946898,10.2154682260479,10.2154682260479,4.81393733946898,0.736149938084162,0.736149938084162,0.410595460344897,0.683755053310355,0.683755053310355,0.432715303003232
5.7916014768533,5.5037222399032,0,0,0,0.629041076860014,1.47845373124106,0,0.644746540690202,1,41,20,5.3208377832291,9.60666321864971,5.3208377832291,5.3208377832291,9.60666321864971,5.3208377832291,0.327709568265871,0.370301851526757,0.327709568265871,0.36842998998265,0.401819349348653,0.36842998998265
0.278206774907105,-0.673711095674883,0,1,0,-1.78581685971466,0.0123986024364227,1,0.805166788016115,1,55,21,-1.20752867351709,3.89262505182529,-1.20752867351709,-1.20752867351709,3.89262505182529,-1.20752867351709,0.40604085201571,0.833590549226617,0.40604085201571,0.429248910973857,0.771714401579792,0.429248910973857
1.53733535109207,-1.67179283108877,0,0,0,-0.0886163056757209,-1.04054825097474,0,0.805166788016115,1,55,21,1.13392558114963,4.31666624375623,1.13392558114963,1.13392558114963,4.31666624375623,1.13392558114963,0.357702403693069,0.358557936344917,0.357702403693069,0.392033237591477,0.392699948183696,0.392033237591477
7.06330862265624,7.07853950001449,1,1,1,0.632678175084381,-0.616139796823899,1,0.805166788016115,1,55,21,8.48055124605087,8.48055124605087,3.00092299682067,8.48055124605087,8.48055124605087,3.00092299682067,0.552133915754452,0.552133915754452,0.38884705035248,0.539101167339956,0.539101167339956,0.416107529058403
6.4935277476964,4.52071530355812,1,0,1,1.09132107783677,-0.166874424265915,0,0.805166788016115,1,55,21,6.49532124835752,6.49532124835752,4.36747417488344,6.49532124835752,6.49532124835752,4.36747417488344,0.544110649775629,0.544110649775629,0.404778092466149,0.533067152729015,0.533067152729015,0.428286830341526
-1.9992521222093,-3.01306485506481,0,0,0,-1.0848775218336,-1.75631022757375,0,0.805166788016115,1,55,21,-1.57435882776514,3.61026678771501,-1.57435882776514,-1.57435882776514,3.61026678771501,-1.57435882776514,0.275689475582936,0.399575460967115,0.275689475582936,0.326162394453558,0.424318100068868,0.326162394453558
4.98141060451152,3.5562128520818,0,0,0,0.608071578837201,1.65990402806,0,0.805166788016115,1,55,21,5.22775362921021,10.08303501158,5.22775362921021,5.22775362921021,10.08303501158,5.22775362921021,0.288400176372113,0.325782076411722,0.288400176372113,0.336674945186387,0.366896397627758,0.336674945186387
8.71470531018283,6.17875836522243,0,0,1,-0.082271181001992,-2.25184309545867,0,0.805166788016115,1,55,21,7.10611831257805,7.10611831257805,-0.0646790139868436,7.10611831257805,7.10611831257805,-0.0646790139868436,0.207034292228019,0.207034292228019,0.206501009434715,0.26658310558924,0.26658310558924,0.266097707639995
3.67495984953059,2.69853969707926,1,1,0,1.15943940105468,-0.725770417232836,1,0.805166788016115,1,55,21,3.94481482835234,9.57155752688267,3.94481482835234,3.94481482835234,9.57155752688267,3.94481482835234,0.382249263778588,0.652058452934095,0.382249263778588,0.411038901289086,0.615597643966515,0.411038901289086
4.15134201587751,2.95191772035194,0,1,1,0.134869490717751,-0.489972206871604,0,0.805166788016115,1,55,21,4.47154598154634,4.47154598154634,2.13147321803971,4.47154598154634,4.47154598154634,2.13147321803971,0.397200477169002,0.397200477169002,0.395141973616183,0.42250367186573,0.42250367186573,0.420929599741039
5.46252979284948,4.89384537609243,1,1,0,0.963052990444672,1.42551486877017,0,0.805166788016115,1,55,21,5.70332729313533,9.83541993422017,5.70332729313533,5.70332729313533,9.83541993422017,5.70332729313533,0.317441737371364,0.419182468321094,0.317441737371364,0.360234617994671,0.43923574580784,0.360234617994671
0.7586798111186,-1.51733954943004,1,0,0,-0.862469215787486,-0.209561059967715,0,0.805166788016115,1,55,21,0.417206951933126,2.56112278978792,0.417206951933126,0.417206951933126,2.56112278978792,0.417206951933126,0.40404593931687,0.490691439580011,0.40404593931687,0.427728802451232,0.493030240748835,0.427728802451232
3.34260082308769,2.90603326489814,1,1,0,0.154810580959662,0.517995053247635,0,0.805166788016115,1,55,21,3.17932265864277,5.54764153383179,3.17932265864277,3.17932265864277,5.54764153383179,3.17932265864277,0.393865127526958,0.396575202766083,0.393865127526958,0.419952556525021,0.422025686077428,0.419952556525021
8.60348002403417,7.59783885000593,0,1,1,0.902212548568624,0.584241295110411,0,0.805166788016115,1,55,21,7.18171072663576,7.18171072663576,4.74037283572347,7.18171072663576,7.18171072663576,4.74037283572347,0.48493120707267,0.48493120707267,0.390570788742758,0.488716269513887,0.488716269513887,0.41742926652278
4.05008161719961,3.89525495965181,0,0,0,0.0335599249693881,2.01898663372807,0,0.805166788016115,1,55,21,4.43781292714266,10.6141199543153,4.43781292714266,4.43781292714266,10.6141199543153,4.43781292714266,0.239500374807565,0.239598554871083,0.239500374807565,0.2954187914753,0.295504031121384,0.2954187914753
1.86174128338756,-0.539941123549772,0,0,0,-0.525482483773956,0.593074621468372,0,0.805166788016115,1,55,21,1.89381609739627,4.34555360402612,1.89381609739627,1.89381609739627,4.34555360402612,1.89381609739627,0.390102363766143,0.421578327572296,0.390102363766143,0.417070184568344,0.441051758499887,0.417070184568344
8.18953957865681,7.1591782138322,1,1,1,-0.933823038300527,0.949980276354382,1,0.805166788016115,1,55,21,7.43650316869149,7.43650316869149,1.43404064322914,7.43650316869149,7.43650316869149,1.43404064322914,0.582582031461966,0.582582031461966,0.365590526951674,0.562102583525514,0.562102583525514,0.398168025233299
9.29008593208717,8.03862182077806,0,1,1,-0.416346964447128,0.951523322794487,1,0.805166788016115,1,55,21,8.47593247119791,8.47593247119791,2.47053583737604,8.47593247119791,8.47593247119791,2.47053583737604,0.500710421482029,0.500710421482029,0.365461578654611,0.500531893130291,0.500531893130291,0.398067957627763
-1.71270038133688,-5.02322034285141,0,0,0,-1.85513769122192,-1.57411707303793,1,0.805166788016115,1,55,21,-2.93268601200597,4.64515854762354,-2.93268601200597,-2.93268601200597,4.64515854762354,-2.93268601200597,0.299362261199559,0.778301408827474,0.299362261199559,0.345638579261734,0.720224843102311,0.345638579261734
3.74821131166252,3.39324718650002,1,0,0,1.20782907371163,0.0190952014386594,1,0.805166788016115,1,55,21,4.78645979233774,9.88682441905572,4.78645979233774,4.78645979233774,9.88682441905572,4.78645979233774,0.406031230849465,0.686206002298718,0.406031230849465,0.42924158244521,0.642692669780328,0.42924158244521
3.4122578644322,2.6895083393653,0,1,1,-0.991508142323068,0.853940065632848,0,0.805166788016115,1,55,21,4.05184386015556,4.05184386015556,1.22263022446252,4.05184386015556,4.05184386015556,1.22263022446252,0.486576415612321,0.486576415612321,0.373236568733768,0.489948527006593,0.489948527006593,0.404089167460054
4.5179784903243,1.95699317620011,1,1,0,1.26089015743958,-0.436888133297585,0,0.805166788016115,1,55,21,4.43659862505739,6.72746986607364,4.43659862505739,4.43659862505739,6.72746986607364,4.43659862505739,0.397369346528364,0.582864221041644,0.397369346528364,0.422632741609199,0.562316689126531,0.422632741609199
2.34976713798534,0.99387114474247,0,0,0,-0.590565554279864,0.890429449351809,0,0.805166788016115,1,55,21,2.06100478426789,4.95386938854086,2.06100478426789,2.06100478426789,4.95386938854086,2.06100478426789,0.370420185857193,0.409659080432085,0.370420185857193,0.401910941142442,0.432003113921962,0.401910941142442
10.7603309464622,7.4663446217267,0,1,1,2.02697371081103,-1.81766441398124,0,0.805166788016115,1,55,21,9.99189337297039,9.99189337297039,4.58798945111664,9.99189337297039,9.99189337297039,4.58798945111664,0.718840014201749,0.718840014201749,0.267413971698087,0.669296760979016,0.669296760979016,0.319243702502071
3.74107725123726,2.93660642496363,1,1,1,-1.23309291643864,0.517501383734788,0,0.805166788016115,1,55,21,2.77082967650075,2.77082967650075,0.403021994333329,2.77082967650075,2.77082967650075,0.403021994333329,0.571318332572901,0.571318332572901,0.393888223433966,0.553571745596105,0.553571745596105,0.419970234199705
6.8327028229105,3.149005019558,0,1,1,-1.00042221326954,-0.543692049830769,1,0.805166788016115,1,55,21,5.20277101215514,5.20277101215514,-0.192830032894042,5.20277101215514,5.20277101215514,-0.192830032894042,0.624610271546581,0.624610271546581,0.392633166519111,0.594247675084269,0.594247675084269,0.419009358066854
-2.15665087851779,-4.62920874858329,0,1,0,-1.78061729395833,-2.10184413616638,1,0.805166788016115,1,55,21,-3.31137228060722,6.2063764921298,-3.31137228060722,-3.31137228060722,6.2063764921298,-3.31137228060722,0.227792088073729,0.680529554163892,0.227792088073729,0.285173318653321,0.638141014745732,0.285173318653321
7.08138074142464,7.18202102703245,0,1,1,0.540257861650527,0.845344757121602,0,0.805166788016115,1,55,21,7.09217468229145,7.09217468229145,4.27756692389847,7.09217468229145,7.09217468229145,4.27756692389847,0.40673637892647,0.40673637892647,0.373884004382207,0.429778630745608,0.429778630745608,0.404589454061065
-1.70717951551444,-2.56948037246064,0,1,0,-0.478075203907703,-2.22423845122368,1,0.805166788016115,1,55,21,-0.828682415563273,9.21855427233864,-0.828682415563273,-0.828682415563273,9.21855427233864,-0.828682415563273,0.210417637435374,0.323909536860211,0.210417637435374,0.269653133541634,0.365404414782583,0.269653133541634
-2.15155275109943,-3.45341842861245,1,1,0,-2.33118765258031,-0.470199305666067,0,0.805166788016115,1,55,21,-2.78086816735087,-0.459780780302013,-2.78086816735087,-2.78086816735087,-0.459780780302013,-2.78086816735087,0.396000962835024,0.897818001027211,0.396000962835024,0.421586604633775,0.839806647702091,0.421586604633775
6.54805092873272,4.05102091705154,0,1,0,1.698168539949,0.102993995946299,0,0.805166788016115,1,55,21,5.85103751932011,7.9616452825211,5.85103751932011,5.85103751932011,7.9616452825211,5.85103751932011,0.405564029361973,0.727663975661413,0.405564029361973,0.428885679251829,0.676633893697042,0.428885679251829
0.377124361405748,-2.58316656908578,1,1,0,-1.09916318642162,-1.00531059468802,1,0.805166788016115,1,55,21,-0.851930524055456,5.25871886773652,-0.851930524055456,-0.851930524055456,5.25871886773652,-0.851930524055456,0.360848220871485,0.615834206508001,0.360848220871485,0.394483121831859,0.587487160228354,0.394483121831859
2.64899416168265,-1.26095041709617,0,0,0,-0.765650323480152,1.14580539189387,0,0.805166788016115,1,55,21,1.96621118840938,5.37908118450246,1.96621118840938,1.96621118840938,5.37908118450246,1.96621118840938,0.347739423653445,0.413030720300193,0.347739423653445,0.38424384895093,0.434566410421246,0.38424384895093
-0.973610075723686,-2.85278260616045,0,0,0,-1.11253040180067,-1.45742224588386,0,0.805166788016115,1,55,21,-1.33077660600938,2.89330299678778,-1.33077660600938,-1.33077660600938,2.89330299678778,-1.33077660600938,0.313665038281384,0.450926797060698,0.313665038281384,0.357203680919155,0.463201751206476,0.357203680919155
3.39135666999035,2.63430788590632,1,1,0,0.397692629361175,0.0146494815462747,0,0.805166788016115,1,55,21,3.16174118374444,5.26195579105401,3.16174118374444,3.16174118374444,5.26195579105401,3.16174118374444,0.40603807461791,0.424189397748669,0.40603807461791,0.429246795407729,0.443029374238038,0.429246795407729
2.52243151973033,1.86533215084341,1,1,0,-0.113907809441521,-0.171574950131334,0,0.805166788016115,1,55,21,1.95231587446144,4.08175383797401,1.95231587446144,1.95231587446144,4.08175383797401,1.95231587446144,0.404705587479064,0.406184708456542,0.404705587479064,0.428231575844747,0.429358484588327,0.428231575844747
6.47219186695473,5.86434849522351,0,0,1,0.31210125334983,-2.24180537004432,0,0.805166788016115,1,55,21,7.85979489729069,7.85979489729069,0.734103580131154,7.85979489729069,7.85979489729069,0.734103580131154,0.215731360549049,0.215731360549049,0.207924719167583,0.274442367915994,0.274442367915994,0.267392662299228
2.00054364857105,0.508336653963842,1,0,0,-0.206204057595759,0.536984256492497,0,0.805166788016115,1,55,21,2.47628258477679,4.86463467649759,2.47628258477679,2.47628258477679,4.86463467649759,2.47628258477679,0.392960375770462,0.397769037507683,0.392960375770462,0.419259920278506,0.422938196794136,0.419259920278506
3.5692455070901,1.97120572295691,0,0,0,-0.608655482118029,2.00757314498205,0,0.805166788016115,1,55,21,3.1419686242218,9.27231855667491,3.1419686242218,3.1419686242218,9.27231855667491,3.1419686242218,0.241106172953908,0.274944734200705,0.241106172953908,0.29681157944529,0.325542237013987,0.29681157944529
7.33824183520271,6.63237901255105,0,0,1,1.53164270751048,0.30364280380147,0,0.805166788016115,1,55,21,7.91083361459867,7.91083361459867,5.71863466229825,7.91083361459867,7.91083361459867,5.71863466229825,0.670699083307438,0.670699083307438,0.401848440262085,0.630305503873536,0.630305503873536,0.426052987561393
7.13834675937005,7.29798559300635,1,1,1,0.430056497048808,0.441065779315549,1,0.805166788016115,1,55,21,8.94742423857221,8.94742423857221,3.65288521688898,8.94742423857221,8.94742423857221,3.65288521688898,0.535581368777466,0.535581368777466,0.397203163483333,0.526661598585717,0.526661598585717,0.422505725131613
3.4758803398758,3.9700714380319,1,1,1,0.167863631066364,-0.447089059085995,0,0.805166788016115,1,55,21,4.54023327327695,4.54023327327695,2.24034464652255,4.54023327327695,4.54023327327695,2.24034464652255,0.40015591414344,0.40015591414344,0.396960819395771,0.424761288415041,0.424761288415041,0.422320481996157
1.69924869723617,-0.524030257544025,0,1,0,-0.751369447148929,-0.732370770410984,0,0.805166788016115,1,55,21,0.116596778766971,2.75296372411935,0.116596778766971,0.116596778766971,2.75296372411935,0.116596778766971,0.381819047597669,0.446477271212671,0.381819047597669,0.41070785462803,0.459853397462731,0.41070785462803
2.75264975290266,0.307329262924081,0,1,0,0.109911367230987,-0.876529330110746,0,0.805166788016115,1,55,21,1.69499984782704,4.56330351437143,1.69499984782704,1.69499984782704,4.56330351437143,1.69499984782704,0.371505958978398,0.372842768058051,0.371505958978398,0.402751068603763,0.40378478819009,0.402751068603763
3.79256215973082,3.90657991518115,1,0,0,1.37079660230394,-0.0625116352080955,1,0.805166788016115,1,55,21,5.0307880128756,10.134695717412,5.0307880128756,5.0307880128756,10.134695717412,5.0307880128756,0.405869608520983,0.727473666270309,0.405869608520983,0.429118469342754,0.676474938811398,0.429118469342754
2.0185819809578,-1.54468633074452,0,0,0,-0.862372225763639,-0.00957686612968796,0,0.805166788016115,1,55,21,0.617385125818847,2.71747684218371,0.617385125818847,0.617385125818847,2.71747684218371,0.617385125818847,0.406043680832915,0.492740044975023,0.406043680832915,0.42925106570431,0.494564245872248,0.42925106570431
3.2394652723012,2.24020004317057,0,1,0,0.848426630918813,-0.683654358330653,0,0.805166788016115,1,55,21,3.36490534698279,5.93228862864728,3.36490534698279,3.36490534698279,5.93228862864728,3.36490534698279,0.3849065776265,0.467905525816348,0.3849065776265,0.413082188114723,0.475954816256509,0.413082188114723
-0.950577141042844,-1.69042622344574,1,0,0,-1.05444216579145,-0.772727332138006,0,0.805166788016115,1,55,21,-0.52990522024509,2.16720230958803,-0.52990522024509,-0.52990522024509,2.16720230958803,-0.52990522024509,0.379107966540944,0.508005800639464,0.379107966540944,0.408620134097138,0.50599422846783,0.408620134097138
6.7445590737783,6.4858144258542,1,1,1,0.929002887220705,-1.66338665994326,0,0.805166788016115,1,55,21,7.41318073845115,7.41318073845115,2.54632555797396,7.41318073845115,7.41318073845115,2.54632555797396,0.378567337420351,0.378567337420351,0.287947872895465,0.408203483524271,0.408203483524271,0.336303117602352
15.1185016403162,12.7600970115814,0,0,1,-0.752671934812119,2.49110514847921,1,0.805166788016115,1,55,21,14.6430725831104,14.6430725831104,3.33746772233078,14.6430725831104,14.6430725831104,3.33746772233078,0.306940090694875,0.306940090694875,0.17297338885711,0.351783468936976,0.351783468936976,0.234672195529688
5.67835930203314,2.28264598240328,1,1,0,0.782518514748426,1.30429224363452,0,0.805166788016115,1,55,21,5.22103571660718,9.02221397341235,5.22103571660718,5.22103571660718,9.02221397341235,5.22103571660718,0.331216805183744,0.398300001307662,0.331216805183744,0.371214940119153,0.423343897559055,0.371214940119153
3.66599330194413,1.28566051179227,0,0,0,-0.183567229615351,1.09602265058989,1,0.805166788016115,1,55,21,3.080594634835,9.38186028544109,3.080594634835,3.080594634835,9.38186028544109,3.080594634835,0.352555825468332,0.47029456853955,0.352555825468332,0.388015391843308,0.477746796163339,0.388015391843308
2.327504931236,3.19265282176578,0,1,0,-0.281682551017027,0.585818414176298,1,0.805166788016115,1,55,21,2.37415975561806,7.81734297000609,2.37415975561806,2.37415975561806,7.81734297000609,2.37415975561806,0.39048765664077,0.516152481009211,0.39048765664077,0.417365545084055,0.512095466961693,0.417365545084055
7.41264065531094,6.24185359049391,0,1,1,-0.0510232112318014,-1.35696860557722,1,0.805166788016115,1,55,21,7.83405521195717,7.83405521195717,0.892691415434991,7.83405521195717,7.83405521195717,0.892691415434991,0.436698266294013,0.436698266294013,0.325345785590926,0.452483258311539,0.452483258311539,0.366548961508736
2.22034769696711,0.463424599430953,1,1,0,-0.931951499218412,1.07717413091321,1,0.805166788016115,1,55,21,1.5649775759522,7.82528168426082,1.5649775759522,1.5649775759522,7.82528168426082,1.5649775759522,0.354330828440677,0.570278379596121,0.354330828440677,0.389402509061401,0.552785528823867,0.389402509061401
-1.58351310905214,-0.538736191729437,0,1,0,-1.40855636570336,0.452543018999561,0,0.805166788016115,1,55,21,-0.0128632689313492,2.29193191511389,-0.0128632689313492,-0.0128632689313492,2.29193191511389,-0.0128632689313492,0.39673858832359,0.626773846113236,0.39673858832359,0.422150596659537,0.595918874616112,0.422150596659537
6.00786169032865,6.62332236643926,0,0,1,0.036673184632545,0.86731859709063,0,0.545379505970411,1,54,22,6.49546770968245,6.49546770968245,3.64322616082319,6.49546770968245,6.49546770968245,3.64322616082319,0.401520518458104,0.401520518458104,0.401367668551544,0.42580279180821,0.42580279180821,0.42568616037075
5.49318916271046,4.62646417731314,0,1,1,0.739692493866075,0.0161865337034859,0,0.545379505970411,1,54,22,6.29839471977644,6.29839471977644,4.19813271590311,6.29839471977644,6.29839471977644,4.19813271590311,0.500196001433824,0.500196001433824,0.435957455502859,0.500146743914298,0.500146743914298,0.451924242658635
9.49820525414266,9.64275841644088,1,1,1,-1.3136806795889,1.53791738106458,1,0.545379505970411,1,54,22,9.07830708733477,9.07830708733477,1.61311721635425,9.07830708733477,9.07830708733477,1.61311721635425,0.641866111647856,0.641866111647856,0.330605343888024,0.607630464791597,0.607630464791597,0.370729913618892
11.836319299964,9.759951702253,1,1,1,1.32879914310387,0.179178493056121,1,0.545379505970411,1,54,22,10.6714429061052,10.6714429061052,5.53933797373133,10.6714429061052,10.6714429061052,5.53933797373133,0.740070031618809,0.740070031618809,0.434478228546121,0.687067365310817,0.687067365310817,0.450807707918092
6.08785601599671,5.53238971637379,0,1,1,0.647165800601976,-1.24027028802168,0,0.545379505970411,1,54,22,6.39489289499912,6.39489289499912,2.75662250764975,6.39489289499912,6.39489289499912,2.75662250764975,0.413286374175049,0.413286374175049,0.366191114174949,0.434760649466729,0.434760649466729,0.398634004911809
0.911865283120568,1.76347938646648,0,1,0,0.247040585178158,-0.926977165336924,0,0.545379505970411,1,54,22,2.26966519948686,5.22895186454294,2.26966519948686,2.26966519948686,5.22895186454294,2.26966519948686,0.396511112841775,0.403438883515664,0.396511112841775,0.42197668612223,0.427266002632026,0.42197668612223
10.5253906352217,8.60654131800578,0,1,1,-0.204013562068451,1.71567644504673,0,0.545379505970411,1,54,22,9.0537561794655,9.0537561794655,4.0102105153773,9.0537561794655,9.0537561794655,4.0102105153773,0.31097201233911,0.31097201233911,0.306747499135662,0.355036765780102,0.355036765780102,0.351627793282763
5.91587885390032,7.90627804285747,1,1,1,0.0994729785944354,-0.0815176907550533,1,0.545379505970411,1,54,22,7.92663459480733,7.92663459480733,2.81998946090129,7.92663459480733,7.92663459480733,2.81998946090129,0.554304705637835,0.554304705637835,0.435660846621171,0.540735360531268,0.540735360531268,0.451700392764409
9.38179840647054,10.8612125044498,1,1,1,0.903154823680328,-1.40538694685469,1,0.545379505970411,1,54,22,10.178596365363,10.178596365363,3.10348389497344,10.178596365363,10.178596365363,3.10348389497344,0.556451733723542,0.556451733723542,0.347190008287613,0.542352401021944,0.542352401021944,0.383812897350468
0.24264085737724,-3.5135725902168,1,1,0,-1.05438077396947,-1.34768903912007,1,0.545379505970411,1,54,22,-0.753889392591546,6.16237635357282,-0.753889392591546,-0.753889392591546,6.16237635357282,-0.753889392591546,0.354049188795507,0.597899917715076,0.354049188795507,0.389182514840345,0.573755030896885,0.389182514840345
7.53714492953223,5.77402720598999,0,1,1,-0.054876808977796,0.0814310781630659,1,0.545379505970411,1,54,22,7.78086967516574,7.78086967516574,2.67423865467494,7.78086967516574,7.78086967516574,2.67423865467494,0.553501962640671,0.553501962640671,0.435661502389731,0.540130961765173,0.540130961765173,0.451700887689439
-2.674890204587,-1.49285697142408,1,0,0,-1.57481240645164,-0.665912062437136,1,0.545379505970411,1,54,22,-1.11297568087294,4.43046319402634,-1.11297568087294,-1.11297568087294,4.43046319402634,-1.11297568087294,0.41547862812527,0.787438151730624,0.41547862812527,0.436425574734316,0.728409598523107,0.436425574734316
1.75498951528718,2.03782789270928,1,1,0,0.421687759776574,-0.747218361042912,0,0.545379505970411,1,54,22,2.79871835297771,5.45705363205736,2.79871835297771,2.79871835297771,5.45705363205736,2.79871835297771,0.410211648246337,0.430689063876623,0.410211648246337,0.432423412945429,0.447945661391168,0.432423412945429
7.28249031526394,6.93152093939492,1,1,1,1.07847217620352,0.389747188050995,0,0.545379505970411,1,54,22,7.50115560551917,7.50115560551917,5.24925273492551,7.50115560551917,7.50115560551917,5.24925273492551,0.565375511832999,0.565375511832999,0.428923302617743,0.549081868393155,0.549081868393155,0.446610946780505
7.99893260412104,7.99832980107635,1,1,1,-0.498856879171628,-0.898408331066801,1,0.545379505970411,1,54,22,6.71357663438765,6.71357663438765,0.806439105057413,6.71357663438765,6.71357663438765,0.806439105057413,0.544807312193179,0.544807312193179,0.398874711220616,0.533590738633128,0.533590738633128,0.423782925750912
15.4685711267656,10.7217090852599,1,1,1,1.18510550982481,0.893709712151228,1,0.545379505970411,1,54,22,11.8651989758617,11.8651989758617,5.96648192626831,11.8651989758617,11.8651989758617,5.96648192626831,0.674434903592595,0.674434903592595,0.399256784238005,0.63327637532685,0.63327637532685,0.424074739952172
8.9997365085528,10.8154212363904,1,1,1,1.9022840896716,0.849229956484251,0,0.545379505970411,1,54,22,10.1775508492852,10.1775508492852,7.35635933029492,10.1775508492852,10.1775508492852,7.35635933029492,0.789643560706295,0.789643560706295,0.40277988979512,0.730402249760467,0.730402249760467,0.42676348515422
4.6138330858772,3.65796330419292,0,1,0,0.521037665296011,1.14395341922271,1,0.545379505970411,1,54,22,4.8885899442822,11.2972193696335,4.8885899442822,4.8885899442822,11.2972193696335,4.8885899442822,0.376345696001688,0.523899732290737,0.376345696001688,0.406490147484435,0.517900405111967,0.406490147484435
9.64442868787542,9.68033474705408,0,1,1,0.919872317517293,-0.305616278788611,1,0.545379505970411,1,54,22,9.43009086057404,9.43009086057404,4.23668955071344,9.43009086057404,9.43009086057404,4.23668955071344,0.645033039789061,0.645033039789061,0.431633923496593,0.61010073037869,0.61010073037869,0.448659604720445
11.0352070667484,7.41262607804004,0,1,1,0.544143003261396,1.46255490089922,0,0.545379505970411,1,54,22,9.4924689400338,9.4924689400338,5.25340210188948,9.4924689400338,9.4924689400338,5.25340210188948,0.37234382526272,0.37234382526272,0.340173301119509,0.403399052716115,0.403399052716115,0.378295603826423
11.7714326862695,7.92377865097903,0,1,0,2.69851089967747,1.80045355891695,1,0.545379505970411,1,54,22,9.90003655273936,18.2416695705561,9.90003655273936,9.90003655273936,18.2416695705561,9.90003655273936,0.294817556882189,0.957175921964875,0.294817556882189,0.341933406073609,0.918039225646474,0.341933406073609
2.58263580455693,1.73325873538338,0,1,0,-0.750958499962743,1.68155241337706,0,0.545379505970411,1,54,22,2.88219660791904,7.80981512685326,2.88219660791904,2.88219660791904,7.80981512685326,2.88219660791904,0.311455998957935,0.371505960057233,0.311455998957935,0.355426553462907,0.402751069438289,0.355426553462907
6.8603723571081,6.34409608557804,1,1,1,0.239055589281183,0.880882878159623,0,0.545379505970411,1,54,22,6.93750989622424,6.93750989622424,4.06155525118946,6.93750989622424,6.93750989622424,4.06155525118946,0.406795435869295,0.406795435869295,0.400290195663234,0.429823602783697,0.429823602783697,0.424863800644433
1.3100758949625,1.1682128615726,0,1,1,-1.35977531063258,0.450955744641507,0,0.545379505970411,1,54,22,2.737327401469,2.737327401469,0.433966317843822,2.737327401469,2.737327401469,0.433966317843822,0.640553770349518,0.640553770349518,0.426542377559123,0.606608159778249,0.606608159778249,0.444810198258754
4.02299581643447,5.10836245787549,0,1,0,0.524437257430379,1.39885015767252,0,0.545379505970411,1,54,22,5.15028586700075,9.20706763062118,5.15028586700075,5.15028586700075,9.20706763062118,5.15028586700075,0.347978524417862,0.378100181672846,0.347978524417862,0.384431348354849,0.407843368143488,0.384431348354849
7.41805926710111,6.68408838185913,0,1,1,0.253275855342756,0.298772929790043,0,0.545379505970411,1,54,22,5.69715109851835,5.69715109851835,3.50788583494303,5.69715109851835,5.69715109851835,3.50788583494303,0.439276702361424,0.439276702361424,0.431825713368285,0.454428157559714,0.454428157559714,0.448804500587652
-2.53465421018785,-0.555667318348057,1,1,0,-1.45291457223085,-0.623368222683561,0,0.545379505970411,1,54,22,-0.826636172677781,1.66195176837388,-0.826636172677781,-0.826636172677781,1.66195176837388,-0.826636172677781,0.417999635851339,0.6607993726722,0.417999635851339,0.438338675971444,0.622471239370503,0.438338675971444
5.33110300947171,5.72985026222616,0,1,1,0.205212833534973,0.429392061848303,0,0.545379505970411,1,54,22,5.82675646616406,5.82675646616406,3.54237892338572,5.82675646616406,5.82675646616406,3.54237892338572,0.432297312319179,0.432297312319179,0.427420357110302,0.449160758797729,0.449160758797729,0.4454743756898
-4.86287766988964,-2.77914588641338,1,1,0,-1.57373887174378,-1.82729358833704,0,0.545379505970411,1,54,22,-2.27221013735712,3.16679172062052,-2.27221013735712,-2.27221013735712,3.16679172062052,-2.27221013735712,0.29097725801306,0.569864765198222,0.29097725801306,0.338790442102598,0.552472894029052,0.338790442102598
1.87036132322421,1.08684048297976,0,1,0,-0.745218529224198,1.21074046522505,0,0.545379505970411,1,54,22,2.42286460124413,5.98875707537751,2.42286460124413,2.42286460124413,5.98875707537751,2.42286460124413,0.369379854750885,0.432370644504967,0.369379854750885,0.401105519272936,0.449216151857417,0.401105519272936
9.38551281029282,10.1271978538779,1,1,1,0.837305096864914,1.53388207869525,0,0.545379505970411,1,54,22,10.363847698235,10.363847698235,5.91105346689255,10.363847698235,10.363847698235,5.91105346689255,0.408302139074489,0.408302139074489,0.331126470282026,0.430970632271856,0.430970632271856,0.371143297620194
3.42952590913626,3.15542620619419,1,1,1,-0.589402354128818,-1.03937816266026,0,0.545379505970411,1,54,22,3.66468528856459,3.66468528856459,0.484378323549571,3.66468528856459,3.66468528856459,0.484378323549571,0.426151338818569,0.426151338818569,0.386545821908731,0.444514329894565,0.444514329894565,0.414341394350198
-1.24786628667527,-1.26971772372341,0,1,0,-1.32639164750139,-0.555841347293164,1,0.545379505970411,1,54,22,-0.506063447828472,4.90289615553221,-0.506063447828472,-0.506063447828472,4.90289615553221,-0.506063447828472,0.421666685025306,0.729172329153626,0.421666685025306,0.441118705801864,0.677894877051875,0.441118705801864
0.992473005684646,0.112804812339695,1,1,0,-0.571270810951584,-0.247440494593228,0,0.545379505970411,1,54,22,1.31257907797107,3.47380587633561,1.31257907797107,1.31257907797107,3.47380587633561,1.31257907797107,0.433126377348631,0.471289349020033,0.433126377348631,0.449786948848853,0.478492817136126,0.449786948848853
6.27184613581717,6.75702387035504,0,1,1,-0.416763749854897,-1.33059204804725,1,0.545379505970411,1,54,22,7.408916845037,7.408916845037,0.538441646710427,7.408916845037,7.408916845037,0.538441646710427,0.490573741484368,0.490573741484368,0.356037315550389,0.492942104695679,0.492942104695679,0.390734683849674
7.16022764200409,6.72992387069443,1,1,1,1.04712925109121,-0.0382006061193774,0,0.545379505970411,1,54,22,6.8600783768384,6.8600783768384,4.75861909053051,6.8600783768384,6.8600783768384,4.75861909053051,0.564627090679702,0.564627090679702,0.435901817301291,0.548516921751818,0.548516921751818,0.451882253928052
3.47329864799632,2.05812348036639,1,1,1,-0.641595590188333,0.115753329482348,0,0.545379505970411,1,54,22,3.6485221768594,3.6485221768594,1.53512334357315,3.6485221768594,3.6485221768594,1.53512334357315,0.4835894203622,0.4835894203622,0.435347066014707,0.48771118790389,0.48771118790389,0.451463565296539
3.44509822409272,2.39884814506347,1,1,0,0.585256341956402,-0.836049054664916,0,0.545379505970411,1,54,22,3.03702482371536,5.83600284552146,3.03702482371536,3.03702482371536,5.83600284552146,3.03702482371536,0.403791152035621,0.443293939974965,0.403791152035621,0.427534573881119,0.457455995656373,0.427534573881119
4.97983049301504,4.55405404050976,0,1,1,0.668662160830833,-0.545140313202712,0,0.545379505970411,1,54,22,5.89192316400517,5.89192316400517,3.49474520292642,5.89192316400517,5.89192316400517,3.49474520292642,0.474393817146451,0.474393817146451,0.422209963517135,0.480820452513648,0.480820452513648,0.4415303010348
4.22031245272874,3.5212779570357,0,1,0,1.43883017381472,-1.39479612143151,1,0.545379505970411,1,54,22,4.1854254206654,11.2308816410258,4.1854254206654,4.1854254206654,11.2308816410258,4.1854254206654,0.348466103899264,0.695661640757087,0.348466103899264,0.384813613268869,0.650321725674754,0.384813613268869
2.29377033347049,1.41104807726796,0,0,0,0.479136563586179,-1.04674498009798,0,0.545379505970411,1,54,22,2.61408934154185,5.80976439490216,2.61408934154185,2.61408934154185,5.80976439490216,2.61408934154185,0.385856168466905,0.411886897223793,0.385856168466905,0.413811743811169,0.433697154637338,0.413811743811169
9.72036158337442,9.69716863555225,0,0,1,0.928884213098004,-1.23264032643711,1,0.545379505970411,1,54,22,9.94709146858536,9.94709146858536,3.32768929422636,9.94709146858536,9.94709146858536,3.32768929422636,0.583020153837563,0.583020153837563,0.367021322264334,0.562435008405003,0.562435008405003,0.399277889379808
6.02907522630826,4.90347713749897,0,1,1,0.37965443680985,-1.15427989433586,0,0.545379505970411,1,54,22,5.73995224821932,5.73995224821932,2.3075901737513,5.73995224821932,5.73995224821932,2.3075901737513,0.391417523954729,0.391417523954729,0.375291270130764,0.418078164151309,0.418078164151309,0.405676306123007
6.2799431581811,5.37180535570794,0,1,1,0.480622412827999,-0.555580298891126,0,0.545379505970411,1,54,22,5.51689518974829,5.51689518974829,3.10822572123234,5.51689518974829,5.51689518974829,3.10822572123234,0.448498552088768,0.448498552088768,0.421680061642828,0.461374817919435,0.461374817919435,0.441128840933854
7.01257590207962,9.17627785453049,0,1,1,-0.23224284498947,0.250433370479578,1,0.545379505970411,1,54,22,7.65122574801787,7.65122574801787,2.48850887496811,7.65122574801787,7.65122574801787,2.48850887496811,0.556825528108125,0.556825528108125,0.433057232683749,0.542634002331019,0.542634002331019,0.449734729314365
8.15356974543661,6.87918527988378,0,1,1,0.558431714605244,-0.332061115423181,1,0.545379505970411,1,54,22,8.69762809263087,8.69762809263087,3.48736350825478,8.69762809263087,8.69762809263087,3.48736350825478,0.584476098357415,0.584476098357415,0.430852170410918,0.563540047911114,0.563540047911114,0.448068918934397
4.83058332566154,6.15152579845239,0,1,1,0.779509448136185,-0.781723449363787,0,0.545379505970411,1,54,22,6.19094819266127,6.19094819266127,3.47985664137605,6.19094819266127,6.19094819266127,3.47985664137605,0.478511192277468,0.478511192277468,0.407799726658591,0.483906450251392,0.483906450251392,0.430588223767281
0.227251275430636,0.4709683420663,0,1,0,-0.967931741681606,-0.215847845438411,0,0.545379505970411,1,54,22,0.550849865665847,2.69744015804625,0.550849865665847,0.550849865665847,2.69744015804625,0.550849865665847,0.433805693788095,0.543899795145803,0.433805693788095,0.450299933274367,0.532908694440354,0.450299933274367
11.9614656656972,9.85366840109697,0,1,1,0.654996233199944,1.81629167676197,0,0.545379505970411,1,54,22,11.2277607927041,11.2277607927041,5.82884533762932,11.2277607927041,11.2277607927041,5.82884533762932,0.336464145541596,0.336464145541596,0.292554871646985,0.375368620846473,0.375368620846473,0.340082948160487
2.10923857349767,1.20591752343647,0,1,0,-0.550131315866725,0.656921070656533,0,0.545379505970411,1,54,22,2.25921963339055,4.79076492646308,2.25921963339055,2.25921963339055,4.79076492646308,2.25921963339055,0.416024916632838,0.451128124837228,0.416024916632838,0.436840267737358,0.463353185304032,0.436840267737358
9.05706552741362,5.32802986820675,0,1,1,1.02760708733561,0.187958738639291,0,0.545379505970411,1,54,22,7.08106259520885,7.08106259520885,4.94573410777798,7.08106259520885,7.08106259520885,4.94573410777798,0.558339842654101,0.558339842654101,0.434328543482159,0.543775063985845,0.543775063985845,0.45069470084777
-0.984943544470521,-1.95256899820512,0,1,0,-1.20283704420106,-0.647582466766779,0,0.545379505970411,1,54,22,-0.350695360701432,2.16866769056231,-0.350695360701432,-0.350695360701432,2.16866769056231,-0.350695360701432,0.416584667572071,0.585776526876717,0.416584667572071,0.43726510255343,0.56452750536617,0.43726510255343
9.39616937065651,9.59524251156416,1,1,1,1.9783583319763,0.955870884738044,0,0.545379505970411,1,54,22,10.628837891448,10.628837891448,7.61514874315811,10.628837891448,10.628837891448,7.61514874315811,0.806538125650347,0.806538125650347,0.394050286460278,0.745903570577684,0.745903570577684,0.42009427284897
5.36707977447773,3.99564925312445,1,1,1,-0.365322259979934,0.329194832173273,0,0.545379505970411,1,54,22,4.50948074421046,4.50948074421046,2.30111150668087,4.50948074421046,4.50948074421046,2.30111150668087,0.44646450902116,0.44646450902116,0.43094001920241,0.459843789343506,0.459843789343506,0.448135302903937
0.351604144716196,-2.01089322448047,1,1,0,-0.121768335388931,-1.03569538698338,1,0.697334083766731,1,44,23,1.23449311785597,7.40715805247463,1.23449311785597,1.23449311785597,7.40715805247463,1.23449311785597,0.369968819856896,0.48683486548543,0.369968819856896,0.401561549203605,0.490142095543558,0.401561549203605
0.818771860895932,-0.669779968277109,1,0,0,-0.55717464948633,-0.0420271225842743,0,0.697334083766731,1,44,23,1.35734875406028,3.45911503309299,1.35734875406028,1.35734875406028,3.45911503309299,1.35734875406028,0.418318679584043,0.454376098017793,0.418318679584043,0.438580674826555,0.465795455034083,0.438580674826555
1.5812522405288,0.249024888613428,1,0,0,-0.15340765421141,-1.51217255487363,0,0.697334083766731,1,44,23,0.694737312320764,5.08140314803381,0.694737312320764,0.694737312320764,5.08140314803381,0.694737312320764,0.31806014720658,0.320490273624434,0.31806014720658,0.360730046277424,0.362674575136187,0.360730046277424
-0.529781724311287,-3.50340922843289,1,1,0,-1.6863730554123,-0.899206665082181,0,0.697334083766731,1,44,23,-1.75822760028956,1.15034502623866,-1.75822760028956,-1.75822760028956,1.15034502623866,-1.75822760028956,0.381701785618876,0.703304578892849,0.381701785618876,0.410617611054124,0.656533768539211,0.410617611054124
7.27682366469976,2.69960614234363,1,0,0,1.93216262102276,-0.557736111407562,0,0.697334083766731,1,44,23,5.82031430625517,8.2313838762232,5.82031430625517,5.82031430625517,8.2313838762232,5.82031430625517,0.404156543364851,0.799574025106469,0.404156543364851,0.427813111887383,0.739461434132171,0.427813111887383
6.91113550265278,2.39835914238129,1,1,0,0.803912131583478,0.514885593917088,0,0.697334083766731,1,44,23,4.63643503270126,7.00154220752461,4.63643503270126,4.63643503270126,7.00154220752461,4.63643503270126,0.406252009478,0.481466538403718,0.406252009478,0.429409744906113,0.486120840806079,0.429409744906113
5.13139318592357,2.13409318566942,1,1,0,0.654954316971376,0.560312443441726,1,0.697334083766731,1,44,23,4.38394625300169,9.79789628727733,4.38394625300169,4.38394625300169,9.79789628727733,4.38394625300169,0.404025330523738,0.571066335941157,0.404025330523738,0.427713092727049,0.553381212361282,0.427713092727049
6.63413226721357,4.7193610139675,0,0,1,-0.0627028223605696,1.14685995377298,0,0.697334083766731,1,44,23,6.95046723823722,6.95046723823722,3.53517948466906,6.95046723823722,6.95046723823722,3.53517948466906,0.359746066456991,0.359746066456991,0.359317027519444,0.393625298886957,0.393625298886957,0.393291224260279
0.908289749324533,1.52226458105402,1,1,0,-0.49650471430096,1.08229812276337,0,0.697334083766731,1,44,23,2.60301386977866,5.87438309631577,2.60301386977866,2.60301386977866,5.87438309631577,2.60301386977866,0.365620197096359,0.393089360521939,0.365620197096359,0.39819104911857,0.419358681388792,0.39819104911857
-0.667284477984763,-2.39842982460677,1,1,0,-1.27385170951603,-1.05018607046614,0,0.697334083766731,1,44,23,-1.084164313881,2.11872646872012,-1.084164313881,-1.084164313881,2.11872646872012,-1.084164313881,0.368634981053988,0.55691147332683,0.368634981053988,0.400528565873164,0.542698753202125,0.400528565873164
2.81774307727137,1.30481970926625,0,1,0,0.433680785631033,0.0213122143314186,1,0.697334083766731,1,44,23,3.4023989612107,8.50285317169041,3.4023989612107,3.4023989612107,8.50285317169041,3.4023989612107,0.418379046560621,0.557652182940216,0.418379046560621,0.438626461178099,0.543256852807673,0.438626461178099
0.652299742795051,-1.99560421046784,0,1,0,-0.226147384488199,-0.375335862207341,0,0.697334083766731,1,44,23,1.68609454443347,3.9269715538924,1.68609454443347,1.68609454443347,3.9269715538924,1.68609454443347,0.411931883860466,0.4178009840444,0.411931883860466,0.433731349023823,0.438187983403479,0.433731349023823
4.63040101482119,1.07178364367847,1,0,0,0.319572886398349,0.653544585695817,1,0.697334083766731,1,44,23,3.80641553410973,9.33353605960204,3.80641553410973,3.80641553410973,9.33353605960204,3.80641553410973,0.398880634359385,0.527583966530115,0.398880634359385,0.423787449982076,0.52066233459614,0.423787449982076
-1.30075949436585,-3.02127188578188,0,1,0,-1.71386309481633,-0.979262209658807,0,0.697334083766731,1,44,23,-1.89326322367425,1.1656912515916,-1.89326322367425,-1.89326322367425,1.1656912515916,-1.89326322367425,0.375003614868272,0.706603444916461,0.375003614868272,0.405454208932449,0.659228254356022,0.405454208932449
2.08382174257143,-1.00258272754725,1,0,0,-0.280781601156203,-0.683126038549779,0,0.697334083766731,1,44,23,1.26903593475503,3.83569711929974,1.26903593475503,1.26903593475503,3.83569711929974,1.26903593475503,0.397088073945453,0.406048610547853,0.397088073945453,0.422417755209159,0.429254820698289,0.422417755209159
-0.951486620642076,-4.14450118973258,1,0,0,-1.79644362522694,-1.45616064825737,0,0.697334083766731,1,44,23,-2.53532272309404,1.68508111043928,-2.53532272309404,-2.53532272309404,1.68508111043928,-2.53532272309404,0.324951527295816,0.689082776004236,0.324951527295816,0.366234900037607,0.645007365981809,0.366234900037607
5.14617184313919,3.4994875876337,1,1,0,0.538430957280081,1.8462660592179,0,0.697334083766731,1,44,23,5.43685314939528,10.9455515108153,5.43685314939528,5.43685314939528,10.9455515108153,5.43685314939528,0.273618849220103,0.301903080901123,0.273618849220103,0.324436957032196,0.34770347061426,0.324436957032196
0.782952499851489,0.279805063317008,1,0,0,0.19881289558845,-0.877496033042309,0,0.697334083766731,1,44,23,2.03385493375181,4.90385422175679,2.03385493375181,2.03385493375181,4.90385422175679,2.03385493375181,0.383426930911136,0.387859078726929,0.383426930911136,0.411944758404282,0.415349510047451,0.411944758404282
3.83565258536814,1.03387318875307,1,1,0,0.598666598411609,-0.0171777443971762,0,0.697334083766731,1,44,23,3.69388062804326,5.79417570294583,3.69388062804326,3.69388062804326,5.79417570294583,3.69388062804326,0.418386368389598,0.460065672002093,0.418386368389598,0.438632014482468,0.470070340988192,0.438632014482468
-1.540457945338,-4.27149668332209,0,0,0,-0.986357470815442,-1.96424492334152,0,0.697334083766731,1,44,23,-1.42323468935519,4.53502342951773,-1.42323468935519,-1.42323468935519,4.53502342951773,-1.42323468935519,0.256895798666604,0.354499179122161,0.256895798666604,0.310358665337744,0.389533993220367,0.310358665337744
0.905779974961273,-0.413602304595417,1,1,0,0.00531718109158047,-0.516060797598055,0,0.697334083766731,1,44,23,2.00829874020232,4.37461748701986,2.00829874020232,2.00829874020232,4.37461748701986,2.00829874020232,0.406196730727375,0.406199955532879,0.406196730727375,0.429367641533284,0.429370097748361,0.429367641533284
8.57644537819429,4.45455790029311,0,0,0,1.309875169647,1.01853942011115,0,0.697334083766731,1,44,23,6.15201493502236,9.28943748534273,6.15201493502236,6.15201493502236,9.28943748534273,6.15201493502236,0.371526433352363,0.570767535778324,0.371526433352363,0.402766906330351,0.553155308518137,0.402766906330351
5.7814129629949,3.56641265177421,1,1,0,1.51880734196658,-0.929037238093192,0,0.697334083766731,1,44,23,4.62230262145719,7.58541281122102,4.62230262145719,4.62230262145719,7.58541281122102,4.62230262145719,0.379267517513109,0.64511688210596,0.379267517513109,0.408743075348525,0.610166192283295,0.408743075348525
5.35235579192654,2.3491365131102,1,1,0,1.08281509899277,0.463983641221499,0,0.697334083766731,1,44,23,5.14333901482426,7.45861983414542,5.14333901482426,5.14333901482426,7.45861983414542,5.14333901482426,0.408527315754857,0.545793110145217,0.408527315754857,0.431142001657948,0.534331736464301,0.431142001657948
4.47373610067427,0.832475711198239,1,1,0,-0.0735446171635119,0.488172138857091,0,0.697334083766731,1,44,23,2.85480808014728,5.19312011730359,2.85480808014728,2.85480808014728,5.19312011730359,2.85480808014728,0.407475131374273,0.408092789639987,0.407475131374273,0.430341122578685,0.430811295566781,0.430341122578685
1.06722049726441,-1.33456099144406,1,1,0,-0.779016940140806,-0.0379206421321073,0,0.697334083766731,1,44,23,0.917770653203494,3.01920862830321,0.917770653203494,0.917770653203494,3.01920862830321,0.917770653203494,0.418333784304706,0.489256614957834,0.418333784304706,0.438592131339914,0.49195577201044,0.438592131339914
0.471272597476817,-1.37075999995009,0,1,0,-0.769666871890551,0.375418036863695,1,0.697334083766731,1,44,23,1.34980946869981,6.5907481711024,1.34980946869981,1.34980946869981,6.5907481711024,1.34980946869981,0.411929057540051,0.597768523671005,0.411929057540051,0.433729200750653,0.573654799472088,0.433729200750653
0.362467084428956,-0.0206447125525768,1,1,0,-0.0636266780205711,-0.658516103603394,0,0.697334083766731,1,44,23,1.72795571597268,4.26159917467767,1.72795571597268,1.72795571597268,4.26159917467767,1.72795571597268,0.398584740345964,0.39904387520929,0.398584740345964,0.423561426051729,0.423912132898857,0.423561426051729
2.74982449634757,3.71301831585212,1,1,0,1.28993540356658,-0.453060625844477,0,0.697334083766731,1,44,23,4.64053535690589,6.94579928759648,4.64053535690589,4.64053535690589,6.94579928759648,4.64053535690589,0.408985188703996,0.602968009449848,0.408985188703996,0.43149042016991,0.577625107269537,0.43149042016991
2.82193114527368,-1.24968456715008,1,0,0,-0.147471714192451,-0.60433364640956,1,0.697334083766731,1,44,23,1.61444810082275,7.07966725700543,1.61444810082275,1.61444810082275,7.07966725700543,1.61444810082275,0.401692089370135,0.521034626118988,0.401692089370135,0.425933699919082,0.515753199043814,0.425933699919082
2.5096006151476,0.749995797549748,0,1,0,1.57412215311897,-2.69672538923275,1,0.697334083766731,1,44,23,2.9652440926224,15.3375719175549,2.9652440926224,2.9652440926224,15.3375719175549,2.9652440926224,0.152024512485462,0.48484981905555,0.152024512485462,0.213976310415536,0.488655307128711,0.213976310415536
-0.190754563015129,-1.33408962469999,1,1,0,-0.8222882063938,-1.09128904668989,0,0.697334083766731,1,44,23,-0.22214028386028,3.06877149956506,-0.22214028386028,-0.22214028386028,3.06877149956506,-0.22214028386028,0.364761659406278,0.441534885792125,0.364761659406278,0.397524675910005,0.456130517499291,0.397524675910005
-0.51548130349716,-3.10582261434341,0,0,0,-1.02937381545018,-1.34257483699451,1,0.697334083766731,1,44,23,-0.887597292277653,6.01490990065317,-0.887597292277653,-0.887597292277653,6.01490990065317,-0.887597292277653,0.338330048783518,0.575138669766139,0.338330048783518,0.376841974200042,0.556461949752336,0.376841974200042
0.354227192890758,-1.69743302164556,0,1,0,-0.598002997933305,-1.16304243447606,0,0.697334083766731,1,44,23,0.154676745274542,3.60734444966655,0.154676745274542,0.154676745274542,3.60734444966655,0.154676745274542,0.357687364687189,0.397451103868516,0.357687364687189,0.39202151481233,0.422695226942004,0.39202151481233
2.72500730366263,0.683441918662052,1,1,0,0.00574580667338044,-0.286661806711942,0,0.697334083766731,1,44,23,2.23855498225203,4.42072997367939,2.23855498225203,2.23855498225203,4.42072997367939,2.23855498225203,0.414623666343647,0.414627454482136,0.414623666343647,0.435776413277195,0.435779289972137,0.435776413277195
5.45715734697507,2.78373111707498,1,1,0,1.3019513650873,-0.798696542659379,0,0.697334083766731,1,44,23,4.31893136313243,7.05684753038848,4.31893136313243,4.31893136313243,7.05684753038848,4.31893136313243,0.389355198023879,0.586795337725962,0.389355198023879,0.416497274060948,0.565301424296243,0.416497274060948
3.3121877420215,-0.3904119410601,1,1,0,0.522142916434567,-0.408920794117163,0,0.697334083766731,1,44,23,3.14909021436918,5.4163064302306,3.14909021436918,3.14909021436918,5.4163064302306,3.14909021436918,0.410725719162911,0.442228494741889,0.410725719162911,0.432814356161628,0.456653226367019,0.432814356161628
1.36998558501412,-1.50030922083457,1,1,0,-0.143179836843386,-0.902837755116637,0,0.697334083766731,1,44,23,1.3245277468138,4.23964375887785,1.3245277468138,1.3245277468138,4.23964375887785,1.3245277468138,0.381409421593228,0.383701545640767,0.381409421593228,0.410392588806772,0.412155918821794,0.410392588806772
4.27535992796062,0.553597839152521,0,0,0,0.147768724016185,0.525589316637719,1,0.697334083766731,1,44,23,3.3348519402873,8.71109607005101,3.3348519402873,3.3348519402873,8.71109607005101,3.3348519402873,0.405743964166113,0.525236779835607,0.405743964166113,0.429022756734962,0.518902622678349,0.429022756734962
5.4002458505688,0.671816226829634,1,1,0,0.13769216468622,-0.12669943747367,0,0.697334083766731,1,44,23,2.66241006751598,4.77846281497213,2.66241006751598,2.66241006751598,4.77846281497213,2.66241006751598,0.417661524542369,0.419842809157747,0.417661524542369,0.438082186941041,0.439736406857585,0.438082186941041
2.43936188124722,-1.05314979918596,1,0,0,-0.00287311554135756,-0.404883545768284,0,0.697334083766731,1,44,23,2.10309539876621,4.36702608440011,2.10309539876621,2.10309539876621,4.36702608440011,2.10309539876621,0.410876119595292,0.410877064336565,0.410876119595292,0.432928720020217,0.432929438378384,0.432928720020217
0.234859759544471,-2.17856859282416,1,1,0,-1.95074321526508,0.970247365102202,0,0.697334083766731,1,44,23,-0.417513889810747,2.62386605967702,-0.417513889810747,-0.417513889810747,2.62386605967702,-0.417513889810747,0.375784104044719,0.785360833135227,0.375784104044719,0.406056745685083,0.726538848396541,0.406056745685083
1.09337300222093,-0.981738760651172,1,1,0,-0.454113402588779,-0.235088911627759,1,0.697334083766731,1,44,23,1.3704094588119,6.52567625518222,1.3704094588119,1.3704094588119,6.52567625518222,1.3704094588119,0.415859177810543,0.55721107406523,0.415859177810543,0.436714461695328,0.542924481135672,0.436714461695328
-0.0614077075659947,1.17241901887627,1,1,0,-0.942294055527786,2.11216681318475,0,0.697334083766731,1,44,23,2.74130387774639,9.30255252446543,2.74130387774639,2.74130387774639,9.30255252446543,2.74130387774639,0.235500711653609,0.319926776896685,0.235500711653609,0.291936949570716,0.362224006531935,0.291936949570716
-5.91059042283969,-5.75280678021041,1,0,0,-0.815609511077154,-1.06420477741753,1,2.50596206134135,0,47,24,-4.91106487503648,1.3214669332418,-4.91106487503648,-4.91106487503648,1.3214669332418,-4.91106487503648,0.283372629454292,0.465383089122331,0.283372629454292,0.332532740040689,0.474062203992072,0.332532740040689
0.0638420634312784,0.760089886468417,0,0,0,1.66645335501009,-0.212897560529039,0,2.50596206134135,0,47,24,0.053060857138,2.19838622841722,0.053060857138,0.053060857138,2.19838622841722,0.053060857138,0.32718508540221,0.643898023046534,0.32718508540221,0.368012906326445,0.609214861762107,0.368012906326445
-2.02318621336762,-1.94149813906287,1,0,0,0.534652322756846,-0.849109655967485,1,2.50596206134135,0,47,24,-2.21054120736848,3.61044600048874,-2.21054120736848,-2.21054120736848,3.61044600048874,-2.21054120736848,0.299556682276892,0.440258238099184,0.299556682276892,0.345796747271292,0.455168210153575,0.345796747271292
-2.12080370338487,-3.11036128743049,1,0,0,-0.00131408561190826,-1.60004013638476,0,2.50596206134135,0,47,24,-3.28247402410599,1.37765441393617,-3.28247402410599,-3.28247402410599,1.37765441393617,-3.28247402410599,0.231372311290631,0.231372458380586,0.231372311290631,0.288323505293046,0.288323634396429,0.288323505293046
-2.41028625317749,-3.29776788873092,1,0,0,0.109559451552357,-0.560759690760822,0,2.50596206134135,0,47,24,-3.06072694977746,-0.64627551899529,-3.06072694977746,-3.06072694977746,-0.64627551899529,-3.06072694977746,0.316028831968265,0.317263077493069,0.316028831968265,0.359101782485563,0.36009144268581,0.359101782485563
-5.86130159905554,-3.17225204505056,0,0,0,-0.231214784252398,-1.43988949603068,0,2.50596206134135,0,47,24,-3.74227542138697,0.431006339392521,-3.74227542138697,-3.74227542138697,0.431006339392521,-3.74227542138697,0.248357620076867,0.253158244717416,0.248357620076867,0.303065774023099,0.307175412043602,0.303065774023099
-0.659737096840911,-0.748977478296228,0,0,0,1.43284461841211,-1.82607827836904,0,2.50596206134135,0,47,24,-0.414156616057955,5.02040526267328,-0.414156616057955,-0.414156616057955,5.02040526267328,-0.414156616057955,0.206005438482148,0.408150697853566,0.206005438482148,0.265646264819301,0.430855370955186,0.265646264819301
-2.59529082483731,-4.93157208138162,0,0,0,-0.242947219776077,1.9116365740195,1,2.50596206134135,0,47,24,-3.76574029243433,4.9886140986947,-3.76574029243433,-3.76574029243433,4.9886140986947,-3.76574029243433,0.196128901297636,0.288263243874238,0.196128901297636,0.256572564305037,0.336562393373751,0.256572564305037
-2.25866558812061,-4.9816360208066,0,1,0,-0.387962399629756,0.239720298329972,0,2.50596206134135,0,47,24,-4.05577065214169,-1.89830483071028,-4.05577065214169,-4.05577065214169,-1.89830483071028,-4.05577065214169,0.326677655706701,0.34258101878098,0.326677655706701,0.367609230040077,0.380191676583452,0.367609230040077
-1.61496665752465,-2.59819087931139,0,0,0,0.861672094342685,-0.54999210168649,1,2.50596206134135,0,47,24,-1.55650166419681,3.84598964772072,-1.55650166419681,-1.55650166419681,3.84598964772072,-1.55650166419681,0.316520459114728,0.513630739262669,0.316520459114728,0.359496102300983,0.510206618676605,0.359496102300983
0.451621949852163,-0.731394362728467,1,0,0,1.3978424589947,-0.562384532770789,0,2.50596206134135,0,47,24,-0.484160934892784,1.93211542780704,-0.484160934892784,-0.484160934892784,1.93211542780704,-0.484160934892784,0.315953851724591,0.537873878335121,0.315953851724591,0.359041629427384,0.528382477965968,0.359041629427384
-3.04988348444821,-3.47099717822236,0,1,0,0.273223792907949,0.16809121743646,1,2.50596206134135,0,47,24,-2.73339826706628,2.39485639031299,-2.73339826706628,-2.73339826706628,2.39485639031299,-2.73339826706628,0.327899237659777,0.447942119986162,0.327899237659777,0.368580780809704,0.460956053117284,0.368580780809704
-5.05468214032434,-8.28126197501847,0,0,0,-0.981883775123519,-1.62086941684879,0,2.50596206134135,0,47,24,-5.24361340312922,-0.516395736653463,-5.24361340312922,-5.24361340312922,-0.516395736653463,-5.24361340312922,0.229094061757585,0.320046909532197,0.229094061757585,0.286320713188004,0.362320080389267,0.286320713188004
-2.94135126188739,-3.49016808614706,0,0,0,0.248487053898319,-0.577959836264829,1,2.50596206134135,0,47,24,-2.78287174508554,2.65116582724973,-2.78287174508554,-2.78287174508554,2.65116582724973,-2.78287174508554,0.315224582883232,0.432203031941972,0.315224582883232,0.358456383749822,0.449089540489487,0.358456383749822
-1.71552888483759,0.547497941804777,0,0,0,1.18182161113785,0.323548938276001,0,2.50596206134135,0,47,24,-0.916202630606477,1.28848128485305,-0.916202630606477,-0.916202630606477,1.28848128485305,-0.916202630606477,0.324707793780243,0.482170117920566,0.324707793780243,0.366040698357124,0.486647949420157,0.366040698357124
-7.3534691920111,-6.05011464159175,1,0,0,-1.13965457451087,-1.34950764355157,1,2.50596206134135,0,47,24,-5.55915500190392,1.3620158781002,-5.55915500190392,-5.55915500190392,1.3620158781002,-5.55915500190392,0.257462183526007,0.50759796971597,0.257462183526007,0.310839832408671,0.505688847550702,0.310839832408671
-3.60961592687622,-3.65344975226682,0,0,0,-0.1572510164733,-1.13381561910068,0,2.50596206134135,0,47,24,-3.59434788582878,-0.20881002771211,-3.59434788582878,-3.59434788582878,-0.20881002771211,-3.59434788582878,0.277486712798673,0.279856116271828,0.277486712798673,0.327657010548953,0.329623243294322,0.327657010548953
-5.17052892637729,-3.29487762402468,0,0,0,-0.699696999285157,0.278621267850643,0,2.50596206134135,0,47,24,-4.67923985145249,-2.50161004055379,-4.67923985145249,-4.67923985145249,-2.50161004055379,-4.67923985145249,0.325835726451415,0.378725997285533,0.325835726451415,0.366939113522118,0.408325770517674,0.366939113522118
-3.17818329565725,-4.52181046223982,0,0,1,-1.16446787933327,-0.513629263443274,0,2.50596206134135,0,47,24,-3.24496659128344,-3.24496659128344,-5.60878161154872,-3.24496659128344,-3.24496659128344,-5.60878161154872,0.469879780777843,0.469879780777843,0.318112952447272,0.477435707256997,0.477435707256997,0.360772339087897
-2.66315518255377,-0.643980896798684,0,0,0,0.774161148812562,1.096349207268,0,2.50596206134135,0,47,24,-1.73152355525705,1.57045802902012,-1.73152355525705,-1.73152355525705,1.57045802902012,-1.73152355525705,0.280692040254685,0.341620560685595,0.280692040254685,0.330315800892253,0.379435682120462,0.330315800892253
-8.46968655239065,-5.51490954735981,0,1,0,-1.64509832237494,-0.637410873370943,1,2.50596206134135,0,47,24,-6.57004249763207,-1.06374987614056,-6.57004249763207,-6.57004249763207,-1.06374987614056,-6.57004249763207,0.312266813273837,0.724201244713829,0.312266813273837,0.356079210179674,0.673746644260922,0.356079210179674
-0.564417821382539,-1.44195076232433,0,0,0,0.661459138681564,-0.370395534603673,0,2.50596206134135,0,47,24,-1.95692757551905,0.280265276535292,-1.95692757551905,-1.95692757551905,0.280265276535292,-1.95692757551905,0.32335500929216,0.370309916860046,0.32335500929216,0.364962179834875,0.401825592168056,0.364962179834875
0.892158821017607,1.19766843555116,1,0,0,1.76794481758901,0.434936313194289,1,2.50596206134135,0,47,24,0.256043782295841,5.54521337883088,0.256043782295841,0.256043782295841,5.54521337883088,0.256043782295841,0.321197982845495,0.769816910343589,0.321197982845495,0.363240176933329,0.712721143546707,0.363240176933329
-7.31965902301716,-7.00286286590701,0,1,0,-1.86062590298691,0.994837157202881,0,2.50596206134135,0,47,24,-7.001097658856,-3.91139668950449,-7.001097658856,-7.001097658856,-3.91139668950449,-7.001097658856,0.288931876732456,0.676566745553483,0.288931876732456,0.337111836988109,0.634975405620424,0.337111836988109
-0.382816621432059,-1.73770131853296,1,0,0,1.52966607203562,0.309968688902921,1,2.50596206134135,0,47,24,-0.220513708810944,4.97556687928925,-0.220513708810944,-0.220513708810944,4.97556687928925,-0.220513708810944,0.325066271323415,0.700555834734384,0.325066271323415,0.366326313339512,0.654294782859484,0.366326313339512
-4.59783955766731,-4.90302286004812,0,1,0,-0.486384587995036,-0.207307284643092,1,2.50596206134135,0,47,24,-4.25261502887225,0.890361281393844,-4.25261502887225,-4.25261502887225,0.890361281393844,-4.25261502887225,0.32728331289274,0.466225926168579,0.32728331289274,0.368091031892477,0.474694662594144,0.368091031892477
-6.06163972830904,-7.33865788508384,0,0,0,-1.65353809144093,-1.72214524103977,1,2.50596206134135,0,47,24,-6.58692203576405,1.4788621954719,-6.58692203576405,-6.58692203576405,1.4788621954719,-6.58692203576405,0.217829812367444,0.620658294040988,0.217829812367444,0.276323086729786,0.591199755327932,0.276323086729786
-5.2178756801058,-4.5995531715665,0,0,0,-0.748379056874789,0.8270573864248,0,2.50596206134135,0,47,24,-4.77660396663176,-1.99258004619193,-4.77660396663176,-4.77660396663176,-1.99258004619193,-4.77660396663176,0.301034842913077,0.359747935630885,0.301034842913077,0.346998386585157,0.393626754153063,0.346998386585157
1.72351993181634,2.99019449850941,0,1,0,2.72224117101385,-0.123313217586961,0,2.50596206134135,0,47,24,2.16463648914553,4.27984263877718,2.16463648914553,2.16463648914553,4.27984263877718,2.16463648914553,0.32844563546107,0.944777049374294,0.32844563546107,0.369015060239876,0.899730949084528,0.369015060239876
-2.40483175689326,-4.18685289721727,0,0,0,-0.240814731549385,0.0945785670420298,0,2.50596206134135,0,47,24,-3.76147531598095,-1.65253021063722,-3.76147531598095,-3.76147531598095,-1.65253021063722,-3.76147531598095,0.3287079704797,0.334810873660559,0.3287079704797,0.369223503543735,0.374061578437359,0.369223503543735
-3.41392921705733,-2.56907644549401,1,0,0,0.392881541869346,1.32805909717339,0,2.50596206134135,0,47,24,-2.49408276914349,1.36965819644152,-2.49408276914349,-2.49408276914349,1.36965819644152,-2.49408276914349,0.259565193348806,0.273970720538415,0.259565193348806,0.312623660219736,0.324730432736293,0.312623660219736
-4.40777527672588,-2.9486418131026,0,0,0,-0.392656719193914,-0.215778909221856,0,2.50596206134135,0,47,24,-4.06515929127001,-1.91859875360503,-4.06515929127001,-4.06515929127001,-1.91859875360503,-4.06515929127001,0.32713344193858,0.343439053309154,0.32713344193858,0.367971829250295,0.38086664619926,0.367971829250295
2.23285426311501,-1.30607860043023,0,0,0,2.01272698427538,-1.49640889985908,0,2.50596206134135,0,47,24,0.745608115668576,5.08484771124604,0.745608115668576,0.745608115668576,5.08484771124604,0.745608115668576,0.242478705250598,0.685783530066587,0.242478705250598,0.297999762155892,0.642353198954457,0.297999762155892
-1.54290695096693,-3.7951758142408,1,0,0,0.157904830310788,-1.05752150992294,0,2.50596206134135,0,47,24,-2.9640361922606,0.254315551689102,-2.9640361922606,-2.9640361922606,0.254315551689102,-2.9640361922606,0.283921765178672,0.286343021692613,0.283921765178672,0.332986165441008,0.334982500559912,0.332986165441008
-4.08848439818668,-4.16742663002996,1,1,0,-0.0473129138688988,-0.996351606696425,0,2.50596206134135,0,47,24,-3.37447168061997,-0.281755156453428,-3.37447168061997,-3.37447168061997,-0.281755156453428,-3.37447168061997,0.288813866230794,0.28903289240856,0.288813866230794,0.337014888358021,0.337194815256748,0.337014888358021
-5.15911155394742,-4.69340608487584,0,1,0,-1.00452728431741,0.207104754756719,1,2.50596206134135,0,47,24,-5.28890042151701,-0.146008042074164,-5.28890042151701,-5.28890042151701,-0.146008042074164,-5.28890042151701,0.327286822781778,0.557115252687477,0.327286822781778,0.368093823389737,0.542852284884144,0.368093823389737
-5.87055200041217,-4.38133454682345,0,1,0,-0.787964675143169,1.32223392995478,0,2.50596206134135,0,47,24,-4.85577520316851,-1.00747263764486,-4.85577520316851,-4.85577520316851,-1.00747263764486,-4.85577520316851,0.260132351280031,0.320911676564835,0.260132351280031,0.313103998388055,0.363011397937701,0.313103998388055
0.162972962575437,-2.5131878737522,0,0,0,1.35453385356787,1.38018673745318,0,2.50596206134135,0,47,24,-0.570778145746435,3.43413728449522,-0.570778145746435,-0.570778145746435,3.43413728449522,-0.570778145746435,0.254414798140995,0.449045737932326,0.254414798140995,0.308247182914137,0.461786578716379,0.308247182914137
-4.13570682997213,-4.82393027833109,1,0,0,-0.271457287885033,-0.292755216934749,0,2.50596206134135,0,47,24,-3.82276042865224,-1.63705481160973,-3.82276042865224,-3.82276042865224,-1.63705481160973,-3.82276042865224,0.325498829282393,0.333226416139617,0.325498829282393,0.366670849319761,0.372807520827832,0.366670849319761
-4.23040337252688,-4.32080567689993,0,0,0,-0.363900333257465,1.04271576522337,0,2.50596206134135,0,47,24,-4.00764651939711,-0.820390352351753,-4.00764651939711,-4.00764651939711,-0.820390352351753,-4.00764651939711,0.285128121788351,0.298152330395758,0.285128121788351,0.333981402302891,0.34465364183796,0.333981402302891
-0.295736564080406,-0.972335460277268,0,0,1,0.547100481246982,0.29885269875518,0,2.50596206134135,0,47,24,0.00366804516504171,0.00366804516504171,-2.18564489038821,0.00366804516504171,0.00366804516504171,-2.18564489038821,0.357255499564382,0.357255499564382,0.32534839903297,0.391684835361427,0.391684835361427,0.366551043036227
-5.07905496054013,-5.96072124885988,0,1,0,-0.933627814512979,-2.19792929894327,0,2.50596206134135,0,47,24,-5.14710148190814,1.78379172124511,-5.14710148190814,-5.14710148190814,1.78379172124511,-5.14710148190814,0.162794982574972,0.228265086708903,0.162794982574972,0.224731796724804,0.28559040038463,0.224731796724804
-2.43648253840145,-1.66351549751438,1,0,0,1.16483351915083,1.8290367045411,0,2.50596206134135,0,47,24,-0.950178814580518,4.49519645197804,-0.950178814580518,-0.950178814580518,4.49519645197804,-0.950178814580518,0.205665748529349,0.331044690697466,0.205665748529349,0.265336615671502,0.371078436135337,0.265336615671502
-5.79721014998122,-4.8910275781018,1,0,0,-1.08288956316799,-0.233036072316081,0,2.50596206134135,0,47,24,-5.44562497921815,-3.29131916821764,-5.44562497921815,-5.44562497921815,-3.29131916821764,-5.44562497921815,0.326809696147536,0.458191191784303,0.326809696147536,0.367714286957124,0.468662383085279,0.367714286957124
-5.77808292297255,-6.41068158124649,1,0,0,-1.65875729946015,0.778932640567105,1,2.50596206134135,0,47,24,-6.59736045180249,-0.890624393261644,-6.59736045180249,-6.59736045180249,-0.890624393261644,-6.59736045180249,0.304138380560321,0.720851311010414,0.304138380560321,0.349516263395067,0.670963310552276,0.349516263395067
-3.65254084864613,-2.88005550476848,0,0,0,0.0913523977533303,-0.377506003528658,0,2.50596206134135,0,47,24,-3.09714105737552,-0.854630274675337,-3.09714105737552,-3.09714105737552,-0.854630274675337,-3.09714105737552,0.323133983843514,0.32400153696728,0.323133983843514,0.364785860523475,0.36547776679288,0.364785860523475
-4.13179585132339,-4.2998037950823,0,0,0,-0.486148708131985,0.439284371961219,0,2.50596206134135,0,47,24,-4.25214326914615,-1.95917250969678,-4.25214326914615,-4.25214326914615,-1.95917250969678,-4.25214326914615,0.321040519885253,0.345967215783857,0.321040519885253,0.363114359126098,0.382853217906848,0.363114359126098
4.63377988823187,7.49638992425919,0,1,0,-0.171778759630953,2.69393873602345,0,0.583927729389959,1,40,25,5.00940962361103,14.3667155370586,5.00940962361103,5.00940962361103,14.3667155370586,5.00940962361103,0.159622828627501,0.161545750469367,0.159622828627501,0.221590378447295,0.223497217003752,0.221590378447295
6.49537501970825,11.2559322660454,0,1,1,-0.533607019492786,0.636137847276501,1,0.583927729389959,1,40,25,7.732623575878,7.732623575878,2.22795221514041,7.732623575878,7.732623575878,2.22795221514041,0.563282129316857,0.563282129316857,0.412835663456874,0.547501942732893,0.547501942732893,0.434418199946543
9.29644920424455,8.13897468674903,1,1,1,-1.15441860690523,0.95613166570947,1,0.583927729389959,1,40,25,7.32051062092086,7.32051062092086,1.30632285874849,7.32051062092086,7.32051062092086,1.30632285874849,0.657915180629721,0.657915180629721,0.389681263630894,0.620198828232376,0.620198828232376,0.416747317367097
6.50626272026278e-05,2.68051556867573,0,1,0,-1.34064958468111,1.15201824115964,0,0.583927729389959,1,40,25,1.1297474786469,4.55689350661146,1.1297474786469,1.1297474786469,4.55689350661146,1.1297474786469,0.371251890382674,0.579899183180872,0.371251890382674,0.402554522522924,0.560067996806782,0.402554522522924
3.09178726041406,0.80778705077115,1,1,0,-0.985652033230014,0.864059455691821,1,0.583927729389959,1,40,25,1.55178379608128,7.39838253905172,1.55178379608128,1.55178379608128,7.39838253905172,1.55178379608128,0.397250188426216,0.625886820483347,0.397250188426216,0.422541667957447,0.595233490430376,0.422541667957447
5.39910804504958,8.79472778007844,0,1,1,0.641730134972808,0.0570953575662426,0,0.583927729389959,1,40,25,6.10284391421696,6.10284391421696,3.99958403436135,6.10284391421696,6.10284391421696,3.99958403436135,0.479544163200315,0.479544163200315,0.431345113558931,0.484680495484882,0.484680495484882,0.44844139689181
5.5890751257692,8.49968972404692,1,1,1,0.663652811312808,0.571693231074157,0,0.583927729389959,1,40,25,6.98486041100527,6.98486041100527,4.55802726054926,6.98486041100527,6.98486041100527,4.55802726054926,0.467678221720922,0.467678221720922,0.416408174430353,0.475784292382738,0.475784292382738,0.437131157800454
7.13748472043251,8.77289650702476,1,1,1,0.680601523031384,-0.301267875206142,0,0.583927729389959,1,40,25,5.90972591033734,5.90972591033734,3.71896357770611,5.90972591033734,5.90972591033734,3.71896357770611,0.481476911852595,0.481476911852595,0.427292896425997,0.486128612589509,0.486128612589509,0.445377964050366
2.96812258478456,4.30472660275418,0,1,0,0.20946347848183,0.086876757584572,0,0.583927729389959,1,40,25,3.16483212139772,5.27237969240613,3.16483212139772,3.16483212139772,5.27237969240613,3.16483212139772,0.43114634307375,0.436237753304857,0.43114634307375,0.448291207776541,0.452135767400963,0.448291207776541
4.37744546737184,6.58592496693845,0,1,1,-0.226158367489106,-0.949112685044675,0,0.583927729389959,1,40,25,4.25841387573931,4.25841387573931,1.2575989868266,4.25841387573931,4.25841387573931,1.2575989868266,0.39605704981507,0.39605704981507,0.390283423760175,0.421629495054893,0.421629495054893,0.417208989036562
0.465238145505048,3.59314959212012,1,1,0,-0.715569784130701,-0.74639171279208,0,0.583927729389959,1,40,25,0.481497125796005,3.1385977147207,0.481497125796005,0.481497125796005,3.1385977147207,0.481497125796005,0.40586526438588,0.465268904032755,0.40586526438588,0.429115160168267,0.473976514920093,0.429115160168267
4.41488578716853,4.31249800568858,0,1,1,-0.327020139934803,-0.900237351108936,0,0.583927729389959,1,40,25,4.01517806420258,4.01517806420258,1.10475077587095,4.01517806420258,4.01517806420258,1.10475077587095,0.406505315581371,0.406505315581371,0.394361725017892,0.429602665890196,0.429602665890196,0.420332615618983
0.844620646523494,3.91951622839006,0,1,0,0.175912802539733,-1.63249106990025,0,0.583927729389959,1,40,25,1.3783629420287,6.14339003533276,1.3783629420287,1.3783629420287,6.14339003533276,1.3783629420287,0.314162547385437,0.317339878030252,0.314162547385437,0.357603476029507,0.360152991947704,0.357603476029507
0.352311906961513,4.14528882680107,1,1,1,-1.11970331387877,-0.474899509954013,0,0.583927729389959,1,40,25,2.2702518136925,2.2702518136925,-0.0552777308620612,2.2702518136925,2.2702518136925,-0.0552777308620612,0.56800159043412,0.56800159043412,0.421070177146129,0.551065028117727,0.551065028117727,0.440666704078727
1.51085730732541,3.37916585887577,0,1,0,-1.0166677580943,0.398591400022353,0,0.583927729389959,1,40,25,1.02428429068324,3.28315939485502,1.02428429068324,1.02428429068324,3.28315939485502,1.02428429068324,0.424145005113661,0.545452790554861,0.424145005113661,0.442995764376899,0.534075912886998,0.442995764376899
1.31626526583673,3.5545359318106,0,1,1,-0.928607451945484,-0.26303775580253,0,0.583927729389959,1,40,25,2.70796460813362,2.70796460813362,0.538775747155988,2.70796460813362,2.70796460813362,0.538775747155988,0.529556336542566,0.529556336542566,0.428291116333664,0.52214138011775,0.52214138011775,0.446132927556857
3.60012077875801,4.87006622558652,0,1,0,0.0634150426079631,0.813925236212691,1,0.583927729389959,1,40,25,3.5997837282781,9.36225801842199,3.5997837282781,3.5997837282781,9.36225801842199,3.5997837282781,0.401067536826604,0.518297941408567,0.401067536826604,0.425457125865312,0.513702702149121,0.425457125865312
6.54396234373358,7.36116942958944,0,1,0,1.21900717096339,1.4214906177508,0,0.583927729389959,1,40,25,6.51853336652707,10.6391689428806,6.51853336652707,6.51853336652707,10.6391689428806,6.51853336652707,0.341113613443895,0.511068355854769,0.341113613443895,0.379036460020936,0.508287584163798,0.379036460020936
-0.37431268995523,3.53468619428161,0,1,0,-1.78798691374499,-0.00767569977486771,0,0.583927729389959,1,40,25,-0.924621120415354,1.17543779595168,-0.924621120415354,-0.924621120415354,1.17543779595168,-0.924621120415354,0.431493518833654,0.775619117589835,0.431493518833654,0.448553525307598,0.717842849852739,0.448553525307598
14.0987210518805,16.2707236981532,1,1,1,-0.0138111071815133,2.04488868762633,1,0.583927729389959,1,40,25,13.9578646248949,13.9578646248949,4.67629488011279,13.9578646248949,13.9578646248949,4.67629488011279,0.355733592730699,0.355733592730699,0.25544682946119,0.390497681058309,0.390497681058309,0.309126253949151
15.8875181407701,17.7445492427499,1,1,1,2.13100776853847,-2.27769630967514,1,0.583927729389959,1,40,25,14.9312481133591,14.9312481133591,4.64334763425129,14.9312481133591,14.9312481133591,4.64334763425129,0.797300875040476,0.797300875040476,0.220554170024727,0.737374873236607,0.737374873236607,0.278756039771555
4.05730570573262,7.21991461072741,0,1,1,-0.797495999937815,0.995199779863777,0,0.583927729389959,1,40,25,5.14965878867854,5.14965878867854,2.05923618683763,5.14965878867854,5.14965878867854,2.05923618683763,0.45947374682147,0.45947374682147,0.386254696354697,0.469625779573329,0.469625779573329,0.414117831685816
0.921613004305343,3.69667148320085,0,0,0,-0.645070305458419,-0.219219842477093,1,0.583927729389959,1,40,25,1.14966795345556,6.29772529279124,1.14966795345556,1.14966795345556,6.29772529279124,1.14966795345556,0.429269426316491,0.594841233088509,0.429269426316491,0.446872627983749,0.5714230836526,0.446872627983749
3.25890025369606,3.38323140224157,0,0,0,-1.07752647208895,2.4785166725176,0,0.583927729389959,1,40,25,2.98249213518919,11.2255370311369,2.98249213518919,2.98249213518919,11.2255370311369,2.98249213518919,0.190616790208909,0.291065469773041,0.190616790208909,0.251442321011653,0.338862762722703,0.251442321011653
2.73525406946049,5.94101015502104,0,1,0,0.718443054180503,-0.859548893732195,0,0.583927729389959,1,40,25,3.2363656214783,6.07518992219454,3.2363656214783,3.2363656214783,6.07518992219454,3.2363656214783,0.397602480041836,0.457222683888749,0.397602480041836,0.42281091490673,0.467934752412663,0.42281091490673
0.0313264884681776,4.5055146787714,0,1,0,-0.231108435015944,-0.047806936426402,0,0.583927729389959,1,40,25,2.1490046003912,4.25129010356167,2.1490046003912,2.1490046003912,4.25129010356167,2.1490046003912,0.431390287039908,0.437590811896083,0.431390287039908,0.448475528433813,0.453156637533738,0.448475528433813
8.51369540389895,12.9197109512184,1,1,1,2.04969940978744,0.980254475271996,0,0.583927729389959,1,40,25,10.7995805379871,10.7995805379871,7.73868170169636,10.7995805379871,10.7995805379871,7.73868170169636,0.823238007014364,0.823238007014364,0.387580461445019,0.761679409804846,0.761679409804846,0.415135680781641
0.928145028834103,2.48502133507977,0,1,0,-1.80822566867025,1.26841467090697,0,0.583927729389959,1,40,25,0.310991740415952,4.019867517788,0.310991740415952,0.310991740415952,4.019867517788,0.310991740415952,0.3588776031809,0.724613677923439,0.3588776031809,0.392948976880795,0.674089985185555,0.392948976880795
-1.23557493427362,2.8457681357739,1,1,0,-1.2036548482541,-0.33470221435429,1,0.583927729389959,1,40,25,-0.0829835040130004,5.12904206828067,-0.0829835040130004,-0.0829835040130004,5.12904206828067,-0.0829835040130004,0.42630958283809,0.703002191397319,0.42630958283809,0.44463406475846,0.656287187319946,0.44463406475846
1.82294944144749,6.21283858299257,1,1,0,-0.306937443062071,0.800120448792472,0,0.583927729389959,1,40,25,2.84527396951782,5.58546670209368,2.84527396951782,2.84527396951782,5.58546670209368,2.84527396951782,0.402080555390451,0.412835897845496,0.402080555390451,0.426230065993624,0.434418378048529,0.426230065993624
8.40615638021865,9.0446865464253,0,1,1,-0.230646627365781,-0.0523877565425303,1,0.583927729389959,1,40,25,7.24809187261095,7.24809187261095,2.14534739557539,7.24809187261095,7.24809187261095,2.14534739557539,0.555041531626381,0.555041531626381,0.431369008226965,0.541290219234398,0.541290219234398,0.448459450939738
0.177090009256283,3.25440670789908,0,1,0,-0.558627040916601,-0.561463163657836,1,0.583927729389959,1,40,25,0.980311161358449,6.39555204550311,0.980311161358449,0.980311161358449,6.39555204550311,0.980311161358449,0.416940946125683,0.570602004614085,0.416940946125683,0.437535467019792,0.553030168949046,0.437535467019792
3.99735032732569,7.25983530370126,0,1,0,0.0830324101615944,0.846593150516129,0,0.583927729389959,1,40,25,3.6716863776888,6.48840634018963,3.6716863776888,3.6716863776888,6.48840634018963,3.6716863776888,0.398604669431215,0.399386693862846,0.398604669431215,0.423576650086639,0.424173950257202,0.423576650086639
9.37390684253199,10.3709149960626,0,1,1,0.534123657203096,-0.163256233166171,1,0.583927729389959,1,40,25,8.69067208575712,8.69067208575712,3.56401948808951,8.69067208575712,8.69067208575712,3.56401948808951,0.58083670562024,0.58083670562024,0.430260922352541,0.560778786252046,0.560778786252046,0.447622094335855
4.27035437624835,7.05181702434951,0,1,1,-0.0609615304755262,-0.375189656981685,0,0.583927729389959,1,40,25,4.40268296762278,4.40268296762278,2.16191568891675,4.40268296762278,4.40268296762278,2.16191568891675,0.425410564548716,0.425410564548716,0.42498131246347,0.443953752228373,0.443953752228373,0.443628862178273
7.59381289394251,9.22338801372525,0,1,1,-0.275458872395894,1.35437276020452,0,0.583927729389959,1,40,25,7.39680899584623,7.39680899584623,3.46248342226222,7.39680899584623,7.39680899584623,3.46248342226222,0.357319488169253,0.357319488169253,0.34910200017325,0.391734725890108,0.391734725890108,0.385311982672997
1.63708479595358,5.12096452016582,1,0,0,0.0331768261982649,-0.92773170621975,0,0.583927729389959,1,40,25,1.79765035302627,4.75833647175168,1.79765035302627,1.79765035302627,4.75833647175168,1.79765035302627,0.392092269904935,0.392216412268343,0.392092269904935,0.418595086400533,0.418690175326954,0.418595086400533
3.12494888483742,5.64109951014326,0,1,0,0.220664492905239,-0.193939731693358,0,0.583927729389959,1,40,25,2.90641766096661,5.0440302804959,2.90641766096661,2.90641766096661,5.0440302804959,2.90641766096661,0.429753172529733,0.435400385378022,0.429753172529733,0.447238314538165,0.45150380966816,0.447238314538165
2.88539321436849,4.47616869176324,0,1,0,0.0382047732793215,1.19316271967582,0,0.583927729389959,1,40,25,3.92860067308395,7.45223794870816,3.92860067308395,3.92860067308395,7.45223794870816,3.92860067308395,0.366994661284929,0.367155301538878,0.366994661284929,0.399257216449415,0.399381772411729,0.399257216449415
4.92430125327204,6.67728826868094,1,0,0,1.4121650413743,-0.508592812368824,0,0.583927729389959,1,40,25,4.97476567722926,7.33343232602249,4.97476567722926,4.97476567722926,7.33343232602249,4.97476567722926,0.419543686892328,0.649728899935184,0.419543686892328,0.439509629549386,0.613772277154287,0.439509629549386
-4.10530065080523,-0.284007523799017,0,0,0,-2.74587321984084,-0.432127961520476,1,-0.902384309938917,0,60,26,-3.30604388250562,1.98069069262222,-3.30604388250562,-3.30604388250562,1.98069069262222,-3.30604388250562,0.703761180687809,0.993697840648398,0.703761180687809,0.656906231870256,0.984480896691368,0.656906231870256
1.08983462440726,3.87084570771878,0,1,0,-0.911038899947498,0.407319805029755,0,-0.902384309938917,0,60,26,0.363624757281069,2.62953418085055,0.363624757281069,0.363624757281069,2.62953418085055,0.363624757281069,0.704587123797389,0.780016196205377,0.704587123797389,0.65758037164867,0.721752508343516,0.65758037164867
-0.0601250356929317,5.18069089079676,0,0,0,-0.572876224297491,1.11670625139852,0,-0.902384309938917,0,60,26,1.03995010858108,4.38698296049362,1.03995010858108,1.03995010858108,4.38698296049362,1.03995010858108,0.66009979523257,0.694157969494202,0.66009979523257,0.621919648868908,0.649104454648322,0.621919648868908
7.56653949898503,12.0052669025851,1,1,1,1.73514217787262,-0.297773500526419,0,-0.902384309938917,0,60,26,7.84465597053707,7.84465597053707,5.65598691292131,7.84465597053707,7.84465597053707,5.65598691292131,0.911966605171965,0.911966605171965,0.707639314064576,0.856645815964498,0.856645815964498,0.660076038259048
10.0009421806809,13.5084449544175,1,0,1,1.10403533533786,0.605312076673246,1,-0.902384309938917,0,60,26,9.86017593801826,9.86017593801826,4.39377322785178,9.86017593801826,9.86017593801826,4.39377322785178,0.86960693274713,0.86960693274713,0.696582619352882,0.808465375077078,0.808465375077078,0.651068067965744
7.1987255572925,13.0449888770787,1,1,1,0.554241987235965,0.478142526415785,1,-0.902384309938917,0,60,26,8.62280680721527,8.62280680721527,3.29418653164799,8.62280680721527,8.62280680721527,3.29418653164799,0.815036706336523,0.815036706336523,0.702096087493835,0.753871645549602,0.753871645549602,0.655548710918092
3.9347751680004,6.28370861718279,1,1,1,-1.47970115849877,0.60347906153231,0,-0.902384309938917,0,60,26,1.69048721788644,1.69048721788644,-0.773699759821475,1.69048721788644,1.69048721788644,-0.773699759821475,0.868029626182924,0.868029626182924,0.69667171897116,0.80678713488688,0.80678713488688,0.651140304116037
7.27896370767885,12.120566529396,1,1,1,1.08011897103705,0.564555943692837,0,-0.902384309938917,0,60,26,6.76466391280908,6.76466391280908,4.34594049925017,6.76466391280908,6.76466391280908,4.34594049925017,0.801880413481749,0.801880413481749,0.698496782458589,0.741586559786774,0.741586559786774,0.652621183085323
2.86082626704456,6.42007748655448,0,0,0,-0.131046594422443,1.04640578651372,0,-0.902384309938917,0,60,26,1.92360936833118,5.11857443838058,1.92360936833118,1.92360936833118,5.11857443838058,1.92360936833118,0.666546071042961,0.668355435656576,0.666546071042961,0.627012319648151,0.628445874196271,0.627012319648151
11.1883165375288,13.965461151858,1,1,1,1.68016406140376,1.82969251563634,0,-0.902384309938917,0,60,26,10.9938053817592,10.9938053817592,5.54603067998359,10.9938053817592,10.9938053817592,5.54603067998359,0.833745414428458,0.833745414428458,0.566108296797216,0.771866118090169,0.771866118090169,0.549635116441598
5.91778818817609,9.74450130500922,1,0,1,0.457241758860379,0.677211371650889,0,-0.902384309938917,0,60,26,5.6588013167901,5.6588013167901,3.10018607489682,5.6588013167901,5.6588013167901,3.10018607489682,0.713621879738163,0.713621879738163,0.692862055547858,0.664988592368966,0.664988592368966,0.648056625504613
2.77279319397697,8.04654633374941,1,1,0,0.992159174481685,0.828320481856174,0,-0.902384309938917,0,60,26,4.17002090613943,6.95613572680188,4.17002090613943,4.17002090613943,6.95613572680188,4.17002090613943,0.68358026402767,0.775566748391675,0.68358026402767,0.640584669344325,0.717796434922998,0.640584669344325
5.94481910728462,8.52492756918582,1,1,1,-0.204837078561049,-1.37377583682467,0,-0.902384309938917,0,60,26,5.76328844989729,5.76328844989729,1.77602840005397,5.76328844989729,5.76328844989729,1.77602840005397,0.636964532155724,0.636964532155724,0.632355572244382,0.603816104929086,0.603816104929086,0.600239036621963
4.35442378975185,6.67818234804239,0,1,0,0.195964294621427,0.708234992055263,0,-0.902384309938917,0,60,26,2.57763114641892,5.17922795039044,2.57763114641892,2.57763114641892,5.17922795039044,2.57763114641892,0.691119567973673,0.695004404534964,0.691119567973673,0.646649524541238,0.649789477919199,0.646649524541238
-1.83353086389287,0.48306400646108,1,1,0,-3.0509391463286,0.987331208623282,0,-0.902384309938917,0,60,26,-3.91617573548114,-0.841352819959627,-3.91617573548114,-3.91617573548114,-0.841352819959627,-3.91617573548114,0.671597370682606,0.994967383666494,0.671597370682606,0.631019112036394,0.987411638938037,0.631019112036394
14.8367659189015,15.9970908185058,1,0,1,0.877132935597069,-2.03830975661286,1,-0.902384309938917,0,60,26,13.1946750922734,13.1946750922734,3.9399684283702,13.1946750922734,13.1946750922734,3.9399684283702,0.721526514038275,0.721526514038275,0.528355545101004,0.671523542358063,0.671523542358063,0.521240889631568
5.09229872998787,11.8993797021782,1,1,1,-0.822041323991387,-0.912995651177201,1,-0.902384309938917,0,60,26,6.47518096826177,6.47518096826177,0.541619909193292,6.47518096826177,6.47518096826177,0.541619909193292,0.824059896616135,0.824059896616135,0.677488373670614,0.762468592631033,0.762468592631033,0.635710771048018
2.72414843968076,7.05594205674216,1,1,1,-0.517345592782178,0.424723573463523,0,-0.902384309938917,0,60,26,3.43140148546733,3.43140148546733,1.15101137161171,3.43140148546733,3.43140148546733,1.15101137161171,0.729880484360984,0.729880484360984,0.704012943049783,0.678487596796281,0.678487596796281,0.657111667973985
4.64943082789239,6.96682937838272,1,1,0,0.451729294932665,-0.580039468852705,0,-0.902384309938917,0,60,26,3.0891611470414,5.52560693246832,3.0891611470414,3.0891611470414,5.52560693246832,3.0891611470414,0.697786056358522,0.717873078207567,0.697786056358522,0.652044209970896,0.66849676244362,0.652044209970896
4.03166172788259,5.46660914020301,1,0,1,-0.48209711358563,0.810568043150564,0,-0.902384309938917,0,60,26,3.97852888258174,3.97852888258174,1.2215083300048,3.97852888258174,3.97852888258174,1.2215083300048,0.708139167481066,0.708139167481066,0.684775317968195,0.660485425300004,0.660485425300004,0.64154353378573
-1.24725812278792,3.75526900765634,1,0,0,-1.64029987673249,-0.709111337536808,0,-0.902384309938917,0,60,26,-1.09489719628891,1.50794169273433,-1.09489719628891,-1.09489719628891,1.50794169273433,-1.09489719628891,0.691069135653329,0.890952443797842,0.691069135653329,0.646608829917864,0.831927977600421,0.646608829917864
1.27086332281708,4.10400203189088,1,1,1,-1.80279939829183,0.444670358714446,0,-0.902384309938917,0,60,26,0.877835488511635,0.877835488511635,-1.4198962394076,0.877835488511635,0.877835488511635,-1.4198962394076,0.919368372737286,0.919368372737286,0.703324507917468,0.865820946120393,0.865820946120393,0.656550021995909
3.00682610112779,5.07420395457481,1,1,1,-2.02326632721479,-0.780079087768269,0,-0.902384309938917,0,60,26,0.847693285919869,0.847693285919869,-1.86083009725351,0.847693285919869,0.847693285919869,-1.86083009725351,0.940901460688976,0.940901460688976,0.686762155375431,0.894276684497822,0.894276684497822,0.643139735041631
4.72839872845287,6.49205725224198,1,1,1,0.0189532026031241,-0.107422054775386,0,-0.902384309938917,0,60,26,4.33514846023448,4.33514846023448,2.22360896238231,4.33514846023448,4.33514846023448,2.22360896238231,0.710704526055526,0.710704526055526,0.710669351007628,0.662589524456056,0.662589524456056,0.662560639392944
4.61237050058209,7.37315207972376,1,1,0,0.592832550849476,-0.770260113468743,0,-0.902384309938917,0,60,26,3.37136765887502,6.0646683012759,3.37136765887502,3.37136765887502,6.0646683012759,3.37136765887502,0.687384456511887,0.722163080846647,0.687384456511887,0.643640213514698,0.672052070549694,0.643640213514698
8.73098565604201,9.07135259356288,0,1,1,-0.613204949236915,0.371562565467799,1,-0.902384309938917,0,60,26,6.19735139875925,6.19735139875925,0.959292658702235,6.19735139875925,6.19735139875925,0.959292658702235,0.822549245852409,0.822549245852409,0.705689700028402,0.761019022144119,0.761019022144119,0.658481096661487
-0.856489514830314,2.96148696026657,1,1,0,-0.978299833486988,1.11021128024937,1,-0.902384309938917,0,60,26,0.22910289020209,6.56167197699504,0.22910289020209,0.22910289020209,6.56167197699504,0.22910289020209,0.660715415306384,0.832415696202523,0.660715415306384,0.622405028376578,0.770565014410598,0.622405028376578
-0.206860379755636,2.36045693113574,0,0,0,-1.63924309959522,0.26828018644157,1,-0.902384309938917,0,60,26,-1.09278364201438,4.07919061642275,-1.09278364201438,-1.09278364201438,4.07919061642275,-1.09278364201438,0.708296681585996,0.935424932442751,0.708296681585996,0.660614471302734,0.88675841123,0.660614471302734
10.7751728848784,12.8382703047285,0,1,1,-0.496928230938831,1.80076684360486,1,-0.902384309938917,0,60,26,9.53460732032503,9.53460732032503,1.1918460952984,9.53460732032503,9.53460732032503,1.1918460952984,0.706189410374697,0.706189410374697,0.57097706236168,0.658889625253046,0.658889625253046,0.553313716312146
11.166957570055,12.8432053497302,1,0,1,2.22668407238763,-0.845294685335347,0,-0.902384309938917,0,60,26,9.45359380700751,9.45359380700751,6.63907070195133,9.45359380700751,9.45359380700751,6.63907070195133,0.959826537661737,0.959826537661737,0.682411144484877,0.922147165448723,0.922147165448723,0.639647496067926
6.77954463885863,8.81651105940508,1,1,1,0.556538125640192,0.699486426614768,0,-0.902384309938917,0,60,26,5.88806006947475,5.88806006947475,3.29877880845645,5.88806006947475,5.88806006947475,3.29877880845645,0.722152750929303,0.722152750929303,0.691619379375272,0.672043491084644,0.672043491084644,0.647052923209014
4.29216429640049,5.79369106890242,1,0,1,0.00828561837105591,-0.393200285485132,0,-0.902384309938917,0,60,26,4.45688025842377,4.45688025842377,2.20227379391818,4.45688025842377,4.45688025842377,2.20227379391818,0.705041667751926,0.705041667751926,0.705034871880024,0.65795159061146,0.65795159061146,0.657946039388519
3.24105345510779,6.87291311459137,0,1,0,0.781541907492301,1.61615681679707,0,-0.902384309938917,0,60,26,3.74878637216067,8.46074922864029,3.74878637216067,3.74878637216067,8.46074922864029,3.74878637216067,0.599918472234541,0.666968842253483,0.599918472234541,0.575295494487153,0.627347115256315,0.575295494487153
9.85415874170522,12.8265003256971,1,1,1,-0.476639155109934,-1.48263868019551,1,-0.902384309938917,0,60,26,8.53064170296807,8.53064170296807,1.2324242469562,8.53064170296807,8.53064170296807,1.2324242469562,0.74398275010214,0.74398275010214,0.618558961783623,0.690388325570512,0.690388325570512,0.589583068462305
10.0088625217818,12.6621790038104,1,1,1,0.30356935917641,-1.17471461202945,1,-0.902384309938917,0,60,26,9.27279569524438,9.27279569524438,2.79284127552889,9.27279569524438,9.27279569524438,2.79284127552889,0.761097696755288,0.761097696755288,0.654418249544543,0.705100685080763,0.705100685080763,0.617449458627591
0.289469149736945,3.78728134405011,1,1,0,-1.49581020202084,-1.16163422409696,0,-0.902384309938917,0,60,26,-0.805917846865611,2.64347622372774,-0.805917846865611,-0.805917846865611,2.64347622372774,-0.805917846865611,0.655728311013886,0.847588793362734,0.655728311013886,0.61847872423565,0.785633046783717,0.61847872423565
3.83331585609809,7.92651387103582,0,0,1,-0.493637541539744,-0.0355909803642398,0,-0.902384309938917,0,60,26,3.29969419197987,3.29969419197987,1.19842747409658,3.29969419197987,3.29969419197987,1.19842747409658,0.734342495411118,0.734342495411118,0.711071568333688,0.682232749962899,0.682232749962899,0.66289099022018
0.0203038720682224,3.20139633260721,1,0,0,-1.29003947056348,1.64496523082093,0,-0.902384309938917,0,60,26,-0.394376383950891,4.41153422665886,-0.394376383950891,-0.394376383950891,4.41153422665886,-0.394376383950891,0.595645076604312,0.764705094048256,0.595645076604312,0.572035672167533,0.708242707219941,0.572035672167533
6.22085101847098,9.65485353933898,1,1,1,-1.04919198213403,0.751447510072354,1,-0.902384309938917,0,60,26,5.75199195330194,5.75199195330194,0.0873185929080011,5.75199195330194,5.75199195330194,0.0873185929080011,0.858353631481675,0.858353631481675,0.688552981283413,0.796640934602055,0.796640934602055,0.644580674658275
3.00982353529463,6.54346519710995,1,1,0,0.546388927280078,-0.884917433827478,0,-0.902384309938917,0,60,26,3.27848041173622,6.16155927642803,3.27848041173622,3.27848041173622,6.16155927642803,3.27848041173622,0.679580725831043,0.709681833579156,0.679580725831043,0.637382181884843,0.661750103439006,0.637382181884843
3.30908178246277,6.70311374957904,0,1,1,-1.40518526145214,0.863814535091269,0,-0.902384309938917,0,60,26,2.22150758530674,2.22150758530674,-0.62466796572821,2.22150758530674,2.22150758530674,-0.62466796572821,0.846232403834578,0.846232403834578,0.681105917012451,0.784265532579914,0.784265532579914,0.638602239301175
6.5799313821482,9.73982980578328,1,1,1,0.931600013128183,0.129604385030533,0,-0.902384309938917,0,60,26,6.16569988005157,6.16569988005157,4.04890258343243,6.16569988005157,6.16569988005157,4.04890258343243,0.787941099131321,0.787941099131321,0.710463365703613,0.728863428563248,0.728863428563248,0.662391507701476
5.37839492390668,6.19237548453521,1,1,0,0.311979016000684,-0.676661865736981,1,-0.902384309938917,0,60,26,2.80966058917743,8.36753186972009,2.80966058917743,2.80966058917743,8.36753186972009,2.80966058917743,0.692892169850871,0.792164133268609,0.692892169850871,0.64808096174047,0.732688066097109,0.64808096174047
9.85951568774497,11.8390408018161,1,1,1,2.20603188490659,-0.755124807908409,0,-0.902384309938917,0,60,26,9.26797980250795,9.26797980250795,6.59776632698924,9.26797980250795,9.26797980250795,6.59776632698924,0.959176344292975,0.959176344292975,0.688327020362679,0.921132455109153,0.921132455109153,0.644398744675713
5.180266671013,8.30753033393943,1,0,1,-0.218878281676368,-0.885760592321099,0,-0.902384309938917,0,60,26,4.63251782073235,4.63251782073235,1.74794599382333,4.63251782073235,4.63251782073235,1.74794599382333,0.684455897998773,0.684455897998773,0.679518945035973,0.64128715396185,0.64128715396185,0.637332791584857
5.05693742413866,5.20369598455192,1,0,0,-0.011241163708902,0.303508288107563,1,-0.902384309938917,0,60,26,2.16322022975826,7.35533751070825,2.16322022975826,2.16322022975826,7.35533751070825,2.16322022975826,0.707503434497247,0.796020826229456,0.707503434497247,0.659964784033685,0.736203310856217,0.659964784033685
4.5953280026229,6.53710541044004,1,1,0,0.746658733562825,-0.182375770528638,0,-0.902384309938917,0,60,26,3.67902002430171,5.81228094597763,3.67902002430171,3.67902002430171,5.81228094597763,3.67902002430171,0.709817830450012,0.761447538578787,0.709817830450012,0.661861682052912,0.705404742441,0.661861682052912
13.6022705787968,16.0879009729275,1,1,1,2.3148182963323,1.62896517051878,0,-0.902384309938917,0,60,26,11.5688666766039,11.5688666766039,6.81533914984066,11.5688666766039,11.5688666766039,6.81533914984066,0.952029259202883,0.952029259202883,0.5980295706325,0.910268378311891,0.910268378311891,0.573853939154714
1.96432387265119,5.60774089839247,1,1,1,-2.02916365092491,0.67437963212996,0,-0.902384309938917,0,60,26,0.68216314355799,0.68216314355799,-1.87262474467375,0.68216314355799,0.68216314355799,-1.87262474467375,0.943198191414552,0.943198191414552,0.693016963600122,0.897494927093834,0.897494927093834,0.648181817789242
3.82164780073172,5.61770357220055,1,0,0,0.113536643476049,-1.5304459736426,0,-0.902384309938917,0,60,26,2.41277584412816,6.85504072236701,2.41277584412816,2.41277584412816,6.85504072236701,2.41277584412816,0.612103978171222,0.613551440778884,0.612103978171222,0.584622132398143,0.585733285818241,0.584622132398143
4.57860525751684,7.92066964979972,1,1,1,-1.60072992048351,0.608784219562561,1,-0.902384309938917,0,60,26,4.45486094219745,4.45486094219745,-1.01575728379095,4.45486094219745,4.45486094219745,-1.01575728379095,0.927781601477082,0.927781601477082,0.696413064872787,0.876600609514717,0.876600609514717,0.65093061971367
5.42267092780359,6.20925686976072,0,1,0,0.842583128402508,1.15162932350675,0,-0.902384309938917,0,60,26,3.87086881398108,7.2971189127417,3.87086881398108,3.87086881398108,7.2971189127417,3.87086881398108,0.656718945158375,0.728368921710165,0.656718945158375,0.61925761117191,0.67722297613033,0.61925761117191
6.45265669547038,8.7732649767412,1,1,1,-1.57248096784462,0.921285565689498,1,-0.902384309938917,0,60,26,4.98950771503463,4.98950771503463,-0.959259378513183,4.98950771503463,4.98950771503463,-0.959259378513183,0.917983730176512,0.917983730176512,0.676856783865811,0.864083642519883,0.864083642519883,0.635206771095048
5.85121756221733,7.36677543259056,0,1,0,1.40440380909781,2.27145417308068,0,-0.902384309938917,0,60,26,4.99451017537169,12.2540142357773,4.99451017537169,4.99451017537169,12.2540142357773,4.99451017537169,0.480957948241467,0.702095743600462,0.480957948241467,0.485739798163714,0.655548430759013,0.485739798163714
6.25657962563461,9.26527258551143,0,1,1,-0.257324499120768,1.72188868714336,0,-0.902384309938917,0,60,26,6.73595420984683,6.73595420984683,1.67105355893453,6.73595420984683,6.73595420984683,1.67105355893453,0.59138054662086,0.59138054662086,0.583794358160232,0.568787874632323,0.568787874632323,0.563022551558103
8.48860990056439,8.56871336813158,0,1,0,2.07682408716547,-1.1335204562803,0,-0.902384309938917,0,60,26,6.33935073150701,9.7242193563129,6.33935073150701,6.33935073150701,9.7242193563129,6.33935073150701,0.658486951864267,0.939490623060661,0.658486951864267,0.620648970077416,0.89231936771483,0.620648970077416
5.36694767946792,7.14980257753701,1,1,1,0.60996563769373,0.73610542122602,0,-0.902384309938917,0,60,26,6.04748502372186,6.04748502372186,3.40563383256353,6.04748502372186,6.04748502372186,3.40563383256353,0.726086134342935,0.726086134342935,0.689482907073906,0.675316976467773,0.675316976467773,0.645329751333538
6.62412523892181,10.2620060968989,1,1,1,-0.512675568071457,0.132926172149133,1,-0.902384309938917,0,60,26,6.27802078827537,6.27802078827537,1.16035142103315,6.27802078827537,6.27802078827537,1.16035142103315,0.817926973945516,0.817926973945516,0.710429192456609,0.75660953085145,0.75660953085145,0.662363451726317
5.25455675988697,6.9879457099127,1,0,1,0.0211721296013279,-0.552513037796889,0,-0.902384309938917,0,60,26,4.63331747331427,4.63331747331427,2.22804681637872,4.63331747331427,4.63331747331427,2.22804681637872,0.699080542226019,0.699080542226019,0.699035674871076,0.653095353850444,0.653095353850444,0.653058900763461
8.3590558911533,15.0127857177395,1,0,1,0.856279828164125,-0.0956566545354579,1,-0.902384309938917,0,60,26,9.00741240906123,9.00741240906123,3.89826221350432,9.00741240906123,9.00741240906123,3.89826221350432,0.849570950821487,0.849570950821487,0.710762929418411,0.787639093532914,0.787639093532914,0.662637486296626
-2.17709745746171,-4.18853405535316,1,0,0,-1.41158691253518,-0.162912074414331,0,-1.22083817971989,1,42,27,-1.47653176054648,0.650008583443501,-1.47653176054648,-1.47653176054648,0.650008583443501,-1.47653176054648,0.6392387194014,0.821110174351428,0.6392387194014,0.605584522385955,0.75964204806973,0.605584522385955
-0.298555388951983,-4.40433696186087,1,1,0,-0.741949219784367,-0.115720259841853,0,-1.22083817971989,1,42,27,-0.0900645604723702,2.0233266180655,-0.0900645604723702,-0.0900645604723702,2.0233266180655,-0.0900645604723702,0.639813306102223,0.697601869727366,0.639813306102223,0.606031686149565,0.651894744457713,0.606031686149565
-1.18184727773485,-4.59074559607303,1,0,0,-1.3603431550771,0.691877669792729,0,-1.22083817971989,1,42,27,-0.519254501423246,2.05944020853457,-0.519254501423246,-0.519254501423246,2.05944020853457,-0.519254501423246,0.619258236906694,0.797128976740785,0.619258236906694,0.590121395444226,0.737217401527006,0.590121395444226
3.40101661946471,-1.55262185314057,0,1,0,-0.698380700609098,0.789674602025863,0,-1.22083817971989,1,42,27,0.902467339745884,3.62605331683059,0.902467339745884,0.902467339745884,3.62605331683059,0.902467339745884,0.612769571778743,0.665991053567004,0.612769571778743,0.585132988894223,0.626572948910272,0.585132988894223
-2.68948617109069,-5.09481940007582,0,0,0,-1.78609807180472,-0.456903778393841,0,-1.22083817971989,1,42,27,-2.51954578306506,-0.210784720354494,-2.51954578306506,-2.51954578306506,-0.210784720354494,-2.51954578306506,0.631237501440116,0.887866926104383,0.631237501440116,0.599372644197619,0.828443485101374,0.599372644197619
-1.90264934393055,-5.50804983636132,1,0,0,-1.6843641911774,0.0203370188169278,1,-1.22083817971989,1,42,27,-1.83883722459965,3.2615763697347,-1.83883722459965,-1.83883722459965,3.2615763697347,-1.83883722459965,0.640380020360431,0.918798742227241,0.640380020360431,0.606472868074687,0.865105029719865,0.606472868074687
1.42086208440379,-2.53812223869515,0,1,0,0.00626356832933291,-0.124876847433457,0,-1.22083817971989,1,42,27,1.39720442816343,3.51279865518835,1.39720442816343,1.39720442816343,3.51279865518835,1.39720442816343,0.639717064833796,0.639721349766943,0.639717064833796,0.605956777493937,0.605960112550747,0.605956777493937
-2.44382521056166,-4.41747218695669,0,0,0,-0.531732914840062,-1.97513878749292,0,-1.22083817971989,1,42,27,-1.52905047823482,4.47212275162416,-1.52905047823482,-1.52905047823482,4.47212275162416,-1.52905047823482,0.459997554171254,0.493285961289158,0.459997554171254,0.470019183629133,0.494973014698815,0.470019183629133
1.46340948982379,-3.96190857400647,0,0,0,-0.408556156054493,-0.33497707438005,0,-1.22083817971989,1,42,27,0.357464752449181,2.5696743928094,0.357464752449181,0.357464752449181,2.5696743928094,0.357464752449181,0.635485914843305,0.653610132630026,0.635485914843305,0.602667540169345,0.616814986147755,0.602667540169345
-2.26144631120703,-6.06136228502484,1,0,0,-0.123918934492401,-2.167309131954,0,-1.22083817971989,1,42,27,-0.905592862000584,5.89163601145061,-0.905592862000584,-0.905592862000584,5.89163601145061,-0.905592862000584,0.422924668040413,0.424696903087627,0.422924668040413,0.442071667156474,0.443413577358804,0.442071667156474
6.62738291877512,2.1586832057031,1,0,0,2.2054305134678,0.463462731261972,0,-1.22083817971989,1,42,27,6.38387789713579,8.69867560040459,6.38387789713579,6.38387789713579,8.69867560040459,6.38387789713579,0.630971225957709,0.947301561825617,0.630971225957709,0.599166384116016,0.903348002709572,0.599166384116016
-1.70310189970753,-4.95938179722187,0,1,0,-0.37083241849406,-1.97790815825688,1,-1.22083817971989,1,42,27,-1.21001885630679,7.80210182619235,-1.21001885630679,-1.21001885630679,7.80210182619235,-1.21001885630679,0.459483927890391,0.592621654438917,0.459483927890391,0.469633426342977,0.569732555260283,0.469633426342977
1.2834342243933,-1.39952905712004,0,0,0,-0.507458621874224,0.0304486241055236,0,-1.22083817971989,1,42,27,0.525085519295294,2.62601263800521,0.525085519295294,0.525085519295294,2.62601263800521,0.525085519295294,0.640357602507959,0.667977594790289,0.640357602507959,0.606455413239109,0.628146359422698,0.606455413239109
4.06430917717384,1.23369985549179,1,1,0,1.46666234528442,-0.447725853654502,0,-1.22083817971989,1,42,27,3.99515297585256,6.29561141588322,3.99515297585256,3.99515297585256,6.29561141588322,3.99515297585256,0.631603604484647,0.827326326345369,0.631603604484647,0.599656279891686,0.765617585538635,0.599656279891686
2.63935296119531,-2.72429240715913,0,0,0,0.899457765244521,0.0345049060957709,1,-1.22083817971989,1,42,27,3.34297457552303,8.44416516406771,3.34297457552303,3.34297457552303,8.44416516406771,3.34297457552303,0.640346100533077,0.808508377578987,0.640346100533077,0.606446457737529,0.747740159188081,0.606446457737529
2.42295103960387,-3.02023862698262,0,1,0,-0.688687135974127,0.649775474406656,0,-1.22083817971989,1,42,27,0.781955341396618,3.30416350853701,0.781955341396618,0.781955341396618,3.30416350853701,0.781955341396618,0.621777041671831,0.6730399022535,0.621777041671831,0.592061972220096,0.632166056839374,0.592061972220096
3.38406439111622,-0.664363952348776,1,0,1,-0.469657683892331,-1.60928350728294,0,-1.22083817971989,1,42,27,3.65074867068349,3.65074867068349,-1.03904473612938,3.65074867068349,3.65074867068349,-1.03904473612938,0.547719227553314,0.547719227553314,0.521811581578554,0.535779923327532,0.535779923327532,0.51633542331029
2.18337023457435,-0.189636688832584,1,0,0,0.202583082980763,-0.0274595838184629,0,-1.22083817971989,1,42,27,1.88726072108128,3.98801474982476,1.88726072108128,1.88726072108128,3.98801474982476,1.88726072108128,0.640365158797544,0.644832380539391,0.640365158797544,0.606461296640572,0.609944074209418,0.606461296640572
6.0603457815481,1.46984079286858,1,0,1,0.12646476914878,-1.82823772462223,0,-1.22083817971989,1,42,27,5.3766991303454,5.3766991303454,-0.0657540473864475,5.3766991303454,5.3766991303454,-0.0657540473864475,0.488182204974449,0.488182204974449,0.486295808557137,0.491151158637803,0.491151158637803,0.489738360708568
0.868634371575306,-3.59553839679783,0,0,0,-0.897895103713361,1.16587380033547,0,-1.22083817971989,1,42,27,0.879637731846961,4.33889945015562,0.879637731846961,0.879637731846961,4.33889945015562,0.879637731846961,0.579274755634698,0.668542454828898,0.579274755634698,0.559594698669575,0.628594154395187,0.559594698669575
5.13971022875041,1.87442637202351,1,0,0,1.62004220172514,1.41418389606746,0,-1.22083817971989,1,42,27,6.16382243845596,10.2637385303525,6.16382243845596,6.16382243845596,10.2637385303525,6.16382243845596,0.54951719489549,0.809699609378429,0.54951719489549,0.537132222933663,0.74885365686752,0.537132222933663
0.0552786885960005,-0.703379466326199,1,0,0,-1.44096931219357,1.44669471773315,0,-1.22083817971989,1,42,27,0.074310232284218,4.2672358386012,0.074310232284218,0.074310232284218,4.2672358386012,0.074310232284218,0.545163833788559,0.76261760884479,0.545163833788559,0.533858711573702,0.706422696853675,0.533858711573702
0.880703160768149,-3.32368879465888,1,1,0,-1.04943397521721,-0.889382499365338,0,-1.22083817971989,1,42,27,-1.47869631086155,1.41230491931579,-1.47869631086155,-1.47869631086155,1.41230491931579,-1.47869631086155,0.605224533573213,0.721132267711139,0.605224533573213,0.579350791043557,0.671196380115394,0.579350791043557
0.43190400143418,-0.305996962009322,0,0,0,-0.674571041400106,2.18198304413573,1,-1.22083817971989,1,42,27,2.34239510027374,12.2034451051696,2.34239510027374,2.34239510027374,12.2034451051696,2.34239510027374,0.419982611098753,0.590102983653253,0.419982611098753,0.439842389326289,0.567815888089156,0.439842389326289
-1.49586025616683,-5.58527894773931,0,1,0,-2.22379938128525,1.55128285739916,0,-1.22083817971989,1,42,27,-1.38676176623312,3.11971673742738,-1.38676176623312,-1.38676176623312,3.11971673742738,-1.38676176623312,0.530442967989474,0.923976620865914,0.530442967989474,0.522806356340545,0.871676370667951,0.522806356340545
2.39128175288515,-0.15874320517544,0,0,0,-0.370124237463738,-0.043474030998434,1,-1.22083817971989,1,42,27,0.725831633012307,5.82772162438356,0.725831633012307,0.725831633012307,5.82772162438356,0.725831633012307,0.640315566827039,0.753583014692482,0.640315566827039,0.606422684312904,0.698602397961072,0.606422684312904
0.745622092124435,-2.78926330433293,0,0,0,-1.44061953176447,2.40928769291087,1,-1.22083817971989,1,42,27,1.03760276832015,11.9422699555319,1.03760276832015,1.03760276832015,11.9422699555319,1.03760276832015,0.372774009424364,0.718113393182222,0.372774009424364,0.403731636422933,0.66869551580458,0.403731636422933
2.34911554696285,-0.701750685765245,0,0,0,1.17472240100329,-1.43638990147033,1,-1.22083817971989,1,42,27,2.42260903947446,9.58582498852042,2.42260903947446,2.42260903947446,9.58582498852042,2.42260903947446,0.546555156131782,0.788900559429931,0.546555156131782,0.534904634517026,0.729730166250003,0.534904634517026
-0.482373918328342,-3.26374927890235,1,0,0,-0.0873478879980623,-0.728774456535363,0,-1.22083817971989,1,42,27,0.60608390640673,3.23719611490514,0.60608390640673,0.60608390640673,3.23719611490514,0.60608390640673,0.616915382965745,0.617768526805014,0.616915382965745,0.588318489255416,0.588974780013478,0.588318489255416
0.62363956465262,-4.02941971513978,1,0,0,-0.30406943009078,0.316036851069777,0,-1.22083817971989,1,42,27,1.21745212982643,3.41733142106053,1.21745212982643,1.21745212982643,3.41733142106053,1.21745212982643,0.636027036355843,0.64610896227906,0.636027036355843,0.603087764193032,0.61094103351436,0.603087764193032
9.27514566124515,4.8010552416382,1,0,1,1.90726469278368,0.745705026436415,0,-1.22083817971989,1,42,27,8.72586453739452,8.72586453739452,6.06978855094199,8.72586453739452,8.72586453739452,6.06978855094199,0.902007195812581,0.902007195812581,0.615797770349529,0.844703960407667,0.844703960407667,0.587459151368042
3.18464470963614,-0.78790610067089,1,1,0,-0.482268732829905,1.67853792089219,1,-1.22083817971989,1,42,27,2.2235545941706,10.1410441460437,2.2235545941706,2.2235545941706,10.1410441460437,2.2235545941706,0.511073763000782,0.651842128249555,0.511073763000782,0.508291633476529,0.615428025741313,0.508291633476529
7.08977051726204,3.70732661384446,0,1,1,1.56328737243758,0.62276110138919,0,-1.22083817971989,1,42,27,7.74672137460604,7.74672137460604,5.25888998520256,7.74672137460604,7.74672137460604,5.25888998520256,0.841845650282361,0.841845650282361,0.623306891205725,0.779871172171479,0.779871172171479,0.593241794938782
-1.57173144986338,-3.59765466342794,0,0,0,-0.476443814977102,-2.33205876813885,0,-1.22083817971989,1,42,27,-1.77539225915484,5.76310583889847,-1.77539225915484,-1.77539225915484,5.76310583889847,-1.77539225915484,0.389123396600577,0.414926815057411,0.389123396600577,0.416319495232848,0.436006611442865,0.416319495232848
6.6373014319582,4.75184852451214,1,1,1,0.569111113407382,-0.275222387408339,1,-1.22083817971989,1,42,27,7.54830134087539,7.54830134087539,2.37255397834464,7.54830134087539,7.54830134087539,2.37255397834464,0.767297457409872,0.767297457409872,0.637085123150016,0.710509983283372,0.710509983283372,0.603909819891942
4.04458154633124,0.277510776291864,1,0,0,1.58569875379843,-0.697159313780188,1,-1.22083817971989,1,42,27,3.9837923327549,9.56982344154536,3.9837923327549,3.9837923327549,9.56982344154536,3.9837923327549,0.618930645000325,0.897819440909712,0.618930645000325,0.58986918099952,0.839808318934274,0.58986918099952
8.37278547254462,4.31757422557845,0,0,1,1.12303912182681,1.27895531845636,0,-1.22083817971989,1,42,27,8.77031440765602,8.77031440765602,5.0345877010482,8.77031440765602,8.77031440765602,5.0345877010482,0.703768512303352,0.703768512303352,0.566488120908738,0.656912213744375,0.656912213744375,0.549921922314426
1.0709229763005,-0.699805139641355,0,1,0,1.19247792130964,-0.501715857856016,0,-1.22083817971989,1,42,27,3.39279412370149,5.74451292572568,3.39279412370149,3.39279412370149,5.74451292572568,3.39279412370149,0.629340988693554,0.769660286077158,0.629340988693554,0.597904220328727,0.71258346198516,0.597904220328727
1.55801894042343,-2.11755471647257,0,0,0,-1.15253106306494,2.13890889931666,0,-1.22083817971989,1,42,27,1.343400912125,8.018332191701,1.343400912125,1.343400912125,8.018332191701,1.343400912125,0.428576818245452,0.584112433895473,0.428576818245452,0.446348967692272,0.563263982418156,0.446348967692272
5.0360103547703,0.90097314790721,0,0,0,0.777376987605363,1.4912047299342,0,-1.22083817971989,1,42,27,4.55551284408314,8.87920439066128,4.55551284408314,4.55551284408314,8.87920439066128,4.55551284408314,0.539032269972684,0.608750380863481,0.539032269972684,0.529252245426735,0.582050484096523,0.529252245426735
1.68221123721448,-2.47054232581887,1,0,0,0.0655370499267023,-0.757579346262359,1,-1.22083817971989,1,42,27,0.883048892529262,6.55697535841257,0.883048892529262,0.883048892529262,6.55697535841257,0.883048892529262,0.614997899149549,0.720154777762031,0.614997899149549,0.586844401429051,0.670385783361009,0.586844401429051
0.898602219781451,-2.73421425164982,1,1,0,-0.543959578436531,0.87319250718286,0,-1.22083817971989,1,42,27,1.29482748924802,4.15729264384831,1.29482748924802,1.29482748924802,4.15729264384831,1.29482748924802,0.606514081449173,0.639405038697653,0.606514081449173,0.580337708932633,0.605713942809268,0.580337708932633
5.55490381851087,3.7940621047734,0,0,1,0.266162481450993,-0.870216480781019,0,-0.390966667007697,1,59,28,5.36653027083276,5.36653027083276,2.50925354740986,5.36653027083276,5.36653027083276,2.50925354740986,0.518745182407106,0.518745182407106,0.510391141140388,0.514037774762843,0.514037774762843,0.507780437668002
4.23962936673388,2.98430127233205,1,1,1,-1.81143307873817,-0.825564003576899,1,-0.390966667007697,1,59,28,4.18027082823757,4.18027082823757,-1.60128509576435,4.18027082823757,4.18027082823757,-1.60128509576435,0.891321521987727,0.891321521987727,0.513963802422034,0.832347059444013,0.832347059444013,0.510456076092118
3.70185551996704,2.69709322913812,0,0,0,0.845615760522091,0.0581915952182065,0,-0.390966667007697,1,59,28,4.59656818155128,6.69995444330532,4.59656818155128,4.59656818155128,6.69995444330532,4.59656818155128,0.545859848750174,0.62763001296942,0.545859848750174,0.534381906726741,0.596580711946178,0.534381906726741
9.25528795742723,6.71173725308567,1,1,1,0.659769418666171,-0.120797029592158,1,-0.390966667007697,1,59,28,9.16047879538737,9.16047879538737,4.04588687302908,9.16047879538737,9.16047879538737,4.04588687302908,0.703039806336518,0.703039806336518,0.54533503186015,0.65631785665613,0.65631785665613,0.533987395399314
4.0068707743988,3.1203314014204,1,1,1,-1.1846239425958,-1.60105728857468,0,-0.390966667007697,1,59,28,3.54022433282071,3.54022433282071,-1.12316010847739,3.54022433282071,3.54022433282071,-1.12316010847739,0.589815032524438,0.589815032524438,0.425656779816397,0.567596872386972,0.567596872386972,0.444140087942664
3.92428733858418,0.613447223745349,1,1,1,-1.10465536925055,-1.15512796496522,0,-0.390966667007697,1,59,28,2.91702697726727,2.91702697726727,-0.517293638177422,2.91702697726727,2.91702697726727,-0.517293638177422,0.624617433409639,0.624617433409639,0.483157036548733,0.594253204055219,0.594253204055219,0.487387287767534
5.04487412922204,2.16911660048995,0,0,1,-1.35295108726739,-1.97854594002392,0,-0.390966667007697,1,59,28,4.17734098751533,4.17734098751533,-1.8373030492698,4.17734098751533,4.17734098751533,-1.8373030492698,0.576790671541145,0.576790671541145,0.364630798410197,0.557712737273446,0.557712737273446,0.397423077450504
7.86351283416234,7.98972084152175,0,1,1,0.676016359941927,1.09277349275524,0,-0.390966667007697,1,59,28,8.58610518439648,8.58610518439648,5.29195127792799,8.58610518439648,8.58610518439648,5.29195127792799,0.543598336811132,0.543598336811132,0.489769440855652,0.532682156867942,0.532682156867942,0.492339808666751
1.31899836028161,2.04706975374796,0,1,0,0.0661878979547755,-0.379102756994868,0,-0.390966667007697,1,59,28,2.60041810420358,4.84413700456469,2.60041810420358,2.60041810420358,4.84413700456469,2.60041810420358,0.53928072786389,0.539794685358926,0.53928072786389,0.529438817322749,0.529824780441965,0.529438817322749
3.31379902505081,5.12479829968618,0,1,0,0.732378929929279,0.0324329135134171,1,-0.390966667007697,1,59,28,4.34433583866087,9.44538773253984,4.34433583866087,4.34433583866087,9.44538773253984,4.34433583866087,0.545969166647339,0.713516395268028,0.545969166647339,0.534464086947547,0.664901730168461,0.534464086947547
2.47307012120457,-0.219121602874243,1,1,1,-1.05963141113563,-0.714824729122568,0,-0.390966667007697,1,59,28,2.62403190726021,2.62403190726021,0.0130575138950569,2.62403190726021,2.62403190726021,0.0130575138950569,0.650007245623214,0.650007245623214,0.522006679994008,0.613990240215219,0.613990240215219,0.516481629406328
8.06011885352355,5.11190559424602,1,0,1,1.25536731514149,-0.718278620016159,0,-0.390966667007697,1,59,28,7.25552525152804,7.25552525152804,4.63960107555572,7.25552525152804,7.25552525152804,4.63960107555572,0.697057048126943,0.697057048126943,0.521773432703896,0.651452768308812,0.651452768308812,0.516306834952517
3.85671704749149,2.20101385915184,0,0,1,-0.800025586478992,-0.697581257462892,0,-0.390966667007697,1,59,28,3.13613224563153,3.13613224563153,0.549512634868016,3.13613224563153,3.13613224563153,0.549512634868016,0.597504921879489,0.597504921879489,0.523154209031498,0.573453731311542,0.573453731311542,0.51734163340619
9.45491890603936,5.73973067960965,0,1,1,0.639618819147993,0.55439482759576,0,-0.390966667007697,1,59,28,7.08813115604557,7.08813115604557,4.68077753118064,7.08813115604557,7.08813115604557,4.68077753118064,0.579275211630111,0.579275211630111,0.531592811566561,0.55959504426735,0.55959504426735,0.523668845779034
7.3888381260286,6.17132693448857,1,1,1,0.561653038224526,1.01334558913055,0,-0.390966667007697,1,59,28,8.11066601387884,8.11066601387884,4.9837967308685,8.11066601387884,8.11066601387884,4.9837967308685,0.534842150234369,0.534842150234369,0.497665417911268,0.526106819071634,0.526106819071634,0.498252076361436
7.9868173707765,6.41432597437332,0,1,1,0.124767206896147,1.27158659109242,0,-0.390966667007697,1,59,28,8.08519852881966,8.08519852881966,4.36826607017361,8.08519852881966,8.08519852881966,4.36826607017361,0.471675312882117,0.471675312882117,0.469844062721271,0.478782242790635,0.478782242790635,0.477408918181977
8.05752942342794,8.62496010257308,0,1,1,0.4995576649521,-0.654508741054526,1,-0.390966667007697,1,59,28,8.72013334625535,8.72013334625535,3.19175165413857,8.72013334625535,8.72013334625535,3.19175165413857,0.667049486498706,0.667049486498706,0.525897251364551,0.627410989399639,0.627410989399639,0.519397743317713
7.17307731853458,3.8744213399388,1,0,1,0.91332777223344,-0.19891758160742,0,-0.390966667007697,1,59,28,6.6144512324209,6.6144512324209,4.47488302814835,6.6144512324209,6.6144512324209,4.47488302814835,0.639138718182442,0.639138718182442,0.544164924598508,0.605506712933525,0.605506712933525,0.53310794144597
6.45279464454458,2.89049821552811,1,1,1,-0.318353800914437,0.753926695285298,0,-0.390966667007697,1,59,28,5.63276962060913,5.63276962060913,2.96436415874532,5.63276962060913,5.63276962060913,2.96436415874532,0.531231657847944,0.531231657847944,0.5192998339861,0.523397934157219,0.523397934157219,0.514453334340134
6.45863999132207,4.09901407155622,1,0,1,0.673808973559456,-1.35313637546918,0,-0.390966667007697,1,59,28,6.7726046875565,6.7726046875565,2.84162663693862,6.7726046875565,6.7726046875565,2.84162663693862,0.513285617061679,0.513285617061679,0.459787185245715,0.50994813388023,0.50994813388023,0.469861190481554
2.10271932090408,0.698422632459763,0,1,0,-0.585677872858057,-0.919019696346841,0,-0.390966667007697,1,59,28,0.756769623225938,3.70136682549938,0.756769623225938,0.756769623225938,3.70136682549938,0.756769623225938,0.506269950414185,0.546624746805398,0.506269950414185,0.504694460252069,0.53495695594417,0.504694460252069
6.27869665014093,0.640095231839968,1,0,0,-0.112466381127205,1.17793210439518,0,-0.390966667007697,1,59,28,3.80014440742966,7.2876684499945,3.80014440742966,3.80014440742966,7.2876684499945,3.80014440742966,0.48064849980181,0.482139356648291,0.48064849980181,0.485507948276813,0.486624904189311,0.485507948276813
5.34821763085237,2.48255908179808,1,1,1,0.415776529097974,-0.746858122172452,0,-0.390966667007697,1,59,28,5.58963705596735,5.58963705596735,2.93184000131239,5.58963705596735,5.58963705596735,2.93184000131239,0.540129943638357,0.540129943638357,0.519799916079198,0.530076563450429,0.530076563450429,0.514828023677217
5.83432940654793,5.03648657492491,0,1,1,-1.05799853651507,-0.99654928712117,1,-0.390966667007697,1,59,28,5.8277091867993,5.8277091867993,-0.265401294862413,5.8277091867993,5.8277091867993,-0.265401294862413,0.731308629762355,0.731308629762355,0.499259117620519,0.67968431891936,0.67968431891936,0.499445293782403
6.62249458038948,6.01681395128238,1,1,1,0.610116545720431,-0.999651361817656,0,-0.390966667007697,1,59,28,6.16702964009599,6.16702964009599,3.0677267949121,6.16702964009599,6.16702964009599,3.0677267949121,0.542799675185246,0.542799675185246,0.498966783931779,0.532082040259628,0.532082040259628,0.499226421648711
8.05481097869599,9.2168929581033,0,0,0,2.37573632148445,2.24203308300072,0,-0.390966667007697,1,59,28,9.84065079125852,16.9673631365282,9.84065079125852,9.84065079125852,16.9673631365282,9.84065079125852,0.31726524817047,0.872320227437991,0.31726524817047,0.360093182355115,0.811368995439032,0.360093182355115
3.39790505248179,2.82322838923239,1,0,1,-0.336760941195931,-0.296102753594681,0,-0.390966667007697,1,59,28,4.0651972699887,4.0651972699887,1.87752042930235,4.0651972699887,4.0651972699887,1.87752042930235,0.555173530476837,0.555173530476837,0.541909797376274,0.541389628707998,0.541389628707998,0.531413476886615
0.36783802100128,1.72683907016008,1,1,1,-1.65140907133188,0.234391257606363,0,-0.390966667007697,1,59,28,1.93365744187379,1.93365744187379,-0.221281819768502,1.93365744187379,1.93365744187379,-0.221281819768502,0.813435447057669,0.813435447057669,0.543444578320731,0.752361051115157,0.752361051115157,0.532566616068239
1.11524713041796,1.00204728287023,1,1,0,0.260754833300658,-1.46801599013343,0,-0.390966667007697,1,59,28,1.90063874175678,6.15570968904422,1.90063874175678,1.90063874175678,6.15570968904422,1.90063874175678,0.44462142847898,0.452565164304766,0.44462142847898,0.458455940668173,0.46443392699664,0.458455940668173
3.93648415841338,1.50914277811501,1,1,1,0.299709860063711,-0.116383481488486,0,-0.390966667007697,1,59,28,5.44372641869121,5.44372641869121,3.33018130392783,5.44372641869121,5.44372641869121,3.33018130392783,0.555881597938912,0.555881597938912,0.545384063152151,0.541922928571062,0.541922928571062,0.534024251281633
4.44341475228755,3.49177214378648,1,1,1,-0.265836477527782,-0.997346361245101,0,-0.390966667007697,1,59,28,4.41282551327707,4.41282551327707,1.31812574898823,4.41282551327707,4.41282551327707,1.31812574898823,0.507524063567219,0.507524063567219,0.499184089534216,0.50563350754303,0.50563350754303,0.499389119786555
3.70153659541637,2.98398740494631,0,0,1,0.26030853032328,0.0116001478460256,0,-0.390966667007697,1,59,28,5.47949683721153,5.47949683721153,3.37936227378148,5.47949683721153,5.47949683721153,3.37936227378148,0.55393312300466,0.55393312300466,0.546012123861335,0.540455577071433,0.540455577071433,0.53449638066351
2.84447512857089,3.07531045272206,1,1,1,-0.748554791080264,0.0037808918868802,0,-0.390966667007697,1,59,28,3.4538306701587,3.4538306701587,1.35381637501525,3.4538306701587,3.4538306701587,1.35381637501525,0.610509193150932,0.610509193150932,0.546017755797099,0.583398722977719,0.583398722977719,0.534500614572172
6.64373892203045,5.50922958682562,0,1,1,0.893883486550404,-1.19012212579816,0,-0.390966667007697,1,59,28,6.96118058690587,6.96118058690587,3.44478991259154,6.96118058690587,6.96118058690587,3.44478991259154,0.5730777624234,0.5730777624234,0.479287821655388,0.554902416388214,0.554902416388214,0.484488414803034
-5.10114304367671,-8.58020809338282,0,1,0,-3.25195731017601,-1.28083057148725,1,-0.390966667007697,1,59,28,-4.93760012655037,1.80292682630598,-4.93760012655037,-4.93760012655037,1.80292682630598,-4.93760012655037,0.468734194584876,0.996054050484063,0.468734194584876,0.476576444453044,0.989985584849871,0.476576444453044
-1.24611947280802,-5.67491095404731,0,1,0,-2.06958045805618,-1.94425507604002,1,-0.390966667007697,1,59,28,-3.23627092686348,5.6438568738439,-3.23627092686348,-3.23627092686348,5.6438568738439,-3.23627092686348,0.37055585304539,0.879593433941815,0.37055585304539,0.402015941679816,0.819260901063802,0.402015941679816
5.53976790485114,6.18802819931455,1,0,1,-0.439771727574149,0.818101880512411,0,-0.390966667007697,1,59,28,5.55499417755095,5.55499417755095,2.78570349065301,5.55499417755095,5.55499417755095,2.78570349065301,0.537305564500742,0.537305564500742,0.514542382566801,0.527955819019203,0.527955819019203,0.510889431316792
5.097499053967,3.51172111544506,0,1,0,0.113463657239855,0.863754051691955,0,-0.390966667007697,1,59,28,3.93782643146056,6.78389749327482,3.93782643146056,3.93782643146056,6.78389749327482,3.93782643146056,0.510919919147483,0.51243854690062,0.510919919147483,0.50817642299141,0.50931372619659,0.50817642299141
2.06154148430114,-2.8480562452618,0,1,0,-1.64256555550084,0.614820250629957,1,-0.390966667007697,1,59,28,0.176834204917171,5.65483814550185,0.176834204917171,0.176834204917171,5.65483814550185,0.176834204917171,0.528268880799707,0.86755947235803,0.528268880799707,0.521175903476516,0.806288253664801,0.521175903476516
7.59139319948059,6.02171652234272,0,1,1,0.16953066705157,-2.07498704483224,0,-0.390966667007697,1,59,28,7.51679059078144,7.51679059078144,1.11121935455979,7.51679059078144,7.51679059078144,1.11121935455979,0.350734653642398,0.350734653642398,0.34763756488826,0.386590629220195,0.386590629220195,0.384163964121632
1.75856038726268,-0.0777910262897581,1,1,1,-1.30277343874745,-0.11083161569312,0,-0.390966667007697,1,59,28,2.24305021913801,2.24305021913801,0.130766572100865,2.24305021913801,2.24305021913801,0.130766572100865,0.728504913077934,0.728504913077934,0.545443147770014,0.677336667090113,0.677336667090113,0.534068664477887
2.64701855775734,-1.15803280053657,1,1,0,-0.348481506154313,-0.819188276005022,0,-0.390966667007697,1,59,28,1.33099377697524,4.10206320851933,1.33099377697524,1.33099377697524,4.10206320851933,1.33099377697524,0.514458477254673,0.52876458762686,0.514458477254673,0.510826585571192,0.521547622889539,0.510826585571192
8.95823285843336,6.63341151681254,1,1,1,-2.44592309612383,2.45719525882429,0,-0.390966667007697,1,59,28,8.5503026718541,8.5503026718541,0.41249413186553,8.5503026718541,8.5503026718541,0.41249413186553,0.868704602087376,0.868704602087376,0.277106505546402,0.807504440499726,0.807504440499726,0.327341054246447
6.78482252803627,2.09795099485855,0,1,0,0.30010613118338,1.02201085228289,1,-0.390966667007697,1,59,28,4.46936817993854,10.6138743621225,4.46936817993854,4.46936817993854,10.6138743621225,4.46936817993854,0.496832823756519,0.623031399929383,0.496832823756519,0.497628699523199,0.593029269379218,0.497628699523199
6.76295563745864,3.35984196133326,0,0,0,0.641904990964684,1.69301111085639,0,-0.390966667007697,1,59,28,5.82396615807465,10.7902527795579,5.82396615807465,5.82396615807465,10.7902527795579,5.82396615807465,0.411718516012793,0.459543054835249,0.411718516012793,0.433569163165115,0.469677835007654,0.433569163165115
3.80856794716004,2.8386810862486,1,1,1,-0.894191605341139,0.439604358380993,0,-0.390966667007697,1,59,28,3.79161820489517,3.79161820489517,1.49836621298761,3.79161820489517,3.79161820489517,1.49836621298761,0.628577672537589,0.628577672537589,0.536955271480779,0.597313618341939,0.597313618341939,0.527692855604641
12.1883376725501,9.10150518533785,0,0,1,0.66604050303277,0.905314738694925,1,-0.390966667007697,1,59,28,11.0041355861476,11.0041355861476,5.08454081004936,11.0041355861476,11.0041355861476,5.08454081004936,0.670998468984417,0.670998468984417,0.507450075011852,0.630543286784834,0.630543286784834,0.505578105948758
5.95500415744489,3.71534033219439,1,1,1,-0.346269723240187,-0.073823567504117,0,-0.390966667007697,1,59,28,4.18623197042344,4.18623197042344,2.0807820513044,4.18623197042344,4.18623197042344,2.0807820513044,0.559763375886413,0.559763375886413,0.54576320465543,0.544848077531439,0.544848077531439,0.534309255421704
1.97048754735706,-0.328221536506989,1,0,1,-1.04248620692718,-0.247323507457186,0,-0.390966667007697,1,59,28,2.67601806131828,2.67601806131828,0.51484914397735,2.67601806131828,2.67601806131828,0.51484914397735,0.665371781678198,0.665371781678198,0.543152583484055,0.626082914546582,0.626082914546582,0.532347206687325
7.26727753609222,5.14553313494972,1,1,1,-0.00914989123747911,0.648551022377928,0,-0.390966667007697,1,59,28,5.99801473381932,5.99801473381932,3.47739630519186,5.99801473381932,5.99801473381932,3.47739630519186,0.5262726519071,0.5262726519071,0.526262796992566,0.519679175769551,0.519679175769551,0.519671787544222
3.96149740169127,3.3645930534391,0,0,0,0.176129465525897,0.455795150843877,1,-0.390966667007697,1,59,28,3.65519914718457,8.96294836671736,3.65519914718457,3.65519914718457,8.96294836671736,3.65519914718457,0.536274368418702,0.653182245005081,0.536274368418702,0.527181742177888,0.616479174297007,0.527181742177888
6.80713329602895,4.01083378307241,0,1,1,0.683015992562633,-0.721201123187331,0,-0.390966667007697,1,59,28,6.1121069873135,6.1121069873135,3.49197592722683,6.1121069873135,6.1121069873135,3.49197592722683,0.576079775135666,0.576079775135666,0.5215751857117,0.55717441765729,0.55717441765729,0.51615827224916
8.65162508253569,6.15646348095029,1,1,1,1.76988377624305,-1.59383112323782,0,-0.390966667007697,1,59,28,9.43337914393871,9.43337914393871,4.79308149453716,9.43337914393871,9.43337914393871,4.79308149453716,0.766690630896588,0.766690630896588,0.426724049721615,0.709978543744971,0.709978543744971,0.444947644018363
10.9033911266471,10.0651714804379,1,1,1,2.53178492027534,0.440413679567403,0,-0.390966667007697,1,59,28,10.6450927945571,10.6450927945571,8.35112858540697,10.6450927945571,10.6450927945571,8.35112858540697,0.962568892870683,0.962568892870683,0.536921823240268,0.926479564815708,0.926479564815708,0.527667746848209
-1.77343473827215,1.03293760679991,1,1,0,-0.55518442143955,-0.426050270786454,0,-0.390966667007697,1,59,28,1.31072595162334,3.59224478486055,1.31072595162334,1.31072595162334,3.59224478486055,1.31072595162334,0.537506256315642,0.573442018796297,0.537506256315642,0.528106483442513,0.555177989478911,0.528106483442513
7.86745950143251,5.6905975345496,0,1,1,1.37628932240114,0.780916923468848,0,-0.390966667007697,1,59,28,9.09047187492007,9.09047187492007,6.38064063356001,9.09047187492007,9.09047187492007,6.38064063356001,0.724518941181699,0.724518941181699,0.517346672015432,0.67401110605291,0.67401110605291,0.512990046599021
7.47749977847294,4.23661217860654,1,0,1,0.978958332487664,-1.10662205475132,0,-0.390966667007697,1,59,28,7.02305204757494,7.02305204757494,3.6984396755129,7.02305204757494,7.02305204757494,3.6984396755129,0.600132109478564,0.600132109478564,0.488332188076931,0.575458603980611,0.575458603980611,0.491263481548102
8.38475633437783,7.86584702491998,0,1,1,2.01691187597525,0.418833549637572,0,-0.390966667007697,1,59,28,9.57522390917897,9.57522390917897,7.29980236687696,9.57522390917897,9.57522390917897,7.29980236687696,0.89080545041397,0.89080545041397,0.537792548508842,0.831761206372147,0.831761206372147,0.52832141781882
1.49904778428449,1.56468888541008,1,1,1,-2.62543103312441,1.06751689940125,0,-0.390966667007697,1,59,28,1.90339222894857,1.90339222894857,-1.33620010155869,1.90339222894857,1.90339222894857,-1.33620010155869,0.96439289338746,0.96439289338746,0.492344442060411,0.929410354536073,0.929410354536073,0.494268024191104
2.17639533421664,1.58518291117913,1,1,1,-0.776738710986665,0.73518409326267,0,-1.82469300158202,0,50,29,0.757513678990715,0.757513678990715,-1.88298197199574,0.757513678990715,0.757513678990715,-1.88298197199574,0.821748001810256,0.821748001810256,0.775247573930361,0.760251884794277,0.760251884794277,0.71751362489354
4.19113595998439,4.52409466071349,1,1,1,0.545173409025162,-1.20768977483174,0,-1.82469300158202,0,50,29,4.31935686026105,4.31935686026105,0.760842268027915,4.31935686026105,4.31935686026105,0.760842268027915,0.769349916922586,0.769349916922586,0.743163457047103,0.712310717633897,0.712310717633897,0.689691690343907
3.48424836498711,3.29100199535278,1,1,1,-0.124914869597801,0.925896362915935,0,-1.82469300158202,0,50,29,2.37794978564295,2.37794978564295,-0.579334289218011,2.37794978564295,2.37794978564295,-0.579334289218011,0.765837029693048,0.765837029693048,0.764494622416995,0.709231723622261,0.709231723622261,0.708058974958635
1.28439281400171,5.1249854448612,0,1,1,-0.142257365757565,-0.954410060341637,0,-1.82469300158202,0,50,29,2.39687928174379,2.39687928174379,-0.61401928153754,2.39687928174379,2.39687928174379,-0.61401928153754,0.764390428360362,0.764390428360362,0.762641270735187,0.707968037317559,0.707968037317559,0.706443298721033
-0.869058028412108,0.545243641477103,1,1,1,-1.37778805564899,0.310844879332343,0,-1.82469300158202,0,50,29,-0.888456122313249,-0.888456122313249,-3.08508066132039,-0.888456122313249,-0.888456122313249,-3.08508066132039,0.904073078406939,0.904073078406939,0.7897404139154,0.847145542177854,0.847145542177854,0.730489915805719
3.07701549603856,3.02745242850812,1,0,1,-0.43003201007102,0.869597024693082,0,-1.82469300158202,0,50,29,1.66663041519061,1.66663041519061,-1.18956857016445,1.66663041519061,1.66663041519061,-1.18956857016445,0.783382844049587,0.783382844049587,0.767962646875315,0.724763022072392,0.724763022072392,0.711093038099248
2.10905017134143,2.7203148832962,1,0,1,-0.74607679321685,1.04807975501747,0,-1.82469300158202,0,50,29,1.37681303642136,1.37681303642136,-1.82165813645611,1.37681303642136,1.37681303642136,-1.82165813645611,0.801909686837681,0.801909686837681,0.75608152637911,0.741613585287837,0.741613585287837,0.700756082873185
-0.624111779377751,0.693830898514973,1,1,0,0.275485795238146,-0.568875010961174,0,-1.82469300158202,0,50,29,0.221467040453883,2.64508581854996,0.221467040453883,0.221467040453883,2.64508581854996,0.221467040453883,0.782412829172458,0.788549614956051,0.782412829172458,0.723894074243076,0.729412988001148,0.723894074243076
7.06237211930249,6.22772855305262,1,1,1,0.826837030957417,-0.677021037373248,1,-1.82469300158202,0,50,29,6.88252699693837,6.88252699693837,1.32416951189242,6.88252699693837,6.88252699693837,1.32416951189242,0.88774699618745,0.88774699618745,0.777980124806143,0.828308725484442,0.828308725484442,0.719939042465111
5.1755566905271,4.09264222434728,0,1,1,-1.05957057792569,0.786385282050969,1,-1.82469300158202,0,50,29,3.2697561059526,3.2697561059526,-2.44864570587379,3.2697561059526,3.2697561059526,-2.44864570587379,0.904735774936201,0.904735774936201,0.772634636861434,0.847932569616181,0.847932569616181,0.715203193569957
6.1538751796884,5.88414690732975,1,1,1,-0.149380946752512,-0.201772960174178,1,-1.82469300158202,0,50,29,4.51244588393002,4.51244588393002,-0.628266443527432,4.51244588393002,4.51244588393002,-0.628266443527432,0.861473648479538,0.861473648479538,0.791518250298695,0.79988534142105,0.79988534142105,0.732101474613273
2.1577538022099,4.65154514580743,1,1,1,-0.283392042501622,1.13865817807172,0,-1.82469300158202,0,50,29,2.50025381146397,2.50025381146397,-0.896288635025653,2.50025381146397,2.50025381146397,-0.896288635025653,0.756177006524017,0.756177006524017,0.749027677998733,0.700838520063698,0.700838520063698,0.694692905711791
2.32772442825008,3.82305357109313,1,0,1,-1.37158156953421,-0.178073755574146,1,-1.82469300158202,0,50,29,2.05904257333344,2.05904257333344,-3.07266768909084,2.05904257333344,2.05904257333344,-3.07266768909084,0.939255317185914,0.939255317185914,0.791803487491044,0.891994333350351,0.891994333350351,0.732360453506408
8.09977345855527,8.94700191429851,1,1,1,3.14241259503383,0.500162874213946,0,-1.82469300158202,0,50,29,8.3054835407872,8.3054835407872,5.95532064004525,8.3054835407872,8.3054835407872,5.95532064004525,0.997924106811406,0.997924106811406,0.784803331043751,0.994580646754239,0.994580646754239,0.726037789951281
0.981685469458915,0.225498407888896,1,1,0,0.205966027919954,0.956518585816042,0,-1.82469300158202,0,50,29,0.0824275058174995,3.09735531082902,0.0824275058174995,0.0824275058174995,3.09735531082902,0.0824275058174995,0.762501597709285,0.76615980902052,0.762501597709285,0.706321697902459,0.70951402393646,0.706321697902459
4.15328414763272,3.92768125597076,1,1,1,0.831041988624511,0.283227254687125,0,-1.82469300158202,0,50,29,3.51279710502422,3.51279710502422,1.33257942722661,3.51279710502422,3.51279710502422,1.33257942722661,0.840142674688119,0.840142674688119,0.790263211543749,0.778176659013711,0.778176659013711,0.730963351462747
3.54548639730267,2.51402764656321,0,1,1,-0.0651663578805796,-0.90767597886837,0,-1.82469300158202,0,50,29,2.46403841683109,2.46403841683109,-0.459837265783568,2.46403841683109,2.46403841683109,-0.459837265783568,0.766009261439121,0.766009261439121,0.765644602912038,0.709382340923391,0.709382340923391,0.70906348692576
4.73756218183294,4.47640604027309,1,1,1,0.68596111730737,-1.21104877158979,0,-1.82469300158202,0,50,29,4.60905681176147,4.60905681176147,1.04241768459233,4.60905681176147,4.60905681176147,1.04241768459233,0.783499988183604,0.783499988183604,0.742867050297936,0.724868046157644,0.724868046157644,0.689439823637491
1.56442165753923,0.901732151264572,1,1,0,0.0264250174883544,0.977499149749694,0,-1.82469300158202,0,50,29,-0.2766545150457,2.77885007271567,-0.2766545150457,-0.2766545150457,2.77885007271567,-0.2766545150457,0.761091976928747,0.761152735489492,0.761091976928747,0.705095714973354,0.70514851157857,0.705095714973354
2.28299639328408,1.76175524263854,1,1,1,-1.54150740626236,0.847636254388225,0,-1.82469300158202,0,50,29,-0.594032142793839,-0.594032142793839,-3.41251936254714,-0.594032142793839,-0.594032142793839,-3.41251936254714,0.913368062268013,0.913368062268013,0.769247637884698,0.858362383628557,0.858362383628557,0.712220862954333
8.26740898304746,10.9120412426893,1,1,1,2.84993889117016,-1.21133753391354,0,-1.82469300158202,0,50,29,8.93771185338564,8.93771185338564,5.37037323231791,8.93771185338564,8.93771185338564,5.37037323231791,0.993674037775978,0.993674037775978,0.742841520675717,0.9844266744785,0.9844266744785,0.689418134341367
2.34051345421972,3.04324536186041,1,1,1,0.0910641166946481,0.0943500749774751,0,-1.82469300158202,0,50,29,1.96152562001514,1.96152562001514,-0.147376316633113,1.96152562001514,1.96152562001514,-0.147376316633113,0.793179166352559,0.793179166352559,0.79252494355833,0.733611133502201,0.733611133502201,0.733016015314371
-0.580748063699043,-0.461057603020345,0,0,0,-0.551633701556607,1.02931442754353,0,-1.82469300158202,0,50,29,-1.43277195313562,1.72671623761364,-1.43277195313562,-1.43277195313562,1.72671623761364,-1.43277195313562,0.757454494658993,0.783224569948891,0.757454494658993,0.701942460312959,0.724621152710725,0.701942460312959
4.05152913709137,4.85713694226272,1,1,1,0.0571187156015923,-0.335062058854196,1,-1.82469300158202,0,50,29,4.99699946446439,4.99699946446439,-0.215267118819224,4.99699946446439,4.99699946446439,-0.215267118819224,0.858691115543537,0.858691115543537,0.789241128606425,0.796990661907364,0.796990661907364,0.730038132539639
4.10352392947067,3.42745551873398,1,1,1,-0.15185172602032,-1.57238155087517,0,-1.82469300158202,0,50,29,3.93917573946956,3.93917573946956,-0.633208002063049,3.93917573946956,3.93917573946956,-0.633208002063049,0.706839042740751,0.706839042740751,0.704559279418907,0.659421002333395,0.659421002333395,0.657557636606328
3.31050471102194,1.30665225425639,1,1,1,-0.117054546642483,-0.200686053822145,0,-1.82469300158202,0,50,29,1.57666124889133,1.57666124889133,-0.563613643307376,1.57666124889133,1.57666124889133,-0.563613643307376,0.792615961004527,0.792615961004527,0.79153211718072,0.733098772911731,0.733098772911731,0.732114062246724
-0.0176797507225354,-0.0300541502218974,0,1,0,0.209598499594825,1.05198354781629,0,-1.82469300158202,0,50,29,0.0896924491672419,3.29636183404338,0.0896924491672419,0.0896924491672419,3.29636183404338,0.0896924491672419,0.755792144581963,0.759650315408958,0.755792144581963,0.70050629256795,0.703844196760484,0.70050629256795
5.11869173395022,5.10122238644003,1,1,1,-0.151517367066316,-0.772817016464368,1,-1.82469300158202,0,50,29,5.06470685678185,5.06470685678185,-0.632539284155041,5.06470685678185,5.06470685678185,-0.632539284155041,0.848130617934308,0.848130617934308,0.773346224835595,0.786180496113255,0.786180496113255,0.715831555304182
-4.11493762383424,-1.05240330350091,0,1,0,-1.46740192225388,1.50519831050848,0,-1.82469300158202,0,50,29,-3.26430839453017,1.10131355942741,-3.26430839453017,-3.26430839453017,1.10131355942741,-3.26430839453017,0.712689944521792,0.874859773878378,0.712689944521792,0.664221488464987,0.814106275295202,0.664221488464987
11.6974003670468,12.7092067437138,1,1,1,0.960797826711272,-2.25328350566318,1,-1.82469300158202,0,50,29,11.7693776602939,11.7693776602939,1.59209110340014,11.7693776602939,11.7693776602939,1.59209110340014,0.78417727275982,0.78417727275982,0.592652681864832,0.725475619243281,0.725475619243281,0.569756177550934
6.83275853017475,7.32559562022008,0,1,1,-0.108753605149446,-1.31440135951966,1,-1.82469300158202,0,50,29,6.28063917358582,6.28063917358582,-0.5470117603213,6.28063917358582,6.28063917358582,-0.5470117603213,0.817014270517084,0.817014270517084,0.733230976565143,0.755743365273188,0.755743365273188,0.68129809544078
5.10834179614668,6.95634336615147,1,1,1,1.67647991262903,-0.0956111013708188,0,-1.82469300158202,0,50,29,5.132596757941,5.132596757941,3.02345527523566,5.132596757941,5.132596757941,3.02345527523566,0.937501071408984,0.937501071408984,0.792517375676608,0.889583644544967,0.889583644544967,0.733009134757343
3.77805105977347,4.83486341781957,1,1,1,0.635904164685363,0.664140014903867,0,-1.82469300158202,0,50,29,3.48338573874483,3.48338573874483,0.942303779348316,3.48338573874483,3.48338573874483,0.942303779348316,0.810235044553083,0.810235044553083,0.778551921282238,0.74935491581027,0.74935491581027,0.720447780858128
5.24461555957403,3.97339910636169,0,1,1,0.203886645191734,-0.345277423729838,1,-1.82469300158202,0,50,29,5.29748523969857,5.29748523969857,0.0782687403610591,5.29748523969857,5.29748523969857,0.0782687403610591,0.860768976737638,0.860768976737638,0.789019022400513,0.799150364426654,0.799150364426654,0.729837270225933
0.717467216776401,0.488564529954301,1,1,0,-0.0217041643641891,-0.145409175280685,0,-1.82469300158202,0,50,29,-0.372912878750787,1.74823094950502,-0.372912878750787,-0.372912878750787,1.74823094950502,-0.372912878750787,0.792137938705247,0.792175191112815,0.792137938705247,0.73266426451959,0.732698114055964,0.73266426451959
0.771925952413463,0.631521271321599,1,1,1,-0.833533747115799,-0.703618721490532,0,-1.82469300158202,0,50,29,0.598507260977964,0.598507260977964,-1.99657204425401,0.598507260977964,0.598507260977964,-1.99657204425401,0.829363645389351,0.829363645389351,0.776761308422525,0.76759199200735,0.76759199200735,0.718856041782537
3.420926681342,2.77738767086208,1,0,1,0.201782424992476,-0.279781734308946,0,-1.82469300158202,0,50,29,2.25233811881546,2.25233811881546,0.0740602999625422,2.25233811881546,2.25233811881546,0.0740602999625422,0.793547187763686,0.793547187763686,0.790324963383911,0.733946179152371,0.733946179152371,0.731019298305002
4.38439999200188,4.11368963870891,1,0,1,0.982070895957016,-0.625661713472583,0,-1.82469300158202,0,50,29,4.12608982159707,4.12608982159707,1.63463724189162,4.12608982159707,4.12608982159707,1.63463724189162,0.849610293123952,0.849610293123952,0.780188932143942,0.787679002691676,0.787679002691676,0.72190660741346
3.13226356295797,2.93393474578273,1,1,1,0.438105767079255,0.84264120296156,0,-1.82469300158202,0,50,29,3.35675118106461,3.35675118106461,0.546706984136101,3.35675118106461,3.35675118106461,0.546706984136101,0.785449723369308,0.785449723369308,0.769534667486387,0.726618778178484,0.726618778178484,0.712473057608043
0.823498267118857,2.17262469676676,1,1,0,0.7448754582189,1.30997380378504,0,-1.82469300158202,0,50,29,1.16024636641539,4.97627773301843,1.16024636641539,1.16024636641539,4.97627773301843,1.16024636641539,0.733664606088246,0.782239180122362,0.733664606088246,0.681662589817134,0.72373865055568,0.681662589817134
4.04369140132657,7.59546063090321,1,1,1,1.63921447777468,-0.0857379263627125,0,-1.82469300158202,0,50,29,5.05627539754394,5.05627539754394,2.94892440552696,5.05627539754394,5.05627539754394,2.94892440552696,0.933864382064447,0.933864382064447,0.792573937167353,0.884654023901729,0.884654023901729,0.733060561259724
1.07533236049462,2.66218683452228,1,1,1,-0.637769885852033,0.534489117603689,0,-1.82469300158202,0,50,29,0.780634295110295,0.780634295110295,-1.60504432172648,0.780634295110295,0.780634295110295,-1.60504432172648,0.814967819656361,0.814967819656361,0.783649830963146,0.753806568430655,0.753806568430655,0.725002412692538
0.0747458352907873,1.57622148731531,1,1,1,-2.07207121300289,-0.71745163671148,1,-1.82469300158202,0,50,29,1.1410898749918,1.1410898749918,-4.47364697602818,1.1410898749918,1.1410898749918,-4.47364697602818,0.978898242229948,0.978898242229948,0.776106979566002,0.954401298986461,0.954401298986461,0.718275409908028
2.03954355054961,3.32132243537798,1,1,1,-0.304712024823973,-0.12068020985359,0,-1.82469300158202,0,50,29,1.17563511337995,1.17563511337995,-0.938928599670354,1.17563511337995,1.17563511337995,-0.938928599670354,0.79959147145146,0.79959147145146,0.792346020750977,0.739477478702011,0.739477478702011,0.732853364603385
0.46293555001063,1.08080143634654,1,1,0,0.14564387261388,0.0999895931231456,0,-1.82469300158202,0,50,29,-0.0382168047946485,2.07178111393828,-0.0382168047946485,-0.0382168047946485,2.07178111393828,-0.0382168047946485,0.792490317031378,0.794161042137894,0.792490317031378,0.732984534288447,0.734505468866806,0.732984534288447
0.745260758043376,0.71650320549845,1,1,1,-0.348117430639438,0.163965727598543,0,-1.82469300158202,0,50,29,1.10114534852564,1.10114534852564,-1.02573941130128,1.10114534852564,1.10114534852564,-1.02573941130128,0.801388938515468,0.801388938515468,0.791956272869304,0.741133022952007,0.741133022952007,0.732499221774455
9.6122869106422,12.3749645242529,1,1,1,0.360266228750201,-2.14129461200223,1,-1.82469300158202,0,50,29,10.0761705228678,10.0761705228678,0.391027907477993,10.0761705228678,10.0761705228678,0.391027907477993,0.731996644365784,0.731996644365784,0.614927112071423,0.680261506063845,0.680261506063845,0.586790008207849
-1.26043192947163,0.625380691026432,1,1,0,-0.34484020663332,-0.342919639759635,0,-1.82469300158202,0,50,29,-1.01918496328905,1.19840891604383,-1.01918496328905,-1.01918496328905,1.19840891604383,-1.01918496328905,0.789070893070627,0.798422115308248,0.789070893070627,0.729884173399012,0.738403101737502,0.729884173399012
2.51958675534426,4.04554756705953,1,1,1,-0.019552268817362,0.568608882435118,0,-1.82469300158202,0,50,29,2.05470697352698,2.05470697352698,-0.368609087657133,2.05470697352698,2.05470697352698,-0.368609087657133,0.78245393833434,0.78245393833434,0.782422718409066,0.723930874669586,0.723930874669586,0.723902926762729
5.85098492722608,4.77780772052781,1,1,1,0.0303267105367067,0.279947224959273,1,-1.82469300158202,0,50,29,4.9095193198134,4.9095193198134,-0.268851128948996,4.9095193198134,4.9095193198134,-0.268851128948996,0.859349783532673,0.859349783532673,0.79032201497417,0.797674065766124,0.797674065766124,0.731016626938423
5.33072050264951,3.71192488459575,0,1,1,-1.28635334978442,-0.595432751391057,1,0.128544462812704,1,52,30,5.26987703154942,5.26987703154942,-0.184663129879708,5.26987703154942,5.26987703154942,-0.184663129879708,0.755996823398487,0.755996823398487,0.468132635946485,0.700682958984732,0.700682958984732,0.476125189827209
5.1460915958134,3.64720424422894,0,1,0,-0.0440555785978776,1.34049793801265,0,0.128544462812704,1,52,30,4.23586310189709,8.13279782371326,4.23586310189709,4.23586310189709,8.13279782371326,4.23586310189709,0.40124923254954,0.401469799786575,0.40124923254954,0.425595783506647,0.425764091926405,0.425595783506647
13.0823452398314,10.3430548210179,0,0,1,1.1389635321855,-1.93551984870448,1,0.128544462812704,1,52,30,12.1721206214757,12.1721206214757,3.32588353674671,12.1721206214757,12.1721206214757,3.32588353674671,0.57847569865444,0.57847569865444,0.316512161725318,0.558989170462375,0.558989170462375,0.359489448487488
5.09165224129864,3.77397775266255,1,0,1,-0.371782874550353,-0.403580103976503,0,0.128544462812704,1,52,30,4.09920736832867,4.09920736832867,1.83633046800298,4.09920736832867,4.09920736832867,1.83633046800298,0.49345334804602,0.49345334804602,0.47715481932403,0.495098348646512,0.495098348646512,0.482889966398503
3.18744323879175,0.237579232686573,1,1,1,-1.84817669498306,0.0456747243877034,0,0.128544462812704,1,52,30,1.43488383594967,1.43488383594967,-0.667202344498218,1.43488383594967,1.43488383594967,-0.667202344498218,0.826955460679735,0.826955460679735,0.48473493433289,0.76525903353706,0.76525903353706,0.488569254082707
6.88479374763431,7.41552374080644,0,1,1,1.20343926408514,-0.983802177035137,0,0.128544462812704,1,52,30,7.47441939575441,7.47441939575441,4.40655267221533,7.47441939575441,7.47441939575441,4.40655267221533,0.608400785225086,0.608400785225086,0.43942167357936,0.581782620826152,0.581782620826152,0.454537472846371
10.7012660955229,6.87329551345948,1,1,1,0.970953781747693,-0.185522282193152,1,0.128544462812704,1,52,30,9.87428011957258,9.87428011957258,4.73986160238243,9.87428011957258,9.87428011957258,4.73986160238243,0.701050255397029,0.701050255397029,0.483210055096805,0.654697104802899,0.654697104802899,0.4874270046195
14.9369217798886,11.4148930037433,0,1,1,0.684396291813707,1.68593768702936,1,0.128544462812704,1,52,30,13.9805924762829,13.9805924762829,6.03820659173696,13.9805924762829,13.9805924762829,6.03820659173696,0.52392923188171,0.52392923188171,0.354741918876804,0.517922515915815,0.517922515915815,0.389723552795127
9.79254501968317,8.6441977117156,0,1,1,0.831294791913818,1.44624059915561,0,0.128544462812704,1,52,30,10.2839183747094,10.2839183747094,6.09230650406344,10.2839183747094,10.2839183747094,6.09230650406344,0.467688537633907,0.467688537633907,0.387928520641036,0.475792031500532,0.475792031500532,0.415402800173289
5.87368495556844,5.0547549263463,0,1,0,0.515428788804025,0.387732795063869,0,0.128544462812704,1,52,30,4.40206669375211,6.65240341412015,4.40206669375211,4.40206669375211,6.65240341412015,4.40206669375211,0.477745680732401,0.509085309274769,0.477745680732401,0.483332780239839,0.506802575926718,0.483332780239839
6.79149746965321,4.4667070044955,1,1,1,-0.0329831989571548,-1.7928446051968,0,0.128544462812704,1,52,30,6.43895709635237,6.43895709635237,1.12466531796908,6.43895709635237,6.43895709635237,1.12466531796908,0.338878757438556,0.338878757438556,0.338763120207296,0.377274887736332,0.377274887736332,0.377183667095904
7.86275858481034,5.96065368483698,1,1,1,0.612380649437011,-0.428110793763178,0,0.128544462812704,1,52,30,6.06340567792758,6.06340567792758,3.78012682619104,6.06340567792758,6.06340567792758,3.78012682619104,0.520425202028643,0.520425202028643,0.476193661995782,0.515296542835355,0.515296542835355,0.482169589399968
10.9526804773219,9.40950929581242,0,1,1,-0.118364768668251,1.29681913878099,1,0.128544462812704,1,52,30,10.8253058012334,10.8253058012334,4.04356592252468,10.8253058012334,10.8253058012334,4.04356592252468,0.525091485067239,0.525091485067239,0.406495738912712,0.518793707153611,0.518793707153611,0.429595372513131
1.33578597386519,-1.29163244295071,0,1,0,-1.8169850839661,1.31203578659403,1,0.128544462812704,1,52,30,0.661541939742016,7.48297984504543,0.661541939742016,0.661541939742016,7.48297984504543,0.661541939742016,0.404685346969042,0.840212692209878,0.404685346969042,0.428216150715721,0.778246205040541,0.428216150715721
2.2741564082483,1.53804530251703,0,0,1,-0.91989396198033,-0.90939490246683,0,0.128544462812704,1,52,30,3.16129258328536,3.16129258328536,0.234293494652703,3.16129258328536,3.16129258328536,0.234293494652703,0.545537710537866,0.545537710537866,0.445988604128011,0.534139747132934,0.534139747132934,0.459485482254795
5.57224242642468,3.19853686733179,0,1,1,-0.573868936829335,-0.00599299234465384,0,0.128544462812704,1,52,30,3.92978137103411,3.92978137103411,1.82974545507687,3.92978137103411,3.92978137103411,1.82974545507687,0.523678064340566,0.523678064340566,0.484831639683938,0.517734260432396,0.517734260432396,0.488641690123367
6.52200228678171,1.98719317102641,1,1,1,-0.681385326089101,-0.0849755311955733,0,0.128544462812704,1,52,30,3.64295097860839,3.64295097860839,1.53573013770642,3.64295097860839,3.64295097860839,1.53573013770642,0.539207286005101,0.539207286005101,0.484492751277145,0.529383667662663,0.529383667662663,0.488387847816013
8.4016282033105,8.43093905815049,0,1,1,0.595580188397778,-1.80789852687457,0,0.128544462812704,1,52,30,7.73523525447642,7.73523525447642,2.36673817100118,7.73523525447642,7.73523525447642,2.36673817100118,0.374969026765275,0.374969026765275,0.336462273054112,0.40542750145104,0.40542750145104,0.375367141344379
5.59893845825402,2.10560391937831,1,0,1,-0.46282680815131,-0.406642788138106,0,0.128544462812704,1,52,30,3.9165382737842,3.9165382737842,1.65117991663947,3.9165382737842,3.9165382737842,1.65117991663947,0.502303882749341,0.502303882749341,0.477037906549722,0.501724931814003,0.501724931814003,0.482802344845102
7.13195270767832,5.33421017444464,1,1,1,-0.181915287566629,0.653595054491017,0,0.128544462812704,1,52,30,5.80042729569307,5.80042729569307,3.27324080043795,5.80042729569307,5.80042729569307,3.27324080043795,0.46860699839975,0.46860699839975,0.464717821158458,0.47648103195344,0.47648103195344,0.473562941713835
7.50956158380449,4.70143105706942,0,1,1,0.193658450939227,0.19606059496475,0,0.128544462812704,1,52,30,5.70529357482133,5.70529357482133,3.5668538179234,5.70529357482133,5.70529357482133,3.5668538179234,0.487442976339222,0.487442976339222,0.483020422966574,0.490597536161591,0.490597536161591,0.487284948209113
5.46093036753146,3.53103336473067,0,1,1,-0.311118363034162,-0.860970258241713,0,0.128544462812704,1,52,30,4.34153912234696,4.34153912234696,1.50026933677016,4.34153912234696,4.34153912234696,1.50026933677016,0.461331952827349,0.461331952827349,0.449994061095271,0.471021237142913,0.471021237142913,0.462500092776828
1.721023399475,0.464396918486776,1,1,0,-0.584864775806921,0.147821771993875,0,0.128544462812704,1,52,30,1.96156854146023,4.08341981773564,1.96156854146023,1.96156854146023,4.08341981773564,1.96156854146023,0.483802725821132,0.524150903793753,0.483802725821132,0.487870972454526,0.518088667406648,0.487870972454526
5.33818141897021,4.38820884219816,0,1,1,0.299488471446621,-0.219565302462198,0,0.128544462812704,1,52,30,5.51109688355655,5.51109688355655,3.36288796151124,5.51109688355655,5.51109688355655,3.36288796151124,0.493139230240933,0.493139230240933,0.482559751798215,0.494863146652433,0.494863146652433,0.486939844827274
-2.6770806040124,-2.09417442484992,0,1,0,-1.78683876129295,-1.25801537088906,0,0.128544462812704,1,52,30,-1.84821657239476,1.83438610099837,-1.84821657239476,-1.84821657239476,1.83438610099837,-1.84821657239476,0.411027292914163,0.76010873004402,0.411027292914163,0.433043665479913,0.704241896152849,0.433043665479913
8.79826558305827,7.63405830568797,0,1,1,0.669979779876692,-1.76973869116561,0,0.128544462812704,1,52,30,7.78567222467653,7.78567222467653,2.55369718966797,7.78567222467653,7.78567222467653,2.55369718966797,0.391612000705526,0.391612000705526,0.342271155713845,0.418227168110256,0.418227168110256,0.379947830127717
7.33885809670473,3.78841824330437,0,1,1,0.564539010863532,-0.431596709363055,0,0.128544462812704,1,52,30,5.96723335297722,5.96723335297722,3.6809576334442,5.96723335297722,5.96723335297722,3.6809576334442,0.513645992511019,0.513645992511019,0.47605249038896,0.510218042948097,0.510218042948097,0.482063777528258
8.43437213638733,5.18833227427686,0,1,1,0.47647579186432,-1.23701896367747,0,0.128544462812704,1,52,30,6.32962485762905,6.32962485762905,2.69940894113136,6.32962485762905,6.32962485762905,2.69940894113136,0.43966484685189,0.43966484685189,0.413427759882779,0.454720828834566,0.454720828834566,0.434868063291334
5.59287307941048,4.0557875298834,1,1,1,0.145612594670757,-0.215611480305192,0,0.128544462812704,1,52,30,5.20557834055591,5.20557834055591,3.05909003011651,5.20557834055591,5.20557834055591,3.05909003011651,0.48514083651867,0.48514083651867,0.482640886301562,0.488873287758705,0.488873287758705,0.487000626022448
1.99844852351719,0.721933252597703,0,1,0,-0.262387858593838,-0.974095248935392,0,0.128544462812704,1,52,30,1.48460535495713,4.53346690895563,1.48460535495713,1.48460535495713,4.53346690895563,1.48460535495713,0.440306523115631,0.448335894727865,0.440306523115631,0.455204611430591,0.461252408577939,0.455204611430591
11.8904542525576,11.431786412903,0,1,1,0.702912427847194,1.56861245612692,0,0.128544462812704,1,52,30,10.518458670418,10.518458670418,5.9579136329015,10.518458670418,10.518458670418,5.9579136329015,0.427472855664888,0.427472855664888,0.37147563558734,0.445514084737348,0.445514084737348,0.402727611966925
8.14176328612883,6.01753887862456,0,1,1,-0.243363912982687,0.00839824827487702,1,0.128544462812704,1,52,30,7.60521727396378,7.60521727396378,2.5051467433897,7.60521727396378,7.60521727396378,2.5051467433897,0.608184142819767,0.608184142819767,0.484830006998434,0.581616647888409,0.581616647888409,0.488640467182303
9.93691804261875,11.0644103282689,0,1,1,1.25826037305493,-0.131519694919979,1,0.128544462812704,1,52,30,10.4857748024219,10.4857748024219,5.36847737227008,10.4857748024219,10.4857748024219,5.36847737227008,0.761549803379402,0.761549803379402,0.484017495865856,0.70549364993087,0.70549364993087,0.488031851964015
2.66956583178077,2.21601346167287,0,1,1,-0.474168381167154,-0.479871496538154,0,0.128544462812704,1,52,30,3.8855447153975,3.8855447153975,1.55526806220773,3.8855447153975,3.8855447153975,1.55526806220773,0.500493399752726,0.500493399752726,0.473980196166618,0.500369407683877,0.500369407683877,0.480510375167905
9.30451579438125,8.88884231474281,1,0,1,-0.55066803449332,-1.63323205174633,1,0.128544462812704,1,52,30,8.01635513519875,8.01635513519875,0.248908200347225,8.01635513519875,8.01635513519875,0.248908200347225,0.512709811379383,0.512709811379383,0.362369055180044,0.509516885081711,0.509516885081711,0.395665922781409
8.56260836762532,7.06278567241354,0,0,1,0.395745316682465,0.338837222259962,1,0.128544462812704,1,52,30,9.32861483989393,9.32861483989393,4.11380417670509,9.32861483989393,9.32861483989393,4.11380417670509,0.613975159601271,0.613975159601271,0.479419895008332,0.586058694512548,0.586058694512548,0.484587379894799
4.89735387229446,5.49411854536155,0,1,1,0.110983330829595,0.00850637425792702,0,0.128544462812704,1,52,30,5.31402171540033,5.31402171540033,3.21394935699731,5.31402171540033,5.31402171540033,3.21394935699731,0.48628247981634,0.48628247981634,0.484829920784292,0.489728377803263,0.489728377803263,0.488640402604759
4.91517353186033,3.41161731830108,0,1,0,0.38000474656253,-0.738754605440974,0,0.128544462812704,1,52,30,3.00473120876428,5.65048957582453,3.00473120876428,3.00473120876428,5.65048957582453,3.00473120876428,0.459151125729878,0.476124391754209,0.459151125729878,0.469383459868685,0.482117669684237,0.469383459868685
10.238332823849,7.92234205856855,0,1,1,0.241737545617517,-1.54659149930443,1,0.128544462812704,1,52,30,9.41230517873151,9.41230517873151,1.9203599130108,9.41230517873151,9.41230517873151,1.9203599130108,0.496826955648414,0.496826955648414,0.374514674382282,0.497624305954383,0.497624305954383,0.405076626055669
4.16935690918986,2.64056254886456,0,0,0,-0.270247960075903,2.03302876039469,1,0.128544462812704,1,52,30,4.47600916132307,13.709215101915,4.47600916132307,4.47600916132307,13.709215101915,4.47600916132307,0.300809121587319,0.417082440214653,0.300809121587319,0.346814993025553,0.437642832057554,0.346814993025553
0.84632468187306,0.817276190641638,0,1,0,-1.65852418176105,1.51613433154828,0,0.128544462812704,1,52,30,1.18256228910638,5.58122560040574,1.18256228910638,1.18256228910638,5.58122560040574,1.18256228910638,0.378662315152214,0.691215692098547,0.378662315152214,0.408276688696222,0.646727093355038,0.408276688696222
10.0650622769143,8.55257554481456,1,1,1,2.33307453387828,0.0903007936455234,0,0.128544462812704,1,52,30,9.84808041581528,9.84808041581528,7.73992618248227,9.84808041581528,9.84808041581528,7.73992618248227,0.927615464041038,0.927615464041038,0.484448727329463,0.876383839344375,0.876383839344375,0.488354871570729
8.14856071675688,5.55722383896233,1,1,1,1.00595019447915,0.222590205783151,0,0.128544462812704,1,52,30,7.36751331553223,7.36751331553223,5.21796691582164,7.36751331553223,7.36751331553223,5.21796691582164,0.600596458560945,0.600596458560945,0.482496684371753,0.575813176880753,0.575813176880753,0.486892598194448
7.21620136791467,5.11045828449603,1,0,1,0.659825751675489,-1.05787966795195,0,0.128544462812704,1,52,30,6.46435754834535,6.46435754834535,3.24524815647922,6.46435754834535,6.46435754834535,3.24524815647922,0.483386154378513,0.483386154378513,0.432393561629197,0.487558921802231,0.487558921802231,0.449233462585168
3.27929039394871,0.919453210781208,0,1,0,-0.791588962859812,0.913780361710918,0,0.128544462812704,1,52,30,2.31407875707149,5.24907330652002,2.31407875707149,2.31407875707149,5.24907330652002,2.31407875707149,0.445615371592592,0.519354791960723,0.445615371592592,0.459204451827485,0.514494511226549,0.459204451827485
12.7322495426978,10.2960896521622,1,1,1,2.12639785729484,0.0822007246615848,1,0.128544462812704,1,52,30,12.4252297194663,12.4252297194663,7.31847276033145,12.4252297194663,12.4252297194663,7.31847276033145,0.930175270595268,0.930175270595268,0.48451463059131,0.879742238131759,0.879742238131759,0.488404236537385
1.00061733770196,0.763066245894805,0,1,0,-0.37881915929236,-0.717127820399945,0,0.128544462812704,1,52,30,1.50871018209553,4.1229824928871,1.50871018209553,1.50871018209553,4.1229824928871,1.50871018209553,0.460628437301453,0.477501807541338,0.460628437301453,0.470492964420532,0.483150015215342,0.470492964420532
15.9874759535257,16.278081156748,0,1,1,0.773086322387031,2.46536903253901,0,0.128544462812704,1,52,30,15.1730624649956,15.1730624649956,6.99501799839326,15.1730624649956,15.1730624649956,6.99501799839326,0.283070346274699,0.283070346274699,0.228847664463471,0.332283037475544,0.332283037475544,0.286103729281697
6.32559553079837,2.84413940274543,0,1,1,0.00287846433764151,-0.802138800849216,0,0.128544462812704,1,52,30,4.93052110473408,4.93052110473408,2.18709444890626,4.93052110473408,4.93052110473408,2.18709444890626,0.45457400025282,0.45457400025282,0.454573030060015,0.465944218677795,0.465944218677795,0.465943489393887
10.3985980597616,6.32424573461549,0,1,1,0.581841241011553,-0.513642102188759,1,0.128544462812704,1,52,30,8.99734491005543,8.99734491005543,3.63351670091454,8.99734491005543,8.99734491005543,3.63351670091454,0.6276062501832,0.6276062501832,0.472400601709897,0.596562338790259,0.596562338790259,0.479326087793998
2.69647451012229,1.09316963717272,0,0,0,-1.19159547427377,1.85098826008628,0,0.128544462812704,1,52,30,2.45127363261892,7.97743117159614,2.45127363261892,2.45127363261892,7.97743117159614,2.45127363261892,0.329812368769643,0.490664571380406,0.329812368769643,0.370100587195544,0.493010121024821,0.370100587195544
3.86093961948027,3.24342851132375,0,1,0,-0.233674210234801,0.962344530219386,0,0.128544462812704,1,52,30,3.47847243082998,6.50457942567315,3.47847243082998,3.47847243082998,6.50457942567315,3.47847243082998,0.441366413059505,0.447735276143901,0.441366413059505,0.456003542795179,0.460800372706288,0.456003542795179
6.13439682670536,5.47522168732231,0,1,1,-0.103992461572225,-0.369758911289488,0,0.811604334065437,1,42,31,4.00027622297025,4.00027622297025,1.76355457049226,4.00027622297025,4.00027622297025,1.76355457049226,0.400322307118096,0.400322307118096,0.399094934791393,0.42488831413098,0.42488831413098,0.423951130389419
8.53581388772432,9.85726054996711,0,0,1,-0.167397748375859,0.396877485356708,1,0.811604334065437,1,42,31,7.66089213191425,7.66089213191425,2.40338039353119,7.66089213191425,7.66089213191425,2.40338039353119,0.518098612201433,0.518098612201433,0.398151935955593,0.513553368272983,0.513553368272983,0.423230772032731
4.54894697814468,7.82785332119716,0,1,1,-1.3101093195949,1.16593930861214,0,0.811604334065437,1,42,31,4.3464335457155,4.3464335457155,0.88701907434854,4.3464335457155,4.3464335457155,0.88701907434854,0.542510014075518,0.542510014075518,0.345049106988002,0.531864407755986,0.531864407755986,0.382132166133029
6.1725347539242,6.117794130723,0,1,0,0.23364503182332,1.62160086008836,0,0.811604334065437,1,42,31,4.43018932866119,9.15977867810049,4.43018932866119,4.43018932866119,9.15977867810049,4.43018932866119,0.292703253126428,0.298111602829176,0.292703253126428,0.340204415865104,0.344620469182155,0.340204415865104
2.78905887053599,4.75197456899631,0,1,1,-0.941739600715729,-0.766243190760936,0,0.811604334065437,1,42,31,2.3787046401213,2.3787046401213,-0.308423987266196,2.3787046401213,2.3787046401213,-0.308423987266196,0.481174223886395,0.481174223886395,0.378835428350823,0.48590183652074,0.48590183652074,0.40841010889997
1.54314973118213,3.96433380405804,0,1,0,-1.34261013691087,1.38283254323413,0,0.811604334065437,1,42,31,1.03891067433858,5.05113651696594,1.03891067433858,1.03891067433858,5.05113651696594,1.03891067433858,0.321730086733464,0.526661591386885,0.321730086733464,0.363665231704685,0.519970769446926,0.363665231704685
7.72072358286,12.1568666703414,0,1,1,0.43057161158373,0.102659078735659,1,0.811604334065437,1,42,31,8.41563959327617,8.41563959327617,3.30510070682932,8.41563959327617,8.41563959327617,3.30510070682932,0.543512662681128,0.543512662681128,0.404833437985382,0.532617777241333,0.532617777241333,0.428329006958001
6.04286826879042,7.97894460097772,0,1,1,0.0189391644817717,-1.56485874929456,0,0.811604334065437,1,42,31,5.36310088983892,5.36310088983892,0.814317984595182,5.36310088983892,5.36310088983892,0.814317984595182,0.299916039682455,0.299916039682455,0.299880205417779,0.346089024346737,0.346089024346737,0.346059883368855
12.4480779759893,14.7751815137267,1,1,1,1.38963925590025,1.53522626712454,0,0.811604334065437,1,42,31,11.1127228751204,11.1127228751204,6.65580318385123,11.1127228751204,11.1127228751204,6.65580318385123,0.520845975224005,0.520845975224005,0.303563286227692,0.515611835989525,0.515611835989525,0.349050207813187
1.0424207171159,2.78824877083963,0,1,1,-1.41562430527077,-1.29671223619505,0,0.811604334065437,1,42,31,1.99480018168757,1.99480018168757,-1.7866624418104,1.99480018168757,1.99480018168757,-1.7866624418104,0.561056760898392,0.561056760898392,0.331369163209685,0.545823297161976,0.545823297161976,0.371335761188241
3.37474974075747,7.18028337038498,0,1,0,0.393235654715313,0.697877385492776,1,0.811604334065437,1,42,31,3.8256470998496,9.41267994503183,3.8256470998496,3.8256470998496,9.41267994503183,3.8256470998496,0.383305674028526,0.517486088278699,0.383305674028526,0.411851511286709,0.51309448917579,0.411851511286709
3.45208293180468,6.08466769876912,0,1,1,-0.36670047470357,0.444945600649176,0,0.811604334065437,1,42,31,4.35081964370529,4.35081964370529,2.05284305616823,4.35081964370529,4.35081964370529,2.05284305616823,0.41162945487233,0.41162945487233,0.396318597711476,0.433501462158599,0.433501462158599,0.421829490874569
2.4506396504109,6.86449397312442,0,1,1,-0.727103825591381,0.719446428237395,0,0.811604334065437,1,42,31,4.22414034508438,4.22414034508438,1.60653718198083,4.22414034508438,4.22414034508438,1.60653718198083,0.44241746759924,0.44241746759924,0.381938378629476,0.456795623569562,0.456795623569562,0.410799685346339
6.99386151878688,7.89247124606823,0,1,1,0.500930303415734,1.13498917298067,0,0.811604334065437,1,42,31,7.86634860752167,7.86634860752167,4.47814818473833,7.86634860752167,7.86634860752167,4.47814818473833,0.375554519892472,0.375554519892472,0.348108478276005,0.405879531635628,0.405879531635628,0.384533244397233
5.33852201527679,6.68683595535975,0,1,1,0.40047713024743,-1.15018128615457,0,0.811604334065437,1,42,31,5.41498837028667,5.41498837028667,1.99207137926649,5.41498837028667,5.41498837028667,1.99207137926649,0.364027509164272,0.364027509164272,0.346615533460163,0.396954597522416,0.396954597522416,0.383362128112037
12.7594162303816,15.4339518101927,1,0,1,1.60067418028929,-1.50824280158916,1,0.811604334065437,1,42,31,11.4092003124611,11.4092003124611,4.03440396391561,11.4092003124611,11.4092003124611,4.03440396391561,0.705044101160257,0.705044101160257,0.306876443790496,0.657953578354844,0.657953578354844,0.351732024673452
0.690275664953408,1.360925196891,0,1,0,-1.26026369754598,0.266308845668551,0,0.811604334065437,1,42,31,0.08707985550279,2.25800025678411,0.08707985550279,0.08707985550279,2.25800025678411,0.08707985550279,0.402084231265014,0.587450346518931,0.402084231265014,0.426232870154854,0.565799130693229,0.426232870154854
3.5001184815827,5.85523581829491,1,1,1,-0.402935890312989,-1.56891618157382,0,0.811604334065437,1,42,31,4.52800842753059,4.52800842753059,-0.0334895572736047,4.52800842753059,4.52800842753059,-0.0334895572736047,0.315812786227336,0.315812786227336,0.299372349944765,0.358928449570061,0.358928449570061,0.345646787466209
7.49160373390548,9.65363380771349,0,1,0,1.42146995181132,1.17191448972905,0,0.811604334065437,1,42,31,6.35615279827789,9.8295363695148,6.35615279827789,6.35615279827789,9.8295363695148,6.35615279827789,0.344450418056817,0.577255933236043,0.344450418056817,0.381661745071798,0.558065114620506,0.381661745071798
8.31082907935667,11.7999680463181,0,1,1,0.498019284649499,1.50553264668438,0,0.811604334065437,1,42,31,9.20949817114206,9.20949817114206,4.84286962090958,9.20949817114206,9.20949817114206,4.84286962090958,0.332838706774099,0.332838706774099,0.307207015918509,0.372500445322087,0.372500445322087,0.351999187927901
10.7065963626768,12.1891711142924,0,1,1,1.0934840357017,1.11983193020828,0,0.811604334065437,1,42,31,9.00212195845188,9.00212195845188,5.64809840653788,9.00212195845188,9.00212195845188,5.64809840653788,0.48613502210745,0.48613502210745,0.349581003568475,0.489617935066902,0.489617935066902,0.385687259337558
12.7415921817638,11.9783876721408,0,1,1,0.0729991943326563,1.46010732464871,1,0.811604334065437,1,42,31,11.179317517733,11.179317517733,3.94740411824022,11.179317517733,11.179317517733,3.94740411824022,0.422810770881438,0.422810770881438,0.312686477456303,0.441985401513676,0.441985401513676,0.356416844266992
8.78925129465405,9.16647011371789,0,1,1,0.397082339385359,1.1103618248447,0,0.811604334065437,1,42,31,7.57872829061406,7.57872829061406,4.24582490854161,7.57872829061406,7.57872829061406,4.24582490854161,0.367687270087262,0.367687270087262,0.350492349164903,0.399794168515325,0.399794168515325,0.386400945629715
10.2408853598684,11.8420705442776,0,1,1,0.301858155601528,0.615140844230321,1,0.811604334065437,1,42,31,9.03855381859997,9.03855381859997,3.56015556035957,9.03855381859997,9.03855381859997,3.56015556035957,0.515120715903661,0.515120715903661,0.388178626150239,0.511322615693092,0.511322615693092,0.415594718804773
10.7297198990737,11.9970157386272,1,1,1,1.95666598539228,0.614099422956417,0,0.811604334065437,1,42,31,9.34584789994257,9.34584789994257,6.86872979866717,9.34584789994257,9.34584789994257,6.86872979866717,0.796054098102908,0.796054098102908,0.38823617869479,0.736233732021829,0.736233732021829,0.415638878739566
5.10804480181672,9.33830413000473,0,0,1,-0.304492606125076,-0.180250876877407,1,0.811604334065437,1,42,31,6.68455269441371,6.68455269441371,1.55206231579864,6.68455269441371,6.68455269441371,1.55206231579864,0.531603398418213,0.531603398418213,0.403833305419203,0.52367678745508,0.52367678745508,0.427566709406692
3.50741895809537,7.22879869700214,0,1,0,-0.218119242707974,0.68752889573605,0,0.811604334065437,1,42,31,2.5925888152463,5.16528479771833,2.5925888152463,2.5925888152463,5.16528479771833,2.5925888152463,0.383947516418094,0.389287000390467,0.383947516418094,0.412345030898839,0.416444972159779,0.412345030898839
4.34906441227778,6.09270060347855,0,1,1,-0.385634737803385,-0.768864860719303,0,0.811604334065437,1,42,31,3.49231724264904,3.49231724264904,0.801164068600125,3.49231724264904,3.49231724264904,0.801164068600125,0.395350545369447,0.395350545369447,0.37865609785436,0.421089149171459,0.421089149171459,0.408271896747233
6.21998859035065,6.62980653531681,0,1,0,0.274339288487158,1.79764934485711,0,0.811604334065437,1,42,31,4.68762632675762,10.0191694938228,4.68762632675762,4.68762632675762,10.0191694938228,4.68762632675762,0.269522967806309,0.276648054100574,0.269522967806309,0.321012744488346,0.32695991160084,0.321012744488346
-0.804698121217455,2.90150058453839,1,1,1,-2.39048105026426,0.00309820338251016,0,0.811604334065437,1,42,31,-0.336555893355609,-0.336555893355609,-2.43656549221981,-0.336555893355609,-0.336555893355609,-2.43656549221981,0.912950524260739,0.912950524260739,0.405313431113138,0.857849985034999,0.857849985034999,0.428694753741187
2.8437995144787,6.00904565356945,1,1,0,-0.302536582641248,1.21104561505527,0,0.811604334065437,1,42,31,2.94727085469897,6.51390233644358,2.94727085469897,2.94727085469897,6.51390233644358,2.94727085469897,0.340466138488851,0.350280510460679,0.340466138488851,0.378526375492934,0.38623508821008,0.378526375492934
2.87796758634617,4.3987223376607,1,1,1,-0.987431463032266,-0.392383984296901,0,0.811604334065437,1,42,31,2.22801668569748,2.22801668569748,-0.025948505435235,2.22801668569748,2.22801668569748,-0.025948505435235,0.512016060351652,0.512016060351652,0.398312749830125,0.508997317358755,0.508997317358755,0.423353637422715
6.22816088960026,3.24156826778209,1,1,1,-1.23051509896418,1.13976949906518,0,0.811604334065437,1,42,31,4.4191122170623,4.4191122170623,1.02003770606302,4.4191122170623,4.4191122170623,1.02003770606302,0.521577427379167,0.521577427379167,0.347640542784629,0.516159952100427,0.516159952100427,0.38416629967137
8.83654784683879,7.8694052151335,0,1,1,0.0782986951147359,-0.573334123322974,1,0.811604334065437,1,42,31,7.35327368879922,7.35327368879922,1.9245616718327,7.35327368879922,7.35327368879922,1.9245616718327,0.507439784259218,0.507439784259218,0.390414560226142,0.5055704003866,0.5055704003866,0.41730951416291
-1.69680731410888,1.16208465544436,1,0,0,-0.759405883888456,-2.36197317990045,0,0.811604334065437,1,42,31,-1.53948654275117,6.13943075981789,-1.53948654275117,-1.53948654275117,6.13943075981789,-1.53948654275117,0.190466398474508,0.236827093082044,0.190466398474508,0.251301655326816,0.293093645309666,0.251301655326816
6.270328550478,5.51635035323777,0,1,1,-0.850701133808803,-1.59570175681684,0,0.811604334065437,1,42,31,3.6904584772001,3.6904584772001,-0.955805619508249,3.6904584772001,3.6904584772001,-0.955805619508249,0.372177499466751,0.372177499466751,0.295998792995093,0.403270443129779,0.403270443129779,0.342897906742794
6.11579480272414,9.43946744773097,1,1,1,-1.14741889852922,1.51827331724387,0,0.811604334065437,1,42,31,5.96988779096635,5.96988779096635,1.56473392511164,5.96988779096635,5.96988779096635,1.56473392511164,0.450924339286565,0.450924339286565,0.305649461753841,0.463199902489855,0.463199902489855,0.350739739493315
5.28083459049471,6.53709777115391,1,1,1,-0.23293863882782,-0.187715961578862,0,0.811604334065437,1,42,31,3.82294244792317,3.82294244792317,1.6877051656917,3.82294244792317,3.82294244792317,1.6877051656917,0.409899933876934,0.409899933876934,0.403708207098265,0.432186324161664,0.432186324161664,0.4274713395081
1.35754691835668,0.577067334436283,1,0,0,-1.11185622197947,-0.660825912363815,0,0.811604334065437,1,42,31,-0.543239951396549,1.99345093505492,-0.543239951396549,-0.543239951396549,1.99345093505492,-0.543239951396549,0.385561113909782,0.529466354168424,0.385561113909782,0.413585092204994,0.522073896856574,0.413585092204994
6.93284232015579,9.33592869218593,0,1,1,-0.333923751514005,1.28188533182078,0,0.811604334065437,1,42,31,6.69856623765625,6.69856623765625,2.95533623371897,6.69856623765625,6.69856623765625,2.95533623371897,0.344832497033999,0.344832497033999,0.332979562801674,0.381961985525644,0.381961985525644,0.372612016569709
7.43144704601695,9.97445156852848,1,1,1,-0.16683665711013,-1.35127005851319,1,0.811604334065437,1,42,31,7.58228580322699,7.58228580322699,0.656355032192748,7.58228580322699,7.58228580322699,0.656355032192748,0.439601938918334,0.439601938918334,0.325318231490252,0.45467339639356,0.45467339639356,0.366527015253781
10.0603905368008,10.1515613585564,0,1,1,0.401368936013781,-0.687450492715263,1,0.811604334065437,1,42,31,8.02917396417295,8.02917396417295,2.4565857842385,8.02917396417295,8.02917396417295,2.4565857842385,0.518928927166387,0.518928927166387,0.383952344059104,0.514175439312786,0.514175439312786,0.4123487423629
2.12663292655895,2.58335548642363,1,0,0,0.00573110709747725,0.580867011932583,0,0.117573496702138,0,46,32,2.99763868706819,5.43504517261967,2.99763868706819,2.99763868706819,5.43504517261967,2.99763868706819,0.587355449534398,0.587359213246407,0.587355449534398,0.565727016570282,0.565729876645654,0.565727016570282
4.46552835548771,4.64351175319893,1,0,1,-0.616238918973179,0.1590659888273,0,0.117573496702138,0,46,32,3.87900062372848,3.87900062372848,1.75369863492687,3.87900062372848,3.87900062372848,1.75369863492687,0.643798195707053,0.643798195707053,0.601586959265461,0.609136976247021,0.609136976247021,0.576569735171735
5.3038231497977,4.89578755700455,1,0,0,0.374733903150112,0.601088492135435,0,0.117573496702138,0,46,32,3.73564427917346,6.19695165455111,3.73564427917346,3.73564427917346,6.19695165455111,3.73564427917346,0.586259534936225,0.602269673231123,0.586259534936225,0.564894379187349,0.577091377905249,0.564894379187349
7.60031531150024,6.7639494738373,0,0,0,1.98810672964796,-0.600271552373291,0,0.117573496702138,0,46,32,6.96238993216915,9.42271586875779,6.96238993216915,6.96238993216915,9.42271586875779,6.96238993216915,0.586304552426438,0.90434920374061,0.586304552426438,0.564928575756231,0.847473244861807,0.564928575756231
4.11604299183527,3.84646133159021,1,1,0,-0.463134056915642,0.773638927438498,0,0.117573496702138,0,46,32,2.05990835904195,4.75842554909014,2.05990835904195,2.05990835904195,4.75842554909014,2.05990835904195,0.575340305836528,0.599908665064907,0.575340305836528,0.556614582517674,0.575288007162425,0.556614582517674
7.44673641899823,10.1111516984177,1,1,1,-0.0273724460337883,0.420772242969361,1,0.117573496702138,0,46,32,8.20848086125912,8.20848086125912,2.93143158080566,8.20848086125912,8.20848086125912,2.93143158080566,0.70223739592317,0.70223739592317,0.594686420419331,0.655663837785657,0.655663837785657,0.571305126191766
12.3806237658978,13.7168971857693,1,1,1,1.42979020921566,0.95085876591702,1,0.117573496702138,0,46,32,11.8498892840258,11.8498892840258,5.84575689130456,11.8498892840258,11.8498892840258,5.84575689130456,0.845387602208107,0.845387602208107,0.561169701184039,0.783415919170525,0.783415919170525,0.545908468910146
3.5797764365726,4.41972534446174,1,0,0,0.464726275635805,0.316815535647152,0,0.117573496702138,0,46,32,3.91562902414484,6.11600110777223,3.91562902414484,3.91562902414484,6.11600110777223,3.91562902414484,0.598177864139789,0.622477494708285,0.598177864139789,0.573967073870751,0.592602051782582,0.573967073870751
4.10143363428373,4.4966256113738,0,0,1,-0.0891156147147753,-0.0692853691259832,0,0.117573496702138,0,46,32,4.91274570581861,4.91274570581861,2.80794524344368,4.91274570581861,4.91274570581861,2.80794524344368,0.60341573726716,0.60341573726716,0.602516361673244,0.577967380257569,0.577967380257569,0.57727990130051
0.597945903037671,1.97088077643989,1,0,0,-1.40150609493136,-0.241800881311367,0,0.117573496702138,0,46,32,0.183164283010518,2.34163194921347,0.183164283010518,0.183164283010518,2.34163194921347,0.183164283010518,0.600081972038908,0.7926928505672,0.600081972038908,0.575420323397175,0.733168694049597,0.575420323397175
3.98632217260541,4.01431534176712,1,0,1,-0.524367779984877,-0.129722881108816,0,0.117573496702138,0,46,32,4.05426893878665,4.05426893878665,1.93744091290348,4.05426893878665,4.05426893878665,1.93744091290348,0.632705327778337,0.632705327778337,0.601971197245346,0.600510169279192,0.600510169279192,0.57686330292976
3.1529750060799,1.72036077946378,0,1,0,-0.0607857057076065,-0.137563464341513,0,0.117573496702138,0,46,32,2.86460506145802,4.98352876817966,2.86460506145802,2.86460506145802,4.98352876817966,2.86460506145802,0.60187618315959,0.602294927247536,0.60187618315959,0.576790705454581,0.57711067657192,0.576790705454581
3.08163876269132,3.13959735660627,1,0,0,0.0205312949885242,-0.71270041349609,0,0.117573496702138,0,46,32,3.02723906285028,5.63518094224778,3.02723906285028,3.02723906285028,5.63518094224778,3.02723906285028,0.579518519195522,0.579567069636951,0.579518519195522,0.559779453459427,0.55981625278866,0.559779453459427
8.9648995734097,6.76074401235531,0,0,1,0.617679962011551,0.933873441737078,0,0.117573496702138,0,46,32,7.19365600207819,7.19365600207819,4.22153639689633,7.19365600207819,7.19365600207819,4.22153639689633,0.606429966763301,0.606429966763301,0.562658912641671,0.580273317773638,0.580273317773638,0.547031744953872
3.52575521300724,4.00137471052069,1,0,0,0.000662799035351592,0.0462405845133233,0,0.117573496702138,0,46,32,2.98750207094394,5.08964026260007,2.98750207094394,2.98750207094394,5.08964026260007,2.98750207094394,0.602636999702248,0.602637049466142,0.602636999702248,0.577372101793148,0.577372139827329,0.577372101793148
3.26931603313871,4.5583544444228,1,0,1,-0.528669326026367,-0.404379155098114,0,0.117573496702138,0,46,32,4.19236032189836,4.19236032189836,1.9288378208205,4.19236032189836,4.19236032189836,1.9288378208205,0.626725388353775,0.626725388353775,0.595303027033125,0.595881424362476,0.595881424362476,0.571774982241845
4.66626934328998,5.30414029884101,1,1,0,0.572710881612199,0.0687547736068217,0,0.117573496702138,0,46,32,4.13159823609763,6.23632545499136,4.13159823609763,4.13159823609763,6.23632545499136,4.13159823609763,0.602519680784419,0.639054161317438,0.602519680784419,0.577282437949644,0.605440923974642,0.577282437949644
10.7375589042368,12.2881142286462,1,0,1,1.07691613360344,-0.221705289227881,1,0.117573496702138,0,46,32,10.2891619753517,10.2891619753517,5.14000874008012,10.2891619753517,10.2891619753517,5.14000874008012,0.807995723585904,0.807995723585904,0.600504824103505,0.747261675742757,0.747261675742757,0.57574320040222
0.671378609149978,2.4265574087095,1,0,0,-0.649073208411756,-2.07393851212778,1,0.117573496702138,0,46,32,1.68803005604972,11.0892510081365,1.68803005604972,1.68803005604972,11.0892510081365,1.68803005604972,0.402301498800144,0.568423363399106,0.402301498800144,0.426398606782234,0.551383669665118,0.426398606782234
9.92852603149755,7.73825511848965,1,0,1,1.30384480307429,0.720432436020129,0,0.117573496702138,0,46,32,8.2128889738917,8.2128889738917,5.59386607902181,8.2128889738917,8.2128889738917,5.59386607902181,0.755156292049481,0.755156292049481,0.579007925553095,0.699957754091546,0.699957754091546,0.559392477223266
4.51449456028966,3.41163029919373,0,0,0,-0.162440018674996,0.512543834923403,0,0.117573496702138,0,46,32,2.66129643552324,5.02399761824123,2.66129643552324,2.66129643552324,5.02399761824123,2.66129643552324,0.590775510892248,0.59378858799749,0.590775510892248,0.568327500055765,0.570621169361116,0.568327500055765
1.84985572062742,0.826576125766586,0,0,0,-0.967445728470903,0.472396787464982,0,0.117573496702138,0,46,32,1.05128501593143,3.37444374073866,1.05128501593143,1.05128501593143,3.37444374073866,1.05128501593143,0.592582430880564,0.693890933443287,0.592582430880564,0.569702693344833,0.648888444296377,0.569702693344833
5.43907110694669,4.72142983954904,1,1,0,1.26604410034924,-0.433568145973279,0,0.117573496702138,0,46,32,5.51826467357171,7.80624601077442,5.51826467357171,5.51826467357171,7.80624601077442,5.51826467357171,0.594187883774527,0.758262516059846,0.594187883774527,0.570925319292533,0.702641640466998,0.570925319292533
2.13853627815744,2.29442624404068,1,0,0,-0.629651578938119,-0.107326589170579,1,0.117573496702138,0,46,32,1.72687331499699,6.83839231173998,1.72687331499699,1.72687331499699,6.83839231173998,1.72687331499699,0.602211865480682,0.746160461139931,0.602211865480682,0.577047203005731,0.692243279669514,0.577047203005731
10.4283423487016,8.53670313458655,1,1,1,0.599399050789838,-0.0483088643084001,1,0.117573496702138,0,46,32,9.28730832082368,9.28730832082368,4.18497457445291,9.28730832082368,9.28730832082368,4.18497457445291,0.743116505281302,0.743116505281302,0.602628138748302,0.689651788049437,0.689651788049437,0.577365329442944
1.4652845152625,2.08661991861934,1,1,1,-2.25296302632899,-0.570600898977669,0,0.117573496702138,0,46,32,0.90583580612937,0.90583580612937,-1.51974957978475,0.90583580612937,0.90583580612937,-1.51974957978475,0.942935172539084,0.942935172539084,0.587897171906185,0.897124331562646,0.897124331562646,0.566138714038699
5.08544473156032,4.90244282124112,1,1,0,0.6187624861194,0.580840261018362,0,0.117573496702138,0,46,32,4.22370144511203,6.66107685393191,4.22370144511203,4.22370144511203,6.66107685393191,4.22370144511203,0.587356873944397,0.630466428371734,0.587356873944397,0.565728098990591,0.598775442503429,0.565728098990591
3.97781545200162,3.83751174520108,1,1,0,0.598544185372426,0.33643156969835,1,0.117573496702138,0,46,32,4.18326484361809,9.39645104470778,4.18326484361809,4.18326484361809,9.39645104470778,4.18326484361809,0.597595032515126,0.738959024488484,0.597595032515126,0.573522462903081,0.686127114990213,0.573522462903081
7.4964718499758,9.65539004878731,1,0,1,0.909132594901358,-0.651375790851792,0,0.117573496702138,0,46,32,7.32873208358375,7.32873208358375,4.80444166267595,7.32873208358375,7.32873208358375,4.80444166267595,0.674395659887006,0.674395659887006,0.583367730802458,0.633245124455202,0.633245124455202,0.562698765874402
1.32415118037001,2.06803788862977,0,0,0,-1.24518191299922,0.247988419083468,1,0.117573496702138,0,46,32,0.49581264687479,5.65731090287431,0.49581264687479,0.49581264687479,5.65731090287431,0.49581264687479,0.599944360083698,0.835218659469061,0.599944360083698,0.575315258814155,0.773311853782017,0.575315258814155
8.26457557805095,4.83046657098603,1,1,0,1.36005022812204,-0.728227730585169,0,0.117573496702138,0,46,32,5.70627692911731,8.33659255671054,5.70627692911731,5.70627692911731,8.33659255671054,5.70627692911731,0.578487410626297,0.767776842671856,0.578487410626297,0.558998044756446,0.710930123097725,0.558998044756446
3.0571531151718,4.35584040882802,1,0,0,0.280161654369649,-0.148283408784197,1,0.117573496702138,0,46,32,3.54649978161253,8.66848775093319,3.54649978161253,3.54649978161253,8.66848775093319,3.54649978161253,0.601737242290214,0.715963833222057,0.601737242290214,0.576684549849198,0.666919400406797,0.576684549849198
4.79180628617682,5.97994377847126,1,0,0,0.858966558914156,-1.05186386280459,0,0.117573496702138,0,46,32,4.70410959070154,7.91052717657574,4.70410959070154,4.70410959070154,7.91052717657574,4.70410959070154,0.551736282853827,0.635675613009262,0.551736282853827,0.538801903760916,0.60281484153453,0.538801903760916
1.64323103689846,1.23838114104956,1,0,0,-0.452690963758136,-1.82183945103104,1,0.117573496702138,0,46,32,2.08079454535696,10.49989353069,2.08079454535696,2.08079454535696,10.49989353069,2.08079454535696,0.447638401326728,0.588758716128564,0.447638401326728,0.460727457916871,0.56679362882408,0.460727457916871
0.836326298053383,0.790181043568393,1,0,0,-1.19309710453753,1.17422183829907,0,0.117573496702138,0,46,32,0.599982263798165,4.07877918933662,0.599982263798165,0.599982263798165,4.07877918933662,0.599982263798165,0.538979018586976,0.696438348795601,0.538979018586976,0.529212258829221,0.65095111467971,0.529212258829221
1.40711882118894,1.27250734425366,1,0,0,-0.752068508759853,-0.512852247459937,1,0.117573496702138,0,46,32,1.48203945535353,6.84505688307824,1.48203945535353,1.48203945535353,6.84505688307824,1.48203945535353,0.590761050367332,0.75231577517332,0.590761050367332,0.568316498198688,0.697512621359124,0.568316498198688
4.88383331951296,4.51889462531837,1,1,0,0.27004603382105,0.0911529576493235,0,0.117573496702138,0,46,32,3.52626854051533,5.63457740220355,3.52626854051533,3.52626854051533,5.63457740220355,3.52626854051533,0.602357364064041,0.610591623386638,0.602357364064041,0.577158390520361,0.583461936497645,0.577158390520361
2.74508908666566,1.49471594889052,1,0,0,-0.762344785724499,0.114191706743544,0,0.117573496702138,0,46,32,1.46148690142423,3.57452664731324,1.46148690142423,1.46148690142423,3.57452664731324,1.46148690142423,0.602142931884138,0.665910890535319,0.602142931884138,0.576994527436622,0.626509503313048,0.576994527436622
1.73714511354986,2.72733606890912,1,0,0,-0.615720485487583,-1.59976307488564,1,0.117573496702138,0,46,32,1.75473550189807,9.41397739766564,1.75473550189807,1.75473550189807,9.41397739766564,1.75473550189807,0.483332857752555,0.642251691492817,0.483332857752555,0.487518997090622,0.607930977676693,0.487518997090622
1.56888302498127,-0.256266350801547,0,0,0,-0.89949504223656,-0.269854584734012,1,0.117573496702138,0,46,32,1.18718638840011,6.36000788530208,1.18718638840011,1.18718638840011,6.36000788530208,1.18718638840011,0.599430065441954,0.77971788616902,0.599430065441954,0.574922653659868,0.72148647557666,0.574922653659868
6.66531576451364,6.22983650446404,1,1,1,0.571981120514888,-0.00214929406659533,0,0.117573496702138,0,46,32,6.23014333336799,6.23014333336799,4.13013871390301,6.23014333336799,6.23014333336799,4.13013871390301,0.639169325406808,0.639169325406808,0.602733671722548,0.605530527484102,0.605530527484102,0.577445988973911
7.24227527026337,7.671527707088,1,0,1,0.248650031270182,0.0767755889466669,0,0.117573496702138,0,46,32,5.5893710264717,5.5893710264717,3.4834765354136,5.5893710264717,5.5893710264717,3.4834765354136,0.609451025296821,0.609451025296821,0.602466783456141,0.582587446903682,0.582587446903682,0.577242011282148
2.72240851126137,3.2402046607075,1,0,0,-0.042512267421749,-0.064315119933004,0,0.117573496702138,0,46,32,2.90115193802973,5.00528837268173,2.90115193802973,2.90115193802973,5.00528837268173,2.90115193802973,0.602546452511572,0.602751179435432,0.602546452511572,0.577302898516403,0.577459370568309,0.577302898516403
2.10399821496845,1.53479141348537,1,0,0,-1.04793187818876,-0.469129634599892,0,0.117573496702138,0,46,32,0.890312716495718,3.21039533055555,0.890312716495718,0.890312716495718,3.21039533055555,0.890312716495718,0.592722896522298,0.710158541392355,0.592722896522298,0.56980963547672,0.662141281459863,0.56980963547672
4.06855674527016,5.59582434010067,1,1,0,0.702558661439158,-1.74428038104106,0,0.117573496702138,0,46,32,4.39129379575155,9.53380784343631,4.39129379575155,4.39129379575155,9.53380784343631,4.39129379575155,0.460590221292057,0.518758278626898,0.460590221292057,0.470464266251619,0.514047586602265,0.470464266251619
4.91278163889783,4.34680048062563,1,0,0,0.708741012419481,1.9426738894481,0,0.117573496702138,0,46,32,4.40365849771219,10.2776403384556,4.40365849771219,4.40365849771219,10.2776403384556,4.40365849771219,0.426491251439889,0.485268707095763,0.426491251439889,0.444771517025563,0.488969065427509,0.444771517025563
6.11383709947535,7.15809803830519,0,0,1,-0.213791728577042,1.64369130112414,0,1.22690755457044,1,44,33,7.51252678989921,7.51252678989921,2.71080569650805,7.51252678989921,7.51252678989921,2.71080569650805,0.254962504363095,0.254962504363095,0.250835781254573,0.308713845646621,0.308713845646621,0.305190225647223
8.40235768187367,7.64529621794094,1,1,1,0.942486536282772,-0.793526123375542,1,1.22690755457044,1,44,33,8.31582851020741,8.31582851020741,2.586144801728,8.31582851020741,8.31582851020741,2.586144801728,0.548187259968205,0.548187259968205,0.331938247834572,0.536131899154428,0.536131899154428,0.371786933051236
-1.25492594220871,-0.336718081331891,0,0,0,-1.15318011183894,-0.0726922021918608,0,1.22690755457044,1,44,33,-0.884354573331751,1.22092958292775,-0.884354573331751,-0.884354573331751,1.22092958292775,-0.884354573331751,0.358709349842118,0.511894878543119,0.358709349842118,0.392817908973277,0.50890656296705,0.392817908973277
1.9078013112463,5.4427099220792,1,1,1,-1.47613442878023,0.596900022652301,1,1.22690755457044,1,44,33,4.59561865467216,4.59561865467216,-0.860670982370159,4.59561865467216,4.59561865467216,-0.860670982370159,0.701958036122142,0.701958036122142,0.343544263100748,0.655436251797612,0.655436251797612,0.380949382894446
3.04069504229653,1.73926642167807,1,1,1,0.0672327826300887,0.122459916565106,0,1.22690755457044,1,44,33,3.86661976552841,3.86661976552841,1.75162333436328,3.86661976552841,3.86661976552841,1.75162333436328,0.358778616948437,0.358778616948437,0.358285923204381,0.392871869008462,0.392871869008462,0.392488006406631
5.78808418573545,3.07935591767342,1,0,1,-0.899619415190921,-0.248901171585958,1,1.22690755457044,1,44,33,4.60850964378706,4.60850964378706,-0.553442149429807,4.60850964378706,4.60850964378706,-0.553442149429807,0.565452744636047,0.565452744636047,0.35624179198152,0.54914017378318,0.54914017378318,0.390894217991941
9.02773644640084,7.48490392668934,1,0,1,0.189705627554511,0.840577983301847,1,1.22690755457044,1,44,33,8.52125843696066,8.52125843696066,2.71468709094886,8.52125843696066,8.52125843696066,2.71468709094886,0.444331453309818,0.444331453309818,0.328708390657571,0.4582375383516,0.4582375383516,0.369223837372029
5.32192625008506,5.33654738926454,0,0,1,0.568259562882716,-0.701111135177345,0,1.22690755457044,1,44,33,4.52166266699574,4.52166266699574,1.93010584312608,4.52166266699574,4.52166266699574,1.93010584312608,0.372820221772957,0.372820221772957,0.337778608829327,0.403767359679395,0.403767359679395,0.376406742661997
5.90199912835934,3.31533965119206,0,0,1,0.386415218205518,0.720171362474079,0,1.22690755457044,1,44,33,5.60634644275088,5.60634644275088,2.98769965142311,5.60634644275088,5.60634644275088,2.98769965142311,0.352623300445792,0.352623300445792,0.336629374441621,0.388068149125417,0.388068149125417,0.375499165057302
9.85291518139894,9.31216583552031,0,1,1,1.15920414197437,1.24037561730101,1,1.22690755457044,1,44,33,11.6920134257826,11.6920134257826,5.05348175378774,11.6920134257826,11.6920134257826,5.05348175378774,0.558918566831128,0.558918566831128,0.294789104497883,0.544211245378605,0.544211245378605,0.341910161297219
6.91814626742919,5.60325188845568,1,1,1,-1.093989814673,1.19929598750375,1,1.22690755457044,1,44,33,7.04432507633832,7.04432507633832,0.506014210695731,7.04432507633832,7.04432507633832,0.506014210695731,0.546441619094566,0.546441619094566,0.298771010406941,0.534819273626887,0.534819273626887,0.345157408259564
5.22126567772577,4.91879394699925,0,0,1,0.55972959844508,0.71112318603287,0,1.22690755457044,1,44,33,5.93097642117456,5.93097642117456,3.32528023546102,5.93097642117456,5.93097642117456,3.32528023546102,0.371129996990887,0.371129996990887,0.337178546976049,0.402460217174263,0.402460217174263,0.375932949014314
7.81032747583613,4.55290798468734,1,0,1,0.194144340324115,0.589301248546186,0,1.22690755457044,1,44,33,4.9195637432705,4.9195637432705,2.47228778173241,4.9195637432705,4.9195637432705,2.47228778173241,0.347974898172909,0.347974898172909,0.343930056652398,0.384428504917604,0.384428504917604,0.381252721126687
0.882002465765654,-0.254729071232317,0,1,1,-1.04473864604586,-0.929568957322955,0,1.22690755457044,1,44,33,1.4397500495418,1.4397500495418,-1.52434839687668,1.4397500495418,1.4397500495418,-1.52434839687668,0.44345454505319,0.44345454505319,0.322139445921529,0.457576988569316,0.457576988569316,0.363992117515211
1.01055560032077,1.57821039647289,0,0,0,0.0390814354009522,-0.252207721307481,0,1.22690755457044,1,44,33,1.32065300203242,3.48426173671953,1.32065300203242,1.32065300203242,3.48426173671953,1.32065300203242,0.356169750321514,0.356335778573574,0.356169750321514,0.390838012725947,0.390967540581027,0.390838012725947
0.0233324311737668,-2.83462696223932,0,0,0,-0.956030732537261,-1.05318604327511,0,1.22690755457044,1,44,33,-1.47054965581164,1.73865118593784,-1.47054965581164,-1.47054965581164,1.73865118593784,-1.47054965581164,0.312051573375711,0.411598835946495,0.312051573375711,0.355905997366863,0.433478186290658,0.355905997366863
9.88691803066648,8.04477169216589,1,0,1,1.78016333214806,0.843497757869201,0,1.22690755457044,1,44,33,8.71001074223368,8.71001074223368,5.89852227470331,8.71001074223368,8.71001074223368,5.89852227470331,0.686609124809667,0.686609124809667,0.328502356666673,0.643016700837123,0.643016700837123,0.369060132547138
8.91772827792067,7.00353520205497,0,0,1,0.950678775819674,-0.866829140312852,1,1.22690755457044,1,44,33,8.38061902236001,8.38061902236001,2.52922626386449,8.38061902236001,8.38061902236001,2.52922626386449,0.544303866358022,0.544303866358022,0.326832652035581,0.533212360942545,0.533212360942545,0.36773255057675
3.63152058329256,0.81059236014988,1,0,1,0.387388053733799,-0.642096964151202,0,1.22690755457044,1,44,33,4.13966550722658,4.13966550722658,1.62737699585439,4.13966550722658,4.13966550722658,1.62737699585439,0.357322417470377,0.357322417470377,0.341151893803227,0.391737009757728,0.391737009757728,0.379066610599047
4.21248857349985,3.19762389959514,0,1,1,0.276281932227129,-0.237595899589169,0,1.22690755457044,1,44,33,3.96611762890467,3.96611762890467,1.80966581740308,3.96611762890467,3.96611762890467,1.80966581740308,0.364821185030147,0.364821185030147,0.356480968563453,0.397570888249659,0.397570888249659,0.391080800892654
2.75636533007424,0.553952713271271,0,0,1,-0.0135404510556451,-0.802207565823908,0,1.22690755457044,1,44,33,3.40894636326791,3.40894636326791,0.665409384602795,3.40894636326791,3.40894636326791,0.665409384602795,0.331374462325521,0.331374462325521,0.331355178358525,0.371339963189721,0.371339963189721,0.371324671645519
9.67577445930641,6.64183555418654,1,0,1,0.519573625607461,1.67772233912269,0,1.22690755457044,1,44,33,9.12631969006691,9.12631969006691,4.21156744287561,9.12631969006691,9.12631969006691,4.21156744287561,0.271534729250059,0.271534729250059,0.246795956275883,0.322696473391274,0.322696473391274,0.301723679272796
5.70684040058405,3.80463753422596,0,0,1,-0.525652950134121,0.27848435817094,1,1.22690755457044,1,44,33,5.89942984818657,5.89942984818657,0.721876310440691,5.89942984818657,5.89942984818657,0.721876310440691,0.502169482283156,0.502169482283156,0.355563694988124,0.501624304497137,0.501624304497137,0.390365086731744
2.86917427044848,2.0629772868986,0,1,0,0.406154746760749,0.805949903294738,0,1.22690755457044,1,44,33,3.11295724935423,5.86251249597503,3.11295724935423,3.11295724935423,5.86251249597503,3.11295724935423,0.331102029789494,0.348659274985049,0.331102029789494,0.371123913638223,0.384965027871639,0.371123913638223
1.50802365831305,-0.0740396042808132,0,0,1,-1.00825887741698,-0.112260488546445,0,1.22690755457044,1,44,33,1.47852202644627,1.47852202644627,-0.634080390842415,1.47852202644627,1.47852202644627,-0.634080390842415,0.474603264230177,0.474603264230177,0.358390275604913,0.480977462913907,0.480977462913907,0.392569317607423
1.41631316879798,-0.100908163374315,0,1,0,-0.85055574768723,1.30292141997097,1,1.22690755457044,1,44,33,1.0965077771345,7.89411200375366,1.0965077771345,1.0965077771345,7.89411200375366,1.0965077771345,0.288530201429342,0.478473136076008,0.288530201429342,0.336781805750199,0.483877932018268,0.336781805750199
12.3629746339552,9.31868922278105,0,1,1,1.02340321828561,0.95979430798275,1,1.22690755457044,1,44,33,10.5225037107281,10.5225037107281,4.50129859709197,10.5225037107281,10.5225037107281,4.50129859709197,0.55314998045785,0.55314998045785,0.31977441613414,0.539865980280606,0.539865980280606,0.362102145922353
0.78592367247492,-1.6548478942812,0,0,0,-0.81093164266601,0.291252462106515,0,1.22690755457044,1,44,33,0.164087029312488,2.34891502599559,0.164087029312488,0.164087029312488,2.34891502599559,0.164087029312488,0.355247714873463,0.429260400872686,0.355247714873463,0.390118448668877,0.446865804761938,0.390118448668877
10.6082730818777,9.78330692156071,1,1,1,2.66944661130149,-1.75178664289442,0,1.22690755457044,1,44,33,10.2505608744699,10.2505608744699,5.08180443224656,10.2505608744699,10.2505608744699,5.08180443224656,0.903528735638135,0.903528735638135,0.237872338368605,0.846500468895798,0.846500468895798,0.294003741913539
6.01002908785046,3.63610261221116,1,1,1,0.931891158100583,-0.117445175473254,0,1.22690755457044,1,44,33,5.35482836250785,5.35482836250785,3.24103499326591,5.35482836250785,5.35482836250785,3.24103499326591,0.45713985492371,0.45713985492371,0.358338361733282,0.467872518435357,0.467872518435357,0.392528867032271
3.37484688803599,2.84418359495709,1,0,1,-0.475396730194389,-0.512395198017829,0,1.22690755457044,1,44,33,2.39405803308312,2.39405803308312,0.0315091941313862,2.39405803308312,2.39405803308312,0.0315091941313862,0.372232002089457,0.372232002089457,0.347566020686791,0.403312587905354,0.403312587905354,0.384107851021629
3.89518046636897,2.83515167947631,0,1,1,-0.318647808887143,0.521961382128812,0,1.22690755457044,1,44,33,3.75180730132634,3.75180730132634,1.37936361689252,3.75180730132634,3.75180730132634,1.37936361689252,0.358128757677594,0.358128757677594,0.347140508953555,0.392365533958687,0.392365533958687,0.383774063554712
5.16909560572099,3.33928968301923,0,1,1,0.715551489866829,-0.118782005185842,0,1.22690755457044,1,44,33,4.92112799184178,4.92112799184178,2.80701882708581,4.92112799184178,4.92112799184178,2.80701882708581,0.415733266624639,0.415733266624639,0.358324596665429,0.43661888268351,0.43661888268351,0.392518141274988
4.06096605655256,3.61422131423335,0,0,1,0.122390747892658,-0.573216946662749,0,1.22690755457044,1,44,33,3.59484006960193,3.59484006960193,1.16626240166056,3.59484006960193,3.59484006960193,1.16626240166056,0.346337616752848,0.346337616752848,0.344730987876526,0.383143997642464,0.383143997642464,0.38188222615841
1.66786106193426,0.957351245723639,0,0,0,0.970473167446917,-0.557425487967018,0,1.22690755457044,1,44,33,2.87821869946481,5.28894187410008,2.87821869946481,2.87821869946481,5.28894187410008,2.87821869946481,0.345496562611701,0.451826924306602,0.345496562611701,0.382483636128855,0.463878761481009,0.382483636128855
6.37350410016103,5.34000892736961,0,0,1,0.834345618842459,-1.5837574159006,0,1.22690755457044,1,44,33,6.18791922674246,6.18791922674246,1.57963167432231,6.18791922674246,6.18791922674246,1.57963167432231,0.326140827369726,0.326140827369726,0.257846596524487,0.367182000884324,0.367182000884324,0.311166226174555
1.06310852724228,2.75009762913715,1,1,1,-0.901986538667863,-1.47025160317682,0,1.22690755457044,1,44,33,2.48211294866946,2.48211294866946,-1.77952682797455,2.48211294866946,2.48211294866946,-1.77952682797455,0.353388353518573,0.353388353518573,0.270713513767507,0.38866617636002,0.38866617636002,0.32200960207506
0.989982356120609,0.190879327359921,1,0,1,-1.69802151605269,0.361437744275726,0,1.22690755457044,1,44,33,0.690729807695456,0.690729807695456,-1.53990743529167,0.690729807695456,0.690729807695456,-1.53990743529167,0.681126610790548,0.681126610790548,0.353260678948816,0.638618803009313,0.638618803009313,0.388566394974234
2.77145969038814,0.692158837604372,1,0,1,-2.06640694987867,1.27573352309422,0,1.22690755457044,1,44,33,2.36511349782126,2.36511349782126,-1.36238252412512,2.36511349782126,2.36511349782126,-1.36238252412512,0.756683277173281,0.756683277173281,0.291279359227974,0.701275798954069,0.701275798954069,0.339038095554426
5.51346010998582,4.60505731081676,1,1,1,0.802306392713129,0.503302104017958,0,1.22690755457044,1,44,33,5.95592574989111,5.95592574989111,3.60261274198221,5.95592574989111,5.95592574989111,3.60261274198221,0.419872610118108,0.419872610118108,0.347963402520031,0.439758999061741,0.439758999061741,0.384419490820499
2.05671119152586,-0.43290504215007,0,0,1,-0.868809465355638,-1.18805149024077,0,1.22690755457044,1,44,33,2.08049377504926,2.08049377504926,-1.43097256841405,2.08049377504926,2.08049377504926,-1.43097256841405,0.379926869428585,0.379926869428585,0.299842585035207,0.409251034541858,0.409251034541858,0.346029288892828
2.61305811728475,0.326470240210086,0,1,1,-1.12622420247184,0.0179239682815579,0,1.22690755457044,1,44,33,1.36049468451483,1.36049468451483,-0.739826584124126,1.36049468451483,1.36049468451483,-0.739826584124126,0.504879472657856,0.504879472657856,0.358925798410345,0.503653339622821,0.503653339622821,0.392986518188392
1.79725717700053,2.19869876342888,0,0,0,0.558353230716934,0.74765692641492,0,1.22690755457044,1,44,33,3.35906124038678,6.01805212000299,3.35906124038678,3.35906124038678,6.01805212000299,3.35906124038678,0.334921283243119,0.368606849545381,0.334921283243119,0.374148912846624,0.400506771674893,0.374148912846624
4.05845207167884,1.11358743768459,0,0,1,0.0161180124938207,0.0370369387882043,0,1.22690755457044,1,44,33,3.66534255114864,3.66534255114864,1.56397081631384,3.66534255114864,3.66534255114864,1.56397081631384,0.358908307804861,0.358908307804861,0.358879979393155,0.392972894135778,0.392972894135778,0.392950827837914
0.343230433789082,4.72982791398675,1,1,0,0.122796926066097,0.324356609517705,0,-1.52013723743059,1,48,34,1.25913324102681,3.46434045116463,1.25913324102681,1.25913324102681,3.46434045116463,1.25913324102681,0.667985255765795,0.6695709306244,0.667985255765795,0.628152431481792,0.629409948524382,0.628152431481792
-2.19958934214833,0.270249989469296,0,1,0,-0.378797625009182,-0.674123236504354,1,-1.52013723743059,1,48,34,-0.74253570714581,4.81190643084929,-0.74253570714581,-0.74253570714581,4.81190643084929,-0.74253570714581,0.653125497704434,0.764500539779739,0.653125497704434,0.616434645171793,0.708064139845354,0.616434645171793
10.2027764805335,14.0849075146217,0,0,1,-0.693529870627109,2.07417531922789,1,-1.52013723743059,1,48,34,10.7785016122447,10.7785016122447,1.37629835735058,10.7785016122447,10.7785016122447,1.37629835735058,0.646855983593726,0.646855983593726,0.476324613797266,0.611524784021907,0.611524784021907,0.48226774003193
-2.53075435086056,2.18251507444494,1,1,0,-1.94755711523558,1.77743510710744,0,-1.52013723743059,1,48,34,-1.42849634398682,3.8307792159912,-1.42849634398682,-1.42849634398682,3.8307792159912,-1.42849634398682,0.530228948093198,0.87366760839384,0.530228948093198,0.522645834524627,0.81281889249212,0.522645834524627
7.56604039775814,10.5780472664411,1,1,1,0.509498861764205,0.327258938051295,1,-1.52013723743059,1,48,34,7.24253785349108,7.24253785349108,2.03543944095661,7.24253785349108,7.24253785349108,2.03543944095661,0.785795263501501,0.785795263501501,0.667905609957337,0.726929589141225,0.726929589141225,0.62808930614762
4.94753497448978,6.44039019584775,1,1,1,0.378981753908783,0.989082121535267,0,-1.52013723743059,1,48,34,5.51451185187045,5.51451185187045,2.43622840872974,5.51451185187045,5.51451185187045,2.43622840872974,0.646012090989638,0.646012090989638,0.630298737006962,0.610865354006818,0.610865354006818,0.598645596798179
6.8421089349681,10.5044329449032,0,1,1,0.674640719793453,1.25717806372926,0,-1.52013723743059,1,48,34,6.97613896661513,6.97613896661513,3.29564228269308,6.97613896661513,6.97613896661513,3.29564228269308,0.65363227389646,0.65363227389646,0.603358074250302,0.61683236541079,0.61683236541079,0.577923295266004
7.00155723639329,7.2365060188406,1,1,1,1.18365974466393,0.101366748842416,0,-1.52013723743059,1,48,34,5.26814423531807,5.26814423531807,3.15786901754719,5.26814423531807,5.26814423531807,3.15786901754719,0.800004142956041,0.800004142956041,0.671971333444889,0.739857128470764,0.739857128470764,0.631316329893262
3.08522189634337,7.51695402740482,0,1,1,0.210933508138782,0.750041221961003,0,-1.52013723743059,1,48,34,4.52365285225623,4.52365285225623,1.86109101761548,4.52365285225623,4.52365285225623,1.86109101761548,0.653259258701066,0.653259258701066,0.648465029004812,0.616539608874452,0.616539608874452,0.612783056390287
-0.149243927469352,4.17688192324853,1,1,1,-1.03378235712235,-1.0402229979358,0,-1.52013723743059,1,48,34,0.763458952630959,0.763458952630959,-2.41860493280358,0.763458952630959,0.763458952630959,-2.41860493280358,0.735315470618863,0.735315470618863,0.625705954954577,0.68305184960783,0.68305184960783,0.595093778027162
10.1238315518564,11.6153214669562,1,1,1,0.349367969876145,1.37386593906363,1,-1.52013723743059,1,48,34,9.74929227671202,9.74929227671202,2.76178465819283,9.74929227671202,9.74929227671202,2.76178465819283,0.709632632216515,0.709632632216515,0.589378836640036,0.661709739726691,0.661709739726691,0.567265144270581
8.14405635037399,10.5287203652378,1,1,1,1.08192126205958,-0.550439444848895,1,-1.52013723743059,1,48,34,7.70556944109273,7.70556944109273,2.30258585864718,7.70556944109273,7.70556944109273,2.30258585864718,0.845667198031373,0.845667198031373,0.659607037447302,0.783696928663478,0.783696928663478,0.621531283930031
4.79245899063636,5.43208064790089,1,1,1,0.00299311080402083,0.308253548410085,0,-1.52013723743059,1,48,34,3.19844279950244,3.19844279950244,1.00342254939504,3.19844279950244,3.19844279950244,1.00342254939504,0.668415052335163,0.668415052335163,0.668414109762123,0.628493139777429,0.628493139777429,0.628492392466461
4.5956089277617,9.27082779315082,1,1,1,0.581497177476949,0.925839082342375,0,-1.52013723743059,1,48,34,5.73519422306575,5.73519422306575,2.77801621667318,5.73519422306575,5.73519422306575,2.77801621667318,0.671906214119019,0.671906214119019,0.635629859051296,0.631264568540403,0.631264568540403,0.602779311987462
4.24137623747512,7.74263598773163,1,1,1,-0.48181681486386,-2.0027320536959,0,-1.52013723743059,1,48,34,3.83375277485429,3.83375277485429,-2.27718290404671,3.83375277485429,3.83375277485429,-2.27718290404671,0.517449968406452,0.517449968406452,0.490059410724957,0.513067430169179,0.513067430169179,0.492556953099516
1.21135869320786,4.88498351248779,1,1,1,0.131403399913868,-1.42453922493154,0,-1.52013723743059,1,48,34,3.65676235764165,3.65676235764165,-0.472549645726892,3.65676235764165,3.65676235764165,-0.472549645726892,0.584857068015485,0.584857068015485,0.582873844479028,0.563829285964099,0.563829285964099,0.562323991060637
6.77213690868904,7.66661110505424,1,1,1,0.848778547449724,0.963254779225992,0,-1.52013723743059,1,48,34,6.37785442320407,6.37785442320407,3.34999465350235,6.37785442320407,6.37785442320407,3.34999465350235,0.707885672984331,0.707885672984331,0.63252218164776,0.660277785780791,0.660277785780791,0.600368186861832
1.03854169042706,2.74070101382238,1,1,0,-0.635534326977588,0.755152520463622,0,-1.52013723743059,1,48,34,0.173266645885355,2.84352197504792,0.173266645885355,0.173266645885355,2.84352197504792,0.173266645885355,0.648132358931434,0.690529883020591,0.648132358931434,0.61252280681278,0.646173805910004,0.61252280681278
5.07045573173487,7.40927857943009,1,1,1,-0.860117104909118,0.368050274682183,1,-1.52013723743059,1,48,34,4.57245984893448,4.57245984893448,-0.663001155759145,4.57245984893448,4.57245984893448,-0.663001155759145,0.821319336674575,0.821319336674575,0.666710052537916,0.759841949620725,0.759841949620725,0.627142165909729
-6.13859465561541,-5.01934628481922,1,1,0,-3.35564432031501,-0.613083166806835,1,-1.52013723743059,1,48,34,-6.63518902805994,-1.15931805863804,-6.63518902805994,-6.63518902805994,-1.15931805863804,-6.63518902805994,0.656494832559753,0.998758792297114,0.656494832559753,0.619081358238145,0.996712131175131,0.619081358238145
7.30811016993156,13.3830945247578,1,1,1,1.53455788887842,0.0937458960284862,1,-1.52013723743059,1,48,34,8.96083274618441,8.96083274618441,3.85204445316223,8.96083274618441,8.96083274618441,3.85204445316223,0.911724759951636,0.911724759951636,0.672033581226601,0.85635053508198,0.85635053508198,0.631365811057197
-1.08592707853268,2.23373877588684,0,1,0,-0.650917284241189,0.0976307493899348,1,-1.52013723743059,1,48,34,-0.515021039715534,4.59451072351091,-0.515021039715534,-0.515021039715534,4.59451072351091,-0.515021039715534,0.672002457730767,0.80176318295127,0.672002457730767,0.631341070506512,0.741478344540746,0.631341070506512
4.89647595909426,7.89281766386417,0,1,1,0.496508900535274,0.455645253421217,0,-1.52013723743059,1,48,34,4.44545843083396,4.44545843083396,2.13784583386867,4.44545843083396,4.44545843083396,2.13784583386867,0.689276188725579,0.689276188725579,0.663659443579153,0.645163185160517,0.645163185160517,0.62472903139834
0.0921284734693661,5.02250820354356,1,1,0,0.126315218553037,0.361171658503504,0,-1.52013723743059,1,48,34,1.30298487498649,3.53342984189266,1.30298487498649,1.30298487498649,3.53342984189266,1.30298487498649,0.666921641461808,0.668601957604998,0.666921641461808,0.627309731638721,0.62864133598752,0.627309731638721
5.35538764063223,8.0432278283552,1,1,1,-0.999682725845221,0.635495070296881,1,-1.52013723743059,1,48,34,4.82916638235498,4.82916638235498,-0.674687602016653,4.82916638235498,4.82916638235498,-0.674687602016653,0.831844586586592,0.831844586586592,0.65529655334673,0.770007286245143,0.770007286245143,0.618139411945091
7.69375223150736,10.9001474260884,1,1,1,1.38788540290763,-0.43260140728127,1,-1.52013723743059,1,48,34,8.31949615549263,8.31949615549263,3.03235217791089,8.31949615549263,8.31949615549263,3.03235217791089,0.889985774681618,0.889985774681618,0.664526207359549,0.830832669458873,0.830832669458873,0.625414148242904
3.02596489680149,7.06811250285988,1,1,0,2.273154043648,-0.101803203385963,0,-1.52013723743059,1,48,34,5.13368766328695,7.24405155550659,5.13368766328695,5.13368766328695,7.24405155550659,5.13368766328695,0.671967621044925,0.961847115180411,0.671967621044925,0.631313378954002,0.925330862672837,0.631313378954002
-0.0839771249195902,4.00862643391518,1,1,1,-1.22738091980895,-0.250862489413122,0,-1.52013723743059,1,48,34,0.146490438940443,0.146490438940443,-2.01644154965411,0.146490438940443,0.146490438940443,-2.01644154965411,0.806416600569407,0.806416600569407,0.669763224116132,0.745790495888385,0.745790495888385,0.629562544121327
4.54087646617498,6.63965720075128,1,0,1,-0.70154106440646,0.342678093918396,1,-1.52013723743059,1,48,34,4.84620702053393,4.84620702053393,-0.371221255517616,4.84620702053393,4.84620702053393,-0.371221255517616,0.803690691524088,0.803690691524088,0.667470417706623,0.743260346039635,0.743260346039635,0.627744446588799
2.7014277076795,4.20413231101235,0,1,0,0.485375896024481,-0.179114547841096,0,-1.52013723743059,1,48,34,1.48082002358478,3.6129020448331,1.48082002358478,1.48082002358478,3.6129020448331,1.48082002358478,0.671057762357244,0.695281249076141,0.671057762357244,0.6305903858762,0.650013637409666,0.6305903858762
1.77440017176632,3.61340603828259,1,1,0,-0.0906922676762786,0.335084679141994,0,-1.52013723743059,1,48,34,0.842882923166345,3.05516466536204,0.842882923166345,0.842882923166345,3.05516466536204,0.842882923166345,0.667687272944783,0.668553028614371,0.667687272944783,0.627916275910303,0.628602538529903,0.627916275910303
5.0637924537511,10.1273387332191,1,1,1,0.528749103816558,-2.03409505747423,0,-1.52013723743059,1,48,34,5.95012863237687,5.95012863237687,-0.2874140704642,5.95012863237687,5.95012863237687,-0.2874140704642,0.517071000205257,0.517071000205257,0.484086305872778,0.512783532122786,0.512783532122786,0.4880833955739
7.40436912828149,11.4536658419412,1,1,1,0.375018788425219,-1.85565312041997,1,-1.52013723743059,1,48,34,8.12701573913174,8.12701573913174,-0.41643276419262,8.12701573913174,8.12701573913174,-0.41643276419262,0.647197829297153,0.647197829297153,0.516842531281693,0.611792003520053,0.611792003520053,0.51261238165759
3.97414961406566,8.5511386907238,1,1,1,0.588595447278913,-1.35438613795719,0,-1.52013723743059,1,48,34,4.44634934666814,4.44634934666814,0.511987535977545,4.44634934666814,4.44634934666814,0.511987535977545,0.630741574588392,0.630741574588392,0.591809263395759,0.59898851706036,0.59898851706036,0.569114148153209
3.29896424228999,7.67559830697988,1,1,1,-0.0387170561950269,-0.474979407655498,0,-1.52013723743059,1,48,34,2.46237469702813,2.46237469702813,0.136769259331357,2.46237469702813,2.46237469702813,0.136769259331357,0.663055589323512,0.663055589323512,0.662896648262837,0.624251969115639,0.624251969115639,0.624126434090796
-2.70353781235578,0.0983031323605226,1,0,0,-0.133391830666365,-2.49461082486479,0,-1.52013723743059,1,48,34,-2.07221170682061,6.25087146071199,-2.07221170682061,-2.07221170682061,6.25087146071199,-2.07221170682061,0.387489616456432,0.389489980501729,0.387489616456432,0.415065954542184,0.416600636337744,0.415065954542184
1.54064498422522,4.85002204931689,1,1,1,0.077543808773078,-0.467877172908733,0,-1.52013723743059,1,48,34,2.6953022729434,2.6953022729434,0.376393224014332,2.6953022729434,2.6953022729434,0.376393224014332,0.663817733458384,0.663817733458384,0.663180632490755,0.624854117885693,0.624854117885693,0.624350740517065
1.78624796425034,7.6748799206636,1,1,1,0.01503244038786,0.332478106405572,0,-1.52013723743059,1,48,34,3.26226745779724,3.26226745779724,1.0517257665582,3.26226745779724,3.26226745779724,1.0517257665582,0.667784374237637,0.667784374237637,0.667760576669246,0.62799322454071,0.62799322454071,0.627974365491099
6.28220789991614,11.903511563303,0,1,1,1.01534534135506,-0.523714792403633,1,-1.52013723743059,1,48,34,7.57043585346578,7.57043585346578,2.1961586696834,7.57043585346578,7.57043585346578,2.1961586696834,0.83740471515623,0.83740471515623,0.660829181202309,0.775465334961319,0.775465334961319,0.622494748069004
4.61041226907785,7.66431425951691,1,1,1,0.0648724694612879,-0.247522614163396,1,-1.52013723743059,1,48,34,5.73267254865837,5.73267254865837,0.571405104136089,5.73267254865837,5.73267254865837,0.571405104136089,0.766047821673796,0.766047821673796,0.669833135379306,0.709416066773326,0.709416066773326,0.629618027857864
1.42973432661983,4.86263745324957,1,0,0,-0.160627734825365,0.927071364707941,0,-1.52013723743059,1,48,34,1.29499867443412,4.25445998969556,1.29499867443412,1.29499867443412,4.25445998969556,1.29499867443412,0.635529635454698,0.63835659274395,0.635529635454698,0.602701488018458,0.604898306051483,0.602701488018458
0.960853717585066,2.9769104720808,1,1,0,-0.127217771961072,0.732038456509838,0,-1.52013723743059,1,48,34,1.1667856919646,3.80266599377391,1.1667856919646,1.1667856919646,3.80266599377391,1.1667856919646,0.649617682266423,0.65136242800349,0.649617682266423,0.613685196935452,0.615051979876063,0.613685196935452
-1.35041838318277,2.93310148047065,1,1,0,-0.104291194263437,-0.601523796404038,0,-1.52013723743059,1,48,34,-0.120923405554003,2.34090747208632,-0.120923405554003,-0.120923405554003,2.34090747208632,-0.120923405554003,0.657095337157564,0.658256975918478,0.657095337157564,0.619553682345331,0.620467894956278,0.619553682345331
1.41236407292397,5.54787960000612,1,1,1,-0.469796393379191,-1.09176795927956,0,-1.52013723743059,1,48,34,1.94977931024843,1.94977931024843,-1.34217796666104,1.94977931024843,1.94977931024843,-1.34217796666104,0.645102274194007,0.645102274194007,0.620818995617543,0.610154786567904,0.610154786567904,0.591323578722725
2.10452720912936,4.1201573565735,1,1,0,0.730450397396216,0.283618742324843,0,-1.52013723743059,1,48,34,2.43370231649418,4.61414190749211,2.43370231649418,2.43370231649418,4.61414190749211,2.43370231649418,0.669027466374339,0.722641538312155,0.669027466374339,0.628978793754186,0.672449550849171,0.628978793754186
3.93137799337445,7.07966507162529,0,1,1,0.0968818672466569,0.585422730010739,0,-1.52013723743059,1,48,34,3.91108901669419,3.91108901669419,1.46836924388096,3.91108901669419,3.91108901669419,1.46836924388096,0.658913416068567,0.658913416068567,0.657911960807054,0.620984826652113,0.620984826652113,0.620196293826368
2.0850065002665,7.24621602581398,1,1,0,0.691766117577028,1.04800771105863,1,-1.52013723743059,1,48,34,3.1207227255896,9.31904288802795,3.1207227255896,3.1207227255896,9.31904288802795,3.1207227255896,0.624984552278653,0.771117441485493,0.624984552278653,0.594536647301816,0.713865534691193,0.594536647301816
-1.97546755004318,1.65692271543524,1,1,0,-1.42788065961202,1.0213680630829,0,-1.52013723743059,1,48,34,-1.14521047676422,1.99798224352151,-1.14521047676422,-1.14521047676422,1.99798224352151,-1.14521047676422,0.627428770756377,0.816743483370492,0.627428770756377,0.596425120578258,0.75548666756196,0.596425120578258
4.20238839558106,9.22656853576802,1,1,1,-1.42114989239236,1.38067346275828,0,0.778371162099002,1,52,35,4.93877122275116,4.93877122275116,0.932512011986215,4.93877122275116,4.93877122275116,0.932512011986215,0.556280111376515,0.556280111376515,0.325433089221682,0.542223115547101,0.542223115547101,0.366618494005721
4.82399402835779,5.97036773784138,0,1,1,0.294272183660821,-0.0159966132774867,0,0.778371162099002,1,52,35,5.06694197969315,5.06694197969315,2.9666860880568,5.06694197969315,5.06694197969315,2.9666860880568,0.419027732438469,0.419027732438469,0.409095616828422,0.43911841210973,0.43911841210973,0.431574441872332
10.5297081143768,12.3096955489242,1,1,1,1.58121238956413,0.0470615898852099,1,0.778371162099002,1,52,35,10.7058394962686,10.7058394962686,5.60362470302612,10.7058394962686,10.7058394962686,5.60362470302612,0.784507188804391,0.784507188804391,0.409006056285867,0.725771802054025,0.725771802054025,0.431506297990838
12.0042554013503,12.3345125675653,1,1,1,1.73200893765947,-0.538801623866744,1,0.778371162099002,1,52,35,10.7096617753463,10.7096617753463,5.31935458546484,10.7096617753463,10.7096617753463,5.31935458546484,0.814108318993655,0.814108318993655,0.395900001745657,0.752995287924154,0.752995287924154,0.421509395900567
9.5148427378334,12.4500725653315,1,1,1,1.05174403772216,-0.10779105178195,1,0.778371162099002,1,52,35,9.50145426851927,9.50145426851927,4.38983535767501,9.50145426851927,9.50145426851927,4.38983535767501,0.651489197431771,0.651489197431771,0.408576182370584,0.615151345696362,0.615151345696362,0.43117918946383
2.03571811558095,3.73754656763348,1,1,1,-1.32291078055374,0.197253744477173,0,0.778371162099002,1,52,35,2.08447955709261,2.08447955709261,-0.0544294826176538,2.08447955709261,2.08447955709261,-0.0544294826176538,0.611056248410718,0.611056248410718,0.407329473081345,0.583818288123104,0.583818288123104,0.430230229306466
2.91687816865508,5.73726437097165,0,1,0,1.20723512882727,-1.30037998642236,0,0.778371162099002,1,52,35,3.50822860524482,7.29921671433264,3.50822860524482,3.50822860524482,7.29921671433264,3.50822860524482,0.334470805211447,0.500312792947758,0.334470805211447,0.373792540581678,0.500234186357918,0.373792540581678
1.47448925696049,6.4745572771696,1,1,1,-0.343275998813029,-0.713839529928672,0,0.778371162099002,1,52,35,3.60331368094671,3.60331368094671,0.99374680645792,3.60331368094671,3.60331368094671,0.99374680645792,0.399314286422783,0.399314286422783,0.386018984744041,0.424118654265849,0.424118654265849,0.413936801001092
4.40280033571586,7.11746164884071,1,0,0,0.199818331627395,1.26726518278864,0,0.778371162099002,1,52,35,4.06104018005608,7.76700122356441,4.06104018005608,4.06104018005608,7.76700122356441,4.06104018005608,0.338073181526339,0.342325223347117,0.338073181526339,0.376639258584417,0.37999038219941,0.376639258584417
1.73416848158933,4.14252213547415,1,1,0,0.764334669655129,-0.899503135115646,0,0.778371162099002,1,52,35,3.02330453820726,5.93241042829014,3.02330453820726,3.02330453820726,5.93241042829014,3.02330453820726,0.372664968568763,0.439175575337161,0.372664968568763,0.403647341835999,0.45435190069244,0.403647341835999
2.96607414332556,4.2403304895773,1,1,0,-0.288291196495933,1.56168392982979,0,0.778371162099002,1,52,35,3.37923987085057,7.91809656753919,3.37923987085057,3.37923987085057,7.91809656753919,3.37923987085057,0.303609383965595,0.312029721248307,0.303609383965595,0.349087573917469,0.35588841031006,0.349087573917469
4.11061702341533,4.55208771632285,1,1,1,-0.877024562158716,0.476578238163549,0,0.778371162099002,1,52,35,3.44379426494984,3.44379426494984,1.11666744785876,3.44379426494984,3.44379426494984,1.11666744785876,0.488193994700276,0.488193994700276,0.398762730355461,0.491159988035463,0.491159988035463,0.423697390131487
3.59817659532776,7.29506547464212,0,1,0,0.039562587579829,1.94552396453945,0,0.778371162099002,1,52,35,4.41878747371176,10.3038509703091,4.41878747371176,4.41878747371176,10.3038509703091,4.41878747371176,0.252203334621423,0.252344431078137,0.252203334621423,0.306359849466767,0.306480414941012,0.306359849466767
0.362721555835829,2.73501383329527,0,0,0,-0.810060356837925,-0.168814786930709,0,0.778371162099002,1,52,35,0.605202833406091,2.73370126569255,0.605202833406091,0.605202833406091,2.73370126569255,0.605202833406091,0.407804933039603,0.484240424234204,0.407804933039603,0.430592186934756,0.488198840448358,0.430592186934756
1.8159437986143,4.87931686545068,0,0,0,-0.64814355668356,1.62997413768254,0,0.778371162099002,1,52,35,2.72782535832807,7.48464104784202,2.72782535832807,2.72782535832807,7.48464104784202,2.72782535832807,0.294910123501535,0.338046445808806,0.294910123501535,0.342009026122155,0.376618157133587,0.342009026122155
8.94596110145972,10.5301628220112,1,1,1,0.467180849461955,-1.0330776954378,1,0.778371162099002,1,52,35,8.46267186230983,8.46267186230983,2.29542233749876,8.46267186230983,8.46267186230983,2.29542233749876,0.501532751378071,0.501532751378071,0.361302506884907,0.501147577486151,0.501147577486151,0.394836541642557
-3.13539325444287,0.62155319636024,1,1,0,-2.13933310155878,-0.490242493770142,0,0.778371162099002,1,52,35,-2.37477036287505,-0.0344326601770787,-2.37477036287505,-2.37477036287505,-0.0344326601770787,-2.37477036287505,0.39816358704461,0.853871109872346,0.39816358704461,0.423239673993882,0.792022992873843,0.423239673993882
4.69393418925975,7.36127565217006,0,1,1,0.420285630759457,-0.564293470103237,0,0.778371162099002,1,52,35,5.08884324582948,5.08884324582948,2.67041612542833,5.08884324582948,5.08884324582948,2.67041612542833,0.414750126988408,0.414750126988408,0.394628048346144,0.435872444929273,0.435872444929273,0.420536407036801
3.92524740103998,6.65362787246918,0,0,0,1.35406332162877,-0.483219913344759,0,0.778371162099002,1,52,35,4.61904506392543,6.95254654857835,4.61904506392543,4.61904506392543,6.95254654857835,4.61904506392543,0.398473588674158,0.611681120263229,0.398473588674158,0.423476513889732,0.584297659940111,0.423476513889732
6.10393966989259,12.1069376408282,1,1,1,0.19330011890954,0.197362986690002,1,0.778371162099002,1,52,35,8.11705370703693,8.11705370703693,2.97810155852173,8.11705370703693,8.11705370703693,2.97810155852173,0.528698074714159,0.528698074714159,0.407327504614362,0.521497745172166,0.521497745172166,0.430228730623174
0.73805924335954,4.7453829906382,1,1,1,-1.0378387675703,0.00736722683588907,0,0.778371162099002,1,52,35,2.4258823017392,2.4258823017392,0.325828025707947,2.4258823017392,2.4258823017392,0.325828025707947,0.535199654750076,0.535199654750076,0.409104834975185,0.526375117318966,0.526375117318966,0.431581455554169
-2.24684980986644,1.14377066379794,1,0,0,-2.0186629038603,0.177520150358981,1,0.778371162099002,1,52,35,-1.46566732334896,3.66584608043452,-1.46566732334896,-1.46566732334896,3.66584608043452,-1.46566732334896,0.407667220149345,0.885741400792884,0.407667220149345,0.430487355490343,0.826062500401668,0.430487355490343
10.7698134045925,13.6801712026956,0,1,1,1.12104389652332,1.34698201768518,0,0.778371162099002,1,52,35,9.8975687007117,9.8975687007117,5.98320814474447,9.8975687007117,9.8975687007117,5.98320814474447,0.470835697298374,0.470835697298374,0.329276554144861,0.478152618061879,0.478152618061879,0.369675145553218
-2.15250115818518,-1.42848777523861,1,1,0,-2.3132961462338,-1.14664927563739,0,0.778371162099002,1,52,35,-3.37910323409235,0.0357013272274027,-3.37910323409235,-3.37910323409235,0.0357013272274027,-3.37910323409235,0.350543373147708,0.873540947191454,0.350543373147708,0.386440891185355,0.812682364914687,0.386440891185355
4.12965616778948,4.08683191253093,1,1,1,-0.66729595390628,0.252384349547328,0,0.778371162099002,1,52,35,3.47562863564384,3.47562863564384,1.31193077574742,3.47562863564384,3.47562863564384,1.31193077574742,0.457777159655661,0.457777159655661,0.406198016938249,0.468351338816733,0.468351338816733,0.429368621192887
12.9256651781002,14.0308375529444,1,1,1,2.01032157522574,-0.821043567310562,1,0.778371162099002,1,52,35,11.3678504565756,11.3678504565756,5.59373791715356,11.3678504565756,11.3678504565756,5.59373791715356,0.87063142314246,0.87063142314246,0.378661603318357,0.809559224821234,0.809559224821234,0.408276140054834
3.8888241682859,3.58525133772279,1,1,0,0.0726766819501544,1.23065448101111,0,0.778371162099002,1,52,35,3.77014617892407,7.3846566305568,3.77014617892407,3.77014617892407,7.3846566305568,3.77014617892407,0.341967830887279,0.342531888167287,0.341967830887279,0.379709080507767,0.380153016622326,0.379709080507767
1.80862350276688,0.271013100195954,0,1,0,-0.381093926590779,-0.221647238745313,1,0.778371162099002,1,52,35,1.41030324208578,6.5594307405292,1.41030324208578,1.41030324208578,6.5594307405292,1.41030324208578,0.406862949512378,0.540891407102352,0.406862949512378,0.429875013424,0.530648480479552,0.429875013424
5.442832174193,4.55006439234218,0,1,0,1.23687945930324,-1.37979235074011,0,0.778371162099002,1,52,35,3.48810490187903,7.49193183303994,3.48810490187903,3.48810490187903,7.49193183303994,3.48810490187903,0.325534527983692,0.498816109617636,0.325534527983692,0.366699278649465,0.499113610715274,0.366699278649465
6.39513865266004,8.11566515009633,1,1,1,0.551014548224397,0.145671478874011,0,0.778371162099002,1,52,35,5.76305908909279,5.76305908909279,3.64183890933545,5.76305908909279,5.76305908909279,3.64183890933545,0.443201092056619,0.443201092056619,0.408137433885846,0.457386046102666,0.457386046102666,0.430845275499783
1.76706624672269,2.36987341581379,0,1,0,-0.80944449626427,0.118915928552868,0,0.778371162099002,1,52,35,0.894165270036976,3.00830626810057,0.894165270036976,0.894165270036976,3.00830626810057,0.894165270036976,0.408460917259919,0.484799997458175,0.408460917259919,0.431091470927012,0.48861798892001,0.431091470927012
7.33457441483996,8.50180848220431,1,1,1,0.181963091056291,0.899187883045602,0,0.778371162099002,1,52,35,6.56579124818686,6.56579124818686,3.65725239917083,6.56579124818686,6.56579124818686,3.65725239917083,0.376362937337169,0.376362937337169,0.372690080877928,0.406503451344335,0.406503451344335,0.403666755455559
5.43009208229769,7.09788818986737,1,1,1,-0.340464827686669,0.962896995509027,0,0.778371162099002,1,52,35,5.70327629810865,5.70327629810865,2.67610567414834,5.70327629810865,5.70327629810865,2.67610567414834,0.38029955781124,0.38029955781124,0.367450727541296,0.409538078647894,0.409538078647894,0.399610809137777
6.11971838928917,7.69118580852277,1,1,1,0.62670235206869,-0.172799692587412,0,0.778371162099002,1,52,35,5.60460307932092,5.60460307932092,3.47474334556262,5.60460307932092,5.60460307932092,3.47474334556262,0.453209899153019,0.453209899153019,0.407742752048144,0.464918713888734,0.464918713888734,0.430544853433207
4.68576949675255,9.39003644257227,1,0,0,0.519990511698365,1.86937272648269,0,0.778371162099002,1,52,35,5.30349208389207,10.8980464744094,5.30349208389207,5.30349208389207,10.8980464744094,5.30349208389207,0.262814410129336,0.288544520756915,0.262814410129336,0.315371288556358,0.336793573217788,0.315371288556358
3.20140493032508,6.06578072104674,1,1,1,-1.54122887119182,0.804611645971189,0,0.778371162099002,1,52,35,2.86369213843267,2.86369213843267,0.116292237600202,2.86369213843267,2.86369213843267,0.116292237600202,0.653092719506342,0.653092719506342,0.379852493011927,0.616408925133621,0.616408925133621,0.409193743718556
5.4295503037315,5.30558499416803,0,1,1,-0.146821947733185,-0.103659166981148,0,0.778371162099002,1,52,35,4.10758049446436,4.10758049446436,1.99683527156513,4.10758049446436,4.10758049446436,1.99683527156513,0.411081429400425,0.411081429400425,0.408616114128293,0.433084826968621,0.433084826968621,0.431209577298147
7.94681530745092,10.8656577305601,0,1,1,0.0265694439944326,-1.67728842885892,1,0.778371162099002,1,52,35,8.68328526672661,8.68328526672661,0.769988793142598,8.68328526672661,8.68328526672661,0.769988793142598,0.394939827723674,0.394939827723674,0.288751157401641,0.420774952562002,0.420774952562002,0.336963367010176
8.0224784429297,13.1465693308773,0,1,1,-0.565427418711309,0.87587857787928,1,0.778371162099002,1,52,35,8.00632535765714,8.00632535765714,2.13916207446931,8.00632535765714,8.00632535765714,2.13916207446931,0.527646001798005,0.527646001798005,0.37452422448931,0.520708848912854,0.520708848912854,0.405084001997075
1.73575716964973,5.50939475836354,1,1,0,0.53208963416902,-1.22953513637341,0,0.778371162099002,1,52,35,2.22878246597727,5.84053911755406,2.22878246597727,2.22878246597727,5.84053911755406,2.22878246597727,0.34208542769948,0.3728929659724,0.34208542769948,0.379801647679946,0.403823590965836,0.379801647679946
7.51462924414725,11.5238959938422,1,1,1,0.410681997005659,0.0812012024466988,1,0.778371162099002,1,52,35,8.40329716574946,8.40329716574946,3.29670353047067,8.40329716574946,8.40329716574946,3.29670353047067,0.545630243254136,0.545630243254136,0.408805877429953,0.534209304948464,0.534209304948464,0.431353980073716
4.60423981488515,4.56613258745272,0,1,1,0.354056578603594,-0.688019841686896,0,0.778371162099002,1,52,35,4.9876029520878,4.9876029520878,2.41423164953294,4.9876029520878,4.9876029520878,2.41423164953294,0.401812373674594,0.401812373674594,0.387644219679185,0.426025471266416,0.426025471266416,0.415184615421982
3.74255945982704,6.21725039902389,0,0,0,0.077613609026464,0.531974247457631,0,0.778371162099002,1,52,35,3.08133979952321,5.46433639948132,3.08133979952321,3.08133979952321,5.46433639948132,3.08133979952321,0.39623090364512,0.396912840714881,0.39623090364512,0.421762436939192,0.422283805835561,0.421762436939192
3.18732123136652,3.46446124865975,1,1,0,-1.33102814211776,1.62871292877182,0,0.778371162099002,1,52,35,1.36079497854895,6.11350078289743,1.36079497854895,1.36079497854895,6.11350078289743,1.36079497854895,0.295072869163223,0.491996675995147,0.295072869163223,0.342141961641045,0.494007619202199,0.342141961641045
5.44100110369854,9.47535821211406,1,0,1,0.583142572586118,0.5995011789613,0,0.778371162099002,1,52,35,6.61932632172217,6.61932632172217,4.15992465814619,6.61932632172217,6.61932632172217,4.15992465814619,0.43171083359043,0.43171083359043,0.392777077936792,0.448717710632105,0.448717710632105,0.419119563322836
8.37881045573786,10.6498394189772,1,1,1,2.29951332969861,-0.655487347717398,0,0.778371162099002,1,52,35,8.86734130871005,8.86734130871005,6.33767764569247,8.86734130871005,8.86734130871005,6.33767764569247,0.88835340740441,0.88835340740441,0.389609938005194,0.828990636316575,0.828990636316575,0.416692624417236
3.00002601181521,7.22109850621122,1,1,0,0.19483017946544,0.0865343231065381,0,0.778371162099002,1,52,35,2.87033301605007,4.97782120512557,2.87033301605007,2.87033301605007,4.97782120512557,2.87033301605007,0.408764986427508,0.413109434369192,0.408764986427508,0.431322864385855,0.434626217098651,0.431322864385855
5.57703330428521,5.04465228338737,0,1,1,-0.348341415076273,0.268313076562164,0,0.778371162099002,1,52,35,4.13776048747652,4.13776048747652,1.96576858042227,4.13776048747652,4.13776048747652,1.96576858042227,0.419724212913613,0.419724212913613,0.405819656250604,0.439646496561592,0.439646496561592,0.429080417537189
0.287784912806787,1.93803267029171,1,0,0,-1.04458689657781,-0.277071159037422,0,0.778371162099002,1,52,35,0.027893381819604,2.20466180898995,0.027893381819604,0.027893381819604,2.20466180898995,0.027893381819604,0.405601807650349,0.533245328925581,0.405601807650349,0.42891446017777,0.524908599903899,0.42891446017777
9.24741181321019,11.3949514651299,1,1,1,0.141823372026888,0.966150211493602,1,0.778371162099002,1,52,35,9.67738152072916,9.67738152072916,3.64393528956003,9.67738152072916,9.67738152072916,3.64393528956003,0.484468816329874,0.484468816329874,0.367174385198865,0.488369919296191,0.488369919296191,0.399396568626243
7.61828783736172,10.7581344478693,1,1,1,0.188872636508498,-0.577989477623447,1,0.778371162099002,1,52,35,7.62796596564962,7.62796596564962,2.1938941294062,7.62796596564962,7.62796596564962,2.1938941294062,0.514592216557763,0.514592216557763,0.393920975967907,0.510926757511514,0.510926757511514,0.419995302788191
5.32730715081839,7.34135325238717,0,1,0,1.80246010528408,-0.159641448458779,0,0.778371162099002,1,52,35,5.83941709612202,7.96490248818804,5.83941709612202,5.83941709612202,7.96490248818804,5.83941709612202,0.407942571506402,0.762638111285502,0.407942571506402,0.430696956465272,0.70644054782321,0.430696956465272
5.06327331393096,4.85691527805943,1,0,0,1.15213544510613,-0.182643233125591,0,-0.938096458964901,1,45,36,4.24160269076417,6.37496124137074,4.24160269076417,4.24160269076417,6.37496124137074,4.24160269076417,0.607518684657675,0.744154405893476,0.607518684657675,0.581106927738345,0.690534367326159,0.581106927738345
2.11357410379734,2.46650131237411,0,0,0,0.424789170135107,-0.6494854804314,0,-0.938096458964901,1,45,36,2.32006789351633,4.84189928280753,2.32006789351633,2.32006789351633,4.84189928280753,2.32006789351633,0.589862747685542,0.610342030943622,0.589862747685542,0.567633163002285,0.583270537881197,0.567633163002285
4.13388650926905,3.20794597828814,1,0,1,-0.0444564281660786,-0.831580147428601,0,-0.938096458964901,1,45,36,3.99100757151413,3.99100757151413,1.19948202991676,3.99100757151413,3.99100757151413,1.19948202991676,0.577699178310833,0.577699178310833,0.57747127446232,0.558400863333332,0.558400863333332,0.55822822537018
0.669268283842898,2.22680873097614,1,0,0,-0.499934563666361,-0.00930799979940496,0,-0.938096458964901,1,45,36,1.11079790654539,3.21088454540565,1.11079790654539,1.11079790654539,3.21088454540565,1.11079790654539,0.609019159562368,0.636806510112965,0.609019159562368,0.582256452418605,0.603693310759756,0.582256452418605
1.72377644605509,-0.0962439544752519,1,0,0,-0.421583638602324,-0.975538072654979,0,-0.938096458964901,1,45,36,0.301269683817886,3.35294421501728,0.301269683817886,0.301269683817886,3.35294421501728,0.301269683817886,0.565429505229747,0.585944819828714,0.565429505229747,0.54912262952836,0.564655327221426,0.54912262952836
6.09719588878093,7.16201612593554,0,0,1,-0.00381504089917362,-0.171047712502255,1,-0.938096458964901,1,45,36,7.07055455932917,7.07055455932917,1.94129723937691,7.07055455932917,7.07055455932917,1.94129723937691,0.713466078773302,0.713466078773302,0.607703744536252,0.664860299699188,0.664860299699188,0.581248663142588
4.17761743690006,3.83542474419522,1,0,0,1.16735521792239,0.29193149161043,0,-0.938096458964901,1,45,36,4.74661696113273,6.93184095692662,4.74661696113273,4.74661696113273,6.93184095692662,4.74661696113273,0.605175833312268,0.745476146105076,0.605175833312268,0.579313530235261,0.691659871193284,0.579313530235261
8.32213091170021,6.69239374260594,0,0,0,2.16363726023987,0.639611673740383,0,-0.938096458964901,1,45,36,7.08686122789763,9.59596432108261,7.08686122789763,7.08686122789763,9.59596432108261,7.08686122789763,0.590445012943054,0.932236503631178,0.590445012943054,0.568076064828934,0.88247590895305,0.568076064828934
4.76795570669709,4.28369991125596,0,0,0,-0.0212568482700851,2.046051640869,0,-0.938096458964901,1,45,36,4.12351297800634,10.4098402951091,4.12351297800634,4.12351297800634,10.4098402951091,4.12351297800634,0.413908949576608,0.413960772224138,0.413908949576608,0.43523359488324,0.43527295794416,0.43523359488324
3.59272407178534,4.32209985177385,1,0,1,-0.785926993562029,0.246106019251695,0,-0.938096458964901,1,45,36,2.95479523851707,2.95479523851707,0.794227065805151,2.95479523851707,2.95479523851707,0.794227065805151,0.673594079503268,0.673594079503268,0.606290160740267,0.632607003375395,0.632607003375395,0.580166299084476
-0.408458419709701,1.51273503734388,0,0,0,0.109621388412582,-1.1978160211515,1,-0.938096458964901,1,45,36,1.14140178935118,7.67616500987839,1.14140178935118,1.14140178935118,7.67616500987839,1.14140178935118,0.542882116598967,0.657181174384042,0.542882116598967,0.532143983275462,0.619621212456491,0.532143983275462
-0.694577388963131,0.835722962463735,0,0,0,-0.732288417949216,-1.22264200192202,0,-0.938096458964901,1,45,36,-0.567243804142941,3.02760966072095,-0.567243804142941,-0.567243804142941,3.02760966072095,-0.567243804142941,0.540063916456934,0.602051225365635,0.540063916456934,0.53002697521007,0.576924452241294,0.53002697521007
3.47274435502838,4.26909096445199,1,1,0,0.707257967826977,0.160912406967428,0,-0.938096458964901,1,45,36,3.6954033762989,5.82129617901495,3.6954033762989,3.6954033762989,5.82129617901495,3.6954033762989,0.607855539658478,0.662690695897353,0.607855539658478,0.581364929854052,0.623963788940277,0.581364929854052
1.43290607665478,1.01276664599754,1,0,0,0.11756585105122,-0.543499949390874,1,-0.938096458964901,1,45,36,1.81160678638908,7.20699898137696,1.81160678638908,1.81160678638908,7.20699898137696,1.81160678638908,0.59563590900214,0.704363242979459,0.59563590900214,0.572028684723702,0.657397588498136,0.572028684723702
6.14208785342816,6.74718388488256,0,0,1,0.486066062872352,0.311318997069181,0,-0.938096458964901,1,45,36,5.60034567442756,5.60034567442756,3.4034261564914,5.60034567442756,5.60034567442756,3.4034261564914,0.631045092372613,0.631045092372613,0.604646885166937,0.599223598955877,0.599223598955877,0.578908878398703
-3.18290748648938,-0.400160734030671,1,0,0,-1.49492129355926,-1.08650847228212,0,-0.938096458964901,1,45,36,-1.95637602572313,1.32412463461769,-1.95637602572313,-1.95637602572313,1.32412463461769,-1.95637602572313,0.554775980976914,0.782856839805254,0.554775980976914,0.541090239234448,0.724291666609814,0.541090239234448
3.88475417982095,0.33856568372107,1,0,0,-0.257363238895847,0.335193381599751,0,-0.938096458964901,1,45,36,1.94044193748557,4.15279654055385,1.94044193748557,1.94044193748557,4.15279654055385,1.94044193748557,0.603948451958621,0.611419718360774,0.603948451958621,0.578374705203822,0.584097108616905,0.578374705203822
-0.758628506848457,-1.57363533481971,1,0,0,-0.999992933916158,-0.721685305289078,0,-0.938096458964901,1,45,36,-0.60169613944388,2.01913354042631,-0.60169613944388,-0.60169613944388,2.01913354042631,-0.60169613944388,0.585325913479799,0.693955197424411,0.585325913479799,0.564185291248453,0.648940424105687,0.564185291248453
1.9189510182899,4.61249051093261,0,0,0,0.738325976873272,-0.339911449538987,0,-0.938096458964901,1,45,36,3.25671553788507,5.47225533141277,3.25671553788507,3.25671553788507,5.47225533141277,3.25671553788507,0.603804272565371,0.66365029026854,0.603804272565371,0.578264453726717,0.624721798534316,0.578264453726717
-1.75911450562817,0.0998014158491227,0,0,0,-1.11696761615263,-0.864446736092687,0,-0.938096458964901,1,45,36,-0.978406934720436,1.86886122482086,-0.978406934720436,-0.978406934720436,1.86886122482086,-0.978406934720436,0.574897953340545,0.709594724622087,0.574897953340545,0.556279746128636,0.66167864245437,0.556279746128636
9.63209711380408,12.2346414888494,1,1,1,2.23100231881141,-1.01252674595105,1,-0.938096458964901,1,45,36,11.6946633366155,11.6946633366155,5.56945292534929,11.6946633366155,11.6946633366155,5.56945292534929,0.958483319783069,0.958483319783069,0.562011684997288,0.920055990159901,0.920055990159901,0.546543507299443
0.526330980618314,2.30981376348652,0,0,0,0.302972332992747,0.28084739156224,0,-0.938096458964901,1,45,36,3.00676709122525,5.18564234857256,3.00676709122525,3.00676709122525,5.18564234857256,3.00676709122525,0.605462866625599,0.615790021773191,0.605462866625599,0.579533151828298,0.587453195016801,0.579533151828298
-2.51389851928686,-0.0116864992681246,1,0,0,-1.48829347859722,-0.0998118541826988,0,-0.938096458964901,1,45,36,-0.956423777699631,1.15353862853576,-0.956423777699631,-0.956423777699631,1.15353862853576,-0.956423777699631,0.608573992461159,0.817278449816655,0.608573992461159,0.581915328657527,0.755993923204838,0.581915328657527
0.800028361836079,0.575293519097145,0,0,0,-0.79234457786894,0.129116078738892,0,-0.938096458964901,1,45,36,0.664401956678526,2.78107291846743,0.664401956678526,0.664401956678526,2.78107291846743,0.664401956678526,0.608271494510722,0.67647857086037,0.608271494510722,0.581683567431454,0.634905078177475,0.581683567431454
2.85233589270576,5.43627085991038,0,1,0,0.948088802884546,-0.807328194262775,1,-0.938096458964901,1,45,36,3.20882444518383,8.96060325843542,3.20882444518383,3.20882444518383,8.96060325843542,3.20882444518383,0.579303720095278,0.772544134980879,0.579303720095278,0.559616650858631,0.71512332162784,0.559616650858631
0.872315703890767,0.562696106291119,0,0,1,-1.46906702800953,-0.401950105584619,0,-0.938096458964901,1,45,36,1.04145475945333,1.04145475945333,-1.22010912792616,1.04145475945333,1.04145475945333,-1.22010912792616,0.808675443616596,0.808675443616596,0.601719057540607,0.747896182547139,0.747896182547139,0.576670656517022
4.07507341272647,6.33237225725906,0,0,0,1.0574339761156,1.38537559063093,0,-0.938096458964901,1,45,36,5.62021857653965,9.63948410365566,5.62021857653965,5.62021857653965,9.63948410365566,5.62021857653965,0.520099521301011,0.647756191608576,0.520099521301011,0.515052511398504,0.612228593203859,0.515052511398504
4.83430510093918,5.40113880586459,0,0,1,0.531775362652776,-0.918839726704365,0,-0.938096458964901,1,45,36,5.20895247564885,5.20895247564885,2.2646860322787,5.20895247564885,5.20895247564885,2.2646860322787,0.602818651265124,0.602818651265124,0.570410933602078,0.577510941916992,0.577510941916992,0.552885728666962
1.28581373979782,2.33635045712035,0,0,0,1.00666632478054,-1.30699057230876,0,-0.938096458964901,1,45,36,2.82631711092982,6.63454146703381,2.82631711092982,2.82631711092982,6.63454146703381,2.82631711092982,0.530038378415577,0.645549368792108,0.530038378415577,0.522502904497461,0.610503919042904,0.522502904497461
0.648443263505176,0.752290606062939,1,0,0,-1.3939677352866,1.66466923027063,0,-0.938096458964901,1,45,36,0.996708793374934,5.86783243958475,0.996708793374934,0.996708793374934,5.86783243958475,0.996708793374934,0.47990487721749,0.698286144674916,0.47990487721749,0.484950777521513,0.652450148100144,0.484950777521513
1.09450546054297,1.78422738358252,0,1,0,-0.747714233679622,0.299715095851523,0,-0.938096458964901,1,45,36,0.924261662169793,3.11409080085108,0.924261662169793,0.924261662169793,3.11409080085108,0.924261662169793,0.604967586536321,0.6662129477781,0.604967586536321,0.579154208194118,0.626748587310656,0.579154208194118
-1.52541785005943,1.68112215817228,0,0,0,-0.288915896283027,-0.767881772031477,1,-0.938096458964901,1,45,36,0.774261469079981,6.46390388489818,0.774261469079981,0.774261469079981,6.46390388489818,0.774261469079981,0.582164213234788,0.699579515280506,0.582164213234788,0.561785608459187,0.653500848728341,0.561785608459187
1.91841605333031,3.17428714870372,1,0,0,0.245776137497786,-0.630834333619965,1,-0.938096458964901,1,45,36,1.98069297505312,7.47864493152687,1.98069297505312,1.98069297505312,7.47864493152687,1.98069297505312,0.590954931365854,0.704914074751855,0.590954931365854,0.568464011497229,0.657847371768694,0.568464011497229
3.73168316347606,4.95834829305267,0,0,0,0.85810155497995,0.196552112473018,0,-0.938096458964901,1,45,36,4.03273025611043,6.17136298902804,4.03273025611043,4.03273025611043,6.17136298902804,4.03273025611043,0.607280654374537,0.686762839215976,0.607280654374537,0.580924639435908,0.643140284873203,0.580924639435908
-4.50913682321584,-2.25563708908197,0,0,0,-1.14089296698646,-1.8350930241649,0,-0.938096458964901,1,45,36,-1.99690392446031,3.47066248287838,-1.99690392446031,-1.99690392446031,3.47066248287838,-1.99690392446031,0.451879395873491,0.603897761079731,0.451879395873491,0.463918223251591,0.578335942018884,0.463918223251591
1.36521395238865,2.34899866382995,1,0,0,0.00322253784688282,-0.290344029248219,0,-0.938096458964901,1,45,36,1.83607608012306,4.02037573544315,1.83607608012306,1.83607608012306,4.02037573544315,1.83607608012306,0.605217628049018,0.605218801913201,0.605217628049018,0.579345507546795,0.579346405682833,0.579345507546795
3.11034961462646,3.26206513890564,0,1,0,0.253216356901547,0.130514402089007,0,-0.938096458964901,1,45,36,2.75692214956961,4.87395615872226,2.75692214956961,2.75692214956961,4.87395615872226,2.75692214956961,0.60825512194392,0.615461053910901,0.60825512194392,0.581671024325386,0.587200336363177,0.581671024325386
2.84267218246691,3.63111046278161,1,0,0,0.278613181665999,-0.646104483780705,1,-0.938096458964901,1,45,36,2.03109691322881,7.54854791719034,2.03109691322881,2.03109691322881,7.54854791719034,2.03109691322881,0.590063158808078,0.705845943929504,0.590063158808078,0.567785595965842,0.658608810597275,0.567785595965842
0.188232501574421,1.68657659435155,0,0,0,-0.108425141018624,-0.495906246842713,0,-0.938096458964901,1,45,36,1.40721850479755,3.75314151045518,1.40721850479755,1.40721850479755,3.75314151045518,1.40721850479755,0.597887892456524,0.599223957564135,0.597887892456524,0.573745857446477,0.574765336282902,0.573745857446477
2.21190970504027,2.99800735397542,1,0,1,-1.14309911027506,-1.153504299897,0,-0.938096458964901,1,45,36,2.11084468311126,2.11084468311126,-1.31972748676961,2.11084468311126,2.11084468311126,-1.31972748676961,0.692214523781727,0.692214523781727,0.547762333401649,0.647533486497274,0.647533486497274,0.535812339071393
1.91018355819869,2.37501542385473,1,0,0,-0.204728733695945,0.0706591315073074,0,-0.938096458964901,1,45,36,1.78117669779293,3.8861694106583,1.78117669779293,1.78117669779293,3.8861694106583,1.78117669779293,0.608798031469894,0.613511525324395,0.608798031469894,0.58208699756558,0.585702634687871,0.58208699756558
1.79541351345318,2.1091297061248,0,0,0,0.535332713296681,-2.10727938856872,0,-0.938096458964901,1,45,36,1.08336107170216,7.6239874931887,1.08336107170216,1.08336107170216,7.6239874931887,1.08336107170216,0.402291009703955,0.43525021077746,0.402291009703955,0.426390605781732,0.451390459548854,0.426390605781732
5.77641328175354,8.47450762373008,0,0,1,1.46652538148179,-0.754505188090937,0,-0.938096458964901,1,45,36,6.9677986874063,6.9677986874063,4.29852060855016,6.9677986874063,6.9677986874063,4.29852060855016,0.795663096366279,0.795663096366279,0.583100564445245,0.735876334600888,0.735876334600888,0.562496025024841
-2.23081061125689,-0.34893038147164,1,0,0,-1.57352294913464,0.153744266504451,1,-0.938096458964901,1,45,36,-0.873326598087314,4.25031070139568,-0.873326598087314,-0.873326598087314,4.25031070139568,-0.873326598087314,0.60795728885966,0.891556643641565,0.60795728885966,0.581442868404529,0.832614293657243,0.581442868404529
7.47033444344472,8.53745963501949,1,0,1,0.0914818728442747,0.845521435047832,1,-0.938096458964901,1,45,36,8.96336671153924,8.96336671153924,3.14846021441389,8.96336671153924,8.96336671153924,3.14846021441389,0.686918359730973,0.686918359730973,0.576392387855877,0.643265336723085,0.643265336723085,0.557411126579544
2.5663456624573,5.67180483513279,0,1,0,0.523685014168248,2.83240666657888,1,0.471549336096954,0,44,37,3.82501125196302,16.9475387768435,3.82501125196302,3.82501125196302,16.9475387768435,3.82501125196302,0.218788838232728,0.339608249204664,0.218788838232728,0.277180648473267,0.377850183909108,0.277180648473267
5.29236241321669,5.32256291427386,0,1,1,-0.318519058775475,0.877562581686193,0,0.471549336096954,0,44,37,5.01071919085131,5.01071919085131,2.14060310607557,5.01071919085131,5.01071919085131,2.14060310607557,0.537917036206507,0.537917036206507,0.525990278139745,0.52841487997731,0.52841487997731,0.519467483181169
2.73254965554957,1.70051747355828,0,1,0,0.111020720252018,-0.10396752156216,0,0.471549336096954,0,44,37,2.99968266413056,5.11049190967034,2.99968266413056,2.99968266413056,5.11049190967034,2.99968266413056,0.561559800249212,0.562992995678858,0.561559800249212,0.546202672270983,0.547283791375197,0.546202672270983
5.74941205384761,6.02071918615984,0,1,0,1.62021841276789,-0.485425075305355,1,0.471549336096954,0,44,37,6.0180780491623,11.3537155528975,6.0180780491623,6.0180780491623,11.3537155528975,6.0180780491623,0.551074557469994,0.874197740072595,0.551074557469994,0.538303933637845,0.813390838986703,0.538303933637845
1.82295662803067,0.362376031529425,1,1,0,-0.952121057470269,-1.42193798767857,0,0.471549336096954,0,44,37,0.873399108685984,4.99530674948938,0.873399108685984,0.873399108685984,4.99530674948938,0.873399108685984,0.466962806588395,0.573399622346131,0.466962806588395,0.475247555188015,0.555145913553775,0.475247555188015
0.0395453175242597,1.63154144147902,1,1,0,-0.888932995513025,-1.35036557125627,1,0.471549336096954,0,44,37,0.999775232600472,7.92326240863474,0.999775232600472,0.999775232600472,7.92326240863474,0.999775232600472,0.476301043072028,0.679591577462563,0.476301043072028,0.482250073453792,0.637390857402989,0.482250073453792
3.76542784925841,4.47316515549546,0,1,0,0.199919266893149,0.820472253669212,1,0.471549336096954,0,44,37,3.17747975741282,8.95065447645386,3.17747975741282,3.17747975741282,8.95065447645386,3.17747975741282,0.530552810005804,0.648901114866176,0.530552810005804,0.522888742954357,0.613124289543059,0.522888742954357
2.15166197483094,0.241978245013568,1,1,0,-0.791814722251125,0.245998758363508,0,0.471549336096954,0,44,37,1.19401177912427,3.35452716824066,1.19401177912427,1.19401177912427,3.35452716824066,1.19401177912427,0.55924585515352,0.630562616588041,0.55924585515352,0.544457946438992,0.598849927573403,0.544457946438992
1.35712708395541,0.0375136232731612,0,0,0,-0.677637273032379,-1.63324140559307,0,0.471549336096954,0,44,37,1.42236667756176,6.18984416650539,1.42236667756176,1.42236667756176,6.18984416650539,1.42236667756176,0.436764350897887,0.490636213739181,0.436764350897887,0.452533120760355,0.492988885940641,0.452533120760355
0.377856727776455,-0.132931420924477,1,0,0,-1.62426549558894,1.88399226593084,1,0.471549336096954,0,44,37,-0.470889767551358,8.17853709053585,-0.470889767551358,-0.470889767551358,8.17853709053585,-0.470889767551358,0.396259166077583,0.786604550172672,0.396259166077583,0.421784047644321,0.727658177159896,0.421784047644321
3.068867775261,3.40004914162012,1,1,0,-0.124562912727763,0.0723115696599726,0,0.471549336096954,0,44,37,2.528515398171,4.63374436127769,2.528515398171,2.528515398171,4.63374436127769,2.528515398171,0.561819418994597,0.563623189081192,0.561819418994597,0.546398485731811,0.547759292348538,0.546398485731811
2.5057442125672,0.849423516458371,0,1,0,-0.00828967602438908,-0.987891188005306,0,0.471549336096954,0,44,37,2.76106187157774,5.83699087091628,2.76106187157774,2.76106187157774,5.83699087091628,2.76106187157774,0.516290909477383,0.516299011612698,0.516290909477383,0.512199161526465,0.512205230735004,0.512199161526465
2.91557803998966,3.2895204964682,1,1,0,0.0254098305373922,-0.320591498700251,0,0.471549336096954,0,44,37,2.82846088470131,5.03123979374018,2.82846088470131,2.82846088470131,5.03123979374018,2.82846088470131,0.557276448574318,0.557351696996781,0.557276448574318,0.542973738192372,0.543030435731813,0.542973738192372
2.68495817179298,4.41682396054575,0,0,0,-0.0234005449836329,1.94797744943865,0,0.471549336096954,0,44,37,2.73084013365926,8.62545627718076,2.73084013365926,2.73084013365926,8.62545627718076,2.73084013365926,0.385211894338805,0.385273273384655,0.385211894338805,0.413316792979738,0.413363952544491,0.413316792979738
6.99423611651268,6.57140667203246,1,1,0,1.21582445337883,-1.75480265637355,1,0.471549336096954,0,44,37,5.20929013038418,13.3886224931998,5.20929013038418,5.20929013038418,13.3886224931998,5.20929013038418,0.417715895813973,0.698501980074835,0.417715895813973,0.438123434523866,0.652625403878924,0.438123434523866
5.11412119372647,4.78829842126108,1,1,0,0.319495833934531,-0.079535494985002,1,0.471549336096954,0,44,37,3.41663289149558,8.52295878645809,3.41663289149558,3.41663289149558,8.52295878645809,3.41663289149558,0.561768387547374,0.68358638113746,0.561768387547374,0.546359995080411,0.640589575144605,0.546359995080411
8.50543272432289,6.66675817905824,1,1,1,-0.297850569678804,-0.028495835560052,1,0.471549336096954,0,44,37,7.28275209691318,7.28275209691318,2.18194008426891,7.28275209691318,7.28275209691318,2.18194008426891,0.682438511803666,0.682438511803666,0.562024891679244,0.639669423959408,0.639669423959408,0.546553469025092
1.43260824286318,1.41720253696755,1,1,0,-0.466534737883399,-1.49845381557701,0,0.471549336096954,0,44,37,1.84457174785972,6.18993558527702,1.84457174785972,1.84457174785972,6.18993558527702,1.84457174785972,0.456472952364271,0.482063213650168,0.456472952364271,0.467371406430732,0.486567860403799,0.467371406430732
2.57695826905475,4.05645264545652,1,1,0,-0.0357515332386955,0.726682423950416,0,0.471549336096954,0,44,37,2.70613815714913,5.33420550242758,2.70613815714913,2.70613815714913,5.33420550242758,2.70613815714913,0.537372968414197,0.537523015342554,0.537372968414197,0.528006420355668,0.528119065065782,0.528006420355668
3.02901193637528,2.75052749948354,1,1,0,-0.226655704818197,0.0560582901227295,0,0.471549336096954,0,44,37,2.32432981399013,4.42747234588161,2.32432981399013,2.32432981399013,4.42747234588161,2.32432981399013,0.561916480476886,0.567882223559031,0.561916480476886,0.546471696006317,0.550974855172834,0.546471696006317
3.6944024655073,3.3957944192583,1,0,0,0.660911522249699,-0.463975385985132,1,0.471549336096954,0,44,37,4.09946426812592,9.41473742692597,4.09946426812592,4.09946426812592,9.41473742692597,4.09946426812592,0.55202620208814,0.708842465407501,0.55202620208814,0.53902009829673,0.661061761278431,0.53902009829673
1.42315050881934,0.65443677314028,0,1,0,-1.48246592215974,-1.29415367152723,0,0.471549336096954,0,44,37,-0.187290620692956,3.58754310483446,-0.187290620692956,-0.187290620692956,3.58754310483446,-0.187290620692956,0.483307796198469,0.725945785485158,0.483307796198469,0.487500223335011,0.675199942810173,0.487500223335011
1.32486394200608,0.982093458181593,0,1,0,-0.959361212730256,-0.702493627840269,0,0.471549336096954,0,44,37,0.858918798166011,3.45241609532219,0.858918798166011,0.858918798166011,3.45241609532219,0.858918798166011,0.538995916790462,0.643729667366738,0.538995916790462,0.529224947697362,0.609083512955055,0.529224947697362
-1.39515429712402,-0.51549390682012,1,1,0,-1.14801135143209,0.574967491547117,1,0.471549336096954,0,44,37,0.481618520762347,5.91220613709833,0.481618520762347,0.481618520762347,5.91220613709833,0.481618520762347,0.546632853380248,0.783952633499968,0.546632853380248,0.534963050877809,0.725274033084793,0.534963050877809
-0.689227306864612,-0.204491247349977,0,1,0,-1.15780289042413,-0.267474225596759,0,0.471549336096954,0,44,37,0.462035442778255,2.63357790413684,0.462035442778255,0.462035442778255,2.63357790413684,0.462035442778255,0.558732181495958,0.705015022543889,0.558732181495958,0.544070761439795,0.657929825612959,0.544070761439795
0.23036241986392,-0.907082764693934,0,1,0,-1.85547626094148,-0.210807161922725,1,0.471549336096954,0,44,37,-0.933311298256445,4.21112836126147,-0.933311298256445,-0.933311298256445,4.21112836126147,-0.933311298256445,0.559994493533323,0.914902960058888,0.559994493533323,0.545022319848769,0.860253236368332,0.545022319848769
1.00247697572871,2.14569260378377,1,1,0,-0.259647292332343,0.428283060832259,0,0.471549336096954,0,44,37,2.25834663896184,4.54177301915769,2.25834663896184,2.25834663896184,4.54177301915769,2.25834663896184,0.553513701708657,0.56137017743699,0.553513701708657,0.540139799578506,0.54605965986963,0.540139799578506
0.573260798215277,2.1001036818696,1,1,0,-0.95274003837493,1.28547733686613,0,0.471549336096954,0,44,37,0.872161146876663,4.6246131304731,0.872161146876663,0.872161146876663,4.6246131304731,0.872161146876663,0.484363361515234,0.590528276708895,0.484363361515234,0.488290927851976,0.568139407181207,0.488290927851976
3.46043254850789,2.40507027299443,1,1,0,-0.308981389963105,-0.544112495136783,1,0.471549336096954,0,44,37,2.15967844370031,7.55573685106429,2.15967844370031,2.15967844370031,7.55573685106429,2.15967844370031,0.548248961511944,0.670868285935772,0.548248961511944,0.536178303039096,0.630439884337324,0.536178303039096
8.36475485453263,7.9394626259819,1,1,0,2.43238173082548,-1.16011298020319,1,0.471549336096954,0,44,37,7.64240468527749,14.0882668121134,7.64240468527749,7.64240468527749,14.0882668121134,7.64240468527749,0.498832272778816,0.965705599423896,0.498832272778816,0.499125712192835,0.931545205342091,0.499125712192835
4.53941495267194,4.65503178960556,0,1,0,0.459869917320913,-0.316793262172714,0,0.471549336096954,0,44,37,3.69738105826835,5.89773902922638,3.69738105826835,3.69738105826835,5.89773902922638,3.69738105826835,0.557389306982315,0.581882282500949,0.557389306982315,0.543058774139111,0.561571747737912,0.543058774139111
4.05708286503196,2.61388734653687,1,0,0,0.212683884002652,2.04840907306276,1,0.471549336096954,0,44,37,3.20300899163183,12.4989887222377,3.20300899163183,3.20300899163183,12.4989887222377,3.20300899163183,0.367373459043405,0.487644672255843,0.367373459043405,0.399550908257564,0.490748592005383,0.399550908257564
1.80570658424524,2.54002529389094,1,1,0,-0.24865399627583,0.397018377232814,1,0.471549336096954,0,44,37,2.28033323107486,7.53795682293544,2.28033323107486,2.28033323107486,7.53795682293544,2.28033323107486,0.554718230882949,0.673142838882605,0.554718230882949,0.541046750482312,0.632247947539484,0.541046750482312
-1.93237795806993,-1.57493506788802,0,1,0,-2.07125645220572,-0.0600766056176806,0,0.471549336096954,0,44,37,-1.36487168078491,0.738737517757631,-1.36487168078491,-1.36487168078491,0.738737517757631,-1.36487168078491,0.561894771378891,0.909558906696005,0.561894771378891,0.546455321401192,0.853718284727128,0.546455321401192
1.61260331330905,1.07993336901467,1,0,0,-0.777975371988775,-1.027905347159,0,0.471549336096954,0,44,37,1.22169047964897,4.37827988236703,1.22169047964897,1.22169047964897,4.37827988236703,1.22169047964897,0.512486041501655,0.583178170854205,0.512486041501655,0.509349296272624,0.562554915303001,0.509349296272624
2.77028235591525,4.69106293396584,0,1,0,-0.133005942953312,-0.167673110081773,1,0.471549336096954,0,44,37,2.5116293377199,7.63974360956439,2.5116293377199,2.5116293377199,7.63974360956439,2.5116293377199,0.560754492387252,0.673943246067469,0.560754492387252,0.545595358397792,0.632884920621736,0.545595358397792
4.56574152660929,3.98695885394353,0,1,0,0.437041401435358,-0.141466996608271,0,0.471549336096954,0,44,37,3.65172402649724,5.7717369376266,3.65172402649724,3.65172402649724,5.7717369376266,3.65172402649724,0.561131536043034,0.583222996691826,0.561131536043034,0.545879687145846,0.562588931294109,0.545879687145846
4.99874937223838,6.32125235369565,1,1,0,0.955542541190257,-2.37017605771093,1,0.471549336096954,0,44,37,4.68872630600704,15.4064608505531,4.68872630600704,4.68872630600704,15.4064608505531,4.68872630600704,0.307167808304645,0.522930369779538,0.307167808304645,0.35196750485849,0.517173872580751,0.35196750485849
4.07132799254838,2.86761319260595,1,1,0,-0.221863699234703,0.240988251152369,1,0.471549336096954,0,44,37,2.33391382515712,7.49198916235059,2.33391382515712,2.33391382515712,7.49198916235059,2.33391382515712,0.559359503707879,0.675980044885394,0.559359503707879,0.544543615982098,0.63450754607884,0.544543615982098
2.08205360767955,4.6763656220861,0,0,0,-0.418005610003407,-0.557884342648192,1,0.471549336096954,0,44,37,1.94163000361971,7.35286494339172,1.94163000361971,1.94163000361971,7.35286494339172,1.94163000361971,0.547538755162758,0.67849696850567,0.547538755162758,0.535644210279259,0.636516120216181,0.535644210279259
2.38673608247908,0.419908623190673,1,1,0,-1.01812950490448,1.09702200991778,1,0.471549336096954,0,44,37,0.741382213817566,7.04483950406161,0.741382213817566,0.741382213817566,7.04483950406161,0.741382213817566,0.505554826621211,0.72854110112821,0.505554826621211,0.504159007233196,0.677366923657342,0.504159007233196
4.08402547724656,1.71381159243527,1,1,0,-0.236407155427783,-0.130708208929584,1,0.471549336096954,0,44,37,2.30482691277096,7.42191154865254,2.30482691277096,2.30482691277096,7.42191154865254,2.30482691277096,0.561267803742772,0.67837465632732,0.561267803742772,0.545982452929463,0.636418422433771,0.545982452929463
3.90640997837169,3.56326108444292,0,0,0,-0.00101131271358171,-1.03090538222722,0,0.471549336096954,0,44,37,2.77561859819936,5.9383845053044,2.77561859819936,2.77561859819936,5.9383845053044,2.77561859819936,0.512194624723726,0.512194745362987,0.512194624723726,0.509131047111804,0.509131137460878,0.509131047111804
2.0193181205935,1.27572580144226,1,1,0,-0.529808054105942,1.88111870951058,1,0.471549336096954,0,44,37,1.71802511541464,10.3566327146854,1.71802511541464,1.71802511541464,10.3566327146854,1.71802511541464,0.396749059737064,0.546338890123192,0.396749059737064,0.422158601917493,0.534742040098427,0.422158601917493
14.9693234594442,13.8576899183488,1,1,1,0.947359217757065,1.58229725128133,1,0.140194536457947,1,60,38,14.0610257701553,14.0610257701553,6.45736117874281,14.0610257701553,14.0610257701553,6.45736117874281,0.588313686650045,0.588313686650045,0.368285576759063,0.566455308941916,0.566455308941916,0.400257850109679
6.2910622030305,10.6560640209193,0,1,1,1.15800762596025,0.777437208927548,0,0.140194536457947,1,60,38,8.77820656662045,8.77820656662045,6.07379795279539,8.77820656662045,8.77820656662045,6.07379795279539,0.61137848072087,0.61137848072087,0.45503642685282,0.58406547264325,0.58406547264325,0.466291805869565
2.20676702730285,1.60042009853149,1,1,1,-1.6725496942835,0.348065869864549,0,0.140194536457947,1,60,38,2.20446182300946,2.20446182300946,-0.0166880267551002,2.20446182300946,2.20446182300946,-0.0166880267551002,0.775270395547188,0.775270395547188,0.477748587390903,0.717533842108781,0.717533842108781,0.483334958543553
2.30622135484234,1.46913263797525,1,1,1,-1.40441727339935,-0.0197948179740618,0,0.140194536457947,1,60,38,2.2521079619932,2.2521079619932,0.151716127174571,2.2521079619932,2.2521079619932,0.151716127174571,0.704192268248766,0.704192268248766,0.483441204353899,0.657258024700139,0.657258024700139,0.487600159812049
5.62927033364328,7.32749040982803,1,1,1,-0.0516828807523051,1.12635919834407,0,0.140194536457947,1,60,38,7.3720239724811,7.3720239724811,4.0033389287868,7.3720239724811,7.3720239724811,4.0033389287868,0.424431343818607,0.424431343818607,0.424122982486366,0.443212544899691,0.443212544899691,0.442979090783413
9.08179420257587,8.60073233864448,1,1,1,0.516898389009442,0.100066517910423,1,0.140194536457947,1,60,38,9.22422209588336,9.22422209588336,4.11420878787665,9.22422209588336,9.22422209588336,4.11420878787665,0.629653980225778,0.629653980225778,0.482987472743536,0.59814646039333,0.59814646039333,0.487260264500121
6.36755550919192,5.52919789047684,1,0,1,-0.340049706581512,-1.7994389465082,0,0.140194536457947,1,60,38,5.83878765448665,5.83878765448665,0.500807132276121,5.83878765448665,5.83878765448665,0.500807132276121,0.348876300344223,0.348876300344223,0.336521240653764,0.385135118344869,0.385135118344869,0.37541373229237
12.3428900076749,9.52633263148051,0,1,1,0.609392358918049,-1.90194184605618,1,0.140194536457947,1,60,38,11.0145711495068,11.0145711495068,2.29718836372726,11.0145711495068,11.0145711495068,2.29718836372726,0.474553105091518,0.474553105091518,0.320626737345926,0.480939861794087,0.480939861794087,0.362783661122901
10.4753711593608,10.6401276973333,1,1,1,1.21526405048284,0.479475050195803,1,0.140194536457947,1,60,38,11.2202449668691,11.2202449668691,5.89034864310883,11.2202449668691,11.2202449668691,5.89034864310883,0.743475744458406,0.743475744458406,0.472626867794815,0.689957145792171,0.689957145792171,0.479495740783641
9.70832533873977,9.12007543510898,1,1,1,1.03837595605205,0.0909832658975505,1,0.140194536457947,1,60,38,10.2563586246224,10.2563586246224,5.14808066994899,10.2563586246224,10.2563586246224,5.14808066994899,0.714274742514192,0.714274742514192,0.483069306975565,0.665526396677572,0.665526396677572,0.487321568156358
8.43125398356045,8.3476633077168,1,1,1,1.35887578874821,-0.0804735386444097,0,0.140194536457947,1,60,38,7.7240995212213,7.7240995212213,5.61762353079935,7.7240995212213,7.7240995212213,5.61762353079935,0.691323846378637,0.691323846378637,0.483154283300291,0.646814377558759,0.646814377558759,0.487385225271255
11.8626995894406,13.7296277923417,1,1,1,1.60647882466874,-1.56388674705613,1,0.140194536457947,1,60,38,12.1751581518465,12.1751581518465,4.6294163942287,12.1751581518465,12.1751581518465,4.6294163942287,0.762810136938784,0.762810136938784,0.370842369416613,0.706590345328342,0.706590345328342,0.402237668297596
5.50914779430623,5.73796846346362,0,1,0,0.568230928436831,1.02836382309418,0,0.140194536457947,1,60,38,5.14517117191518,8.30270332456406,5.14517117191518,5.14517117191518,8.30270332456406,5.14517117191518,0.433899491810291,0.471665717712897,0.433899491810291,0.450370757570614,0.478775047736613,0.450370757570614
7.94290024243769,7.19725408796478,0,0,1,-0.66256400928944,-2.64798306024464,0,0.140194536457947,1,60,38,8.11904870046639,8.11904870046639,-0.992765586876178,8.11904870046639,8.11904870046639,-0.992765586876178,0.233429913866721,0.233429913866721,0.197862370722587,0.290126970746059,0.290126970746059,0.258175926992607
1.66280037856366,5.73331452492949,0,1,0,0.182857064903045,1.57966600525322,0,0.140194536457947,1,60,38,4.92572562700665,9.5210703151593,4.92572562700665,4.92572562700665,9.5210703151593,4.92572562700665,0.368652398089447,0.372345920144442,0.368652398089447,0.400542059130707,0.403400672489457,0.400542059130707
3.99335583651744,4.25259867446203,0,1,0,0.338359478893861,-0.240580342325555,0,0.140194536457947,1,60,38,3.41648410740951,5.57436300852299,3.41648410740951,3.41648410740951,5.57436300852299,3.41648410740951,0.480730627154017,0.494233805478135,0.480730627154017,0.485569481556367,0.495682723916307,0.485569481556367
9.68516545979202,7.78089069528781,0,1,1,1.22107326470009,0.316201906276698,0,0.140194536457947,1,60,38,7.93867757315724,7.93867757315724,5.73869392762423,7.93867757315724,7.93867757315724,5.73869392762423,0.650162163087455,0.650162163087455,0.478746019319042,0.614111567211835,0.614111567211835,0.484082420966649
5.86930321442715,4.25201873496588,0,0,1,0.566254542757839,0.0826820279711146,0,0.140194536457947,1,60,38,6.30237292318355,6.30237292318355,4.19553660543413,6.30237292318355,6.30237292318355,4.19553660543413,0.52096263368397,0.52096263368397,0.483137291050904,0.515699252210709,0.515699252210709,0.487372496135366
5.3195171436338,4.91760442594259,0,1,1,-0.767748911438835,0.713029286695,0,0.140194536457947,1,60,38,4.76628771944945,4.76628771944945,2.15787695576467,4.76628771944945,4.76628771944945,2.15787695576467,0.528988269987343,0.528988269987343,0.459536852997966,0.521715363931686,0.521715363931686,0.469673176993052
7.65184930406083,6.539784630125,0,1,1,0.886208936469664,0.229263409960967,0,0.140194536457947,1,60,38,7.13458848599457,7.13458848599457,4.98202677484764,7.13458848599457,7.13458848599457,4.98202677484764,0.573159731959434,0.573159731959434,0.480981295407029,0.554964426792339,0.554964426792339,0.485757290484541
13.175123556915,13.325821839415,0,1,1,0.923557273178428,1.32450658730864,1,0.140194536457947,1,60,38,13.0062843254368,13.0062843254368,6.15196662561283,13.0062843254368,13.0062843254368,6.15196662561283,0.617211013774813,0.617211013774813,0.401862622892432,0.588545876710714,0.588545876710714,0.426063807814854
9.14937638358703,6.97775678945115,1,0,1,-0.597943398511697,-1.32479777418819,1,0.140194536457947,1,60,38,7.31475006322975,7.31475006322975,0.459660920735753,7.31475006322975,7.31475006322975,0.459660920735753,0.560533527481483,0.560533527481483,0.401827542255375,0.545428740474215,0.545428740474215,0.426037043884522
4.49406008905776,6.35563561838472,0,0,1,0.371046037308231,0.260020457318965,0,0.140194536457947,1,60,38,6.15006866210713,6.15006866210713,3.98245802388277,6.15006866210713,6.15006866210713,3.98245802388277,0.496510893518708,0.496510893518708,0.480271867938109,0.497387663495499,0.497387663495499,0.485225754940582
3.03698084034533,6.09652171135604,0,1,1,-0.0964867604395652,0.414345487213044,0,0.140194536457947,1,60,38,5.47339964105507,5.47339964105507,3.20171745828126,5.47339964105507,5.47339964105507,3.20171745828126,0.476464332305907,0.476464332305907,0.475368009075479,0.482372460170549,0.482372460170549,0.481550720916734
-1.16142339165082,0.197725619960898,1,1,0,-1.7183304450316,0.383687287616589,1,0.140194536457947,1,60,38,-0.072628110499279,5.1745878241793,-0.072628110499279,-0.072628110499279,5.1745878241793,-0.072628110499279,0.476520487373672,0.856948446347353,0.476520487373672,0.482414548468658,0.795187885372682,0.482414548468658
3.00637508769272,3.72360861049312,0,1,1,-1.35464114533924,0.697238546526509,0,0.140194536457947,1,60,38,3.55444333855777,3.55444333855777,0.968301747795372,3.55444333855777,3.55444333855777,0.968301747795372,0.670333904260211,0.670333904260211,0.460581767288676,0.630015535588662,0.630015535588662,0.470457917726947
1.38439530222504,1.35807055438494,1,1,0,-0.38683572285952,-0.0325113876812054,1,0.140194536457947,1,60,38,2.1741626585471,7.27521964887605,2.1741626585471,2.1741626585471,7.27521964887605,2.1741626585471,0.483409835955237,0.616985994886229,0.483409835955237,0.487576661720617,0.588372798254078,0.487576661720617
6.89680018258546,7.76454668794771,0,1,1,1.16566790062149,-0.708056118000011,0,0.140194536457947,1,60,38,7.20496864142755,7.20496864142755,4.6036251751903,7.20496864142755,7.20496864142755,4.6036251751903,0.617995044322681,0.617995044322681,0.459868428506311,0.589149075803379,0.589149075803379,0.469922207130536
5.9692337395428,6.91477125203555,1,0,1,0.397625321763352,-0.609022028417223,0,0.140194536457947,1,60,38,5.63748193815425,5.63748193815425,3.16657410705682,5.63748193815425,5.63748193815425,3.16657410705682,0.484608428985291,0.484608428985291,0.465993845997679,0.488474496073245,0.488474496073245,0.474520518375126
4.76113167976077,4.75492698549721,0,1,1,0.407485532049496,-1.18319237767104,0,0.140194536457947,1,60,38,6.11206838095414,6.11206838095414,2.61212417837529,6.11206838095414,6.11206838095414,2.61212417837529,0.437277261310494,0.437277261310494,0.418073519001643,0.452920096678711,0.452920096678711,0.438394719520665
4.49611115025144,2.44484272156947,0,1,1,-0.604966286208838,-0.08959160037257,0,0.140194536457947,1,60,38,3.78884797401441,3.78884797401441,1.6808213191571,3.78884797401441,3.78884797401441,1.6808213191571,0.526246283533546,0.526246283533546,0.483081157618081,0.519659407427368,0.519659407427368,0.487330445682035
4.19074962556302,3.30913297747172,0,1,1,-1.07445805479107,-0.66065920870498,0,0.140194536457947,1,60,38,2.70724076370692,2.70724076370692,0.170770173660229,2.70724076370692,2.70724076370692,0.170770173660229,0.597882216366491,0.597882216366491,0.462913606497835,0.573741527464624,0.573741527464624,0.472208706376437
5.18970395470636,6.72750163523267,0,1,1,-0.320087845039735,-0.319649704714287,0,0.140194536457947,1,60,38,4.22269603087751,4.22269603087751,2.02052009715358,4.22269603087751,4.22269603087751,2.02052009715358,0.490723447718222,0.490723447718222,0.47864270275339,0.493054209389771,0.493054209389771,0.484004999765311
-2.55611541409798,0.94600060217575,1,1,0,-1.74557178185103,-0.739235463695281,0,0.140194536457947,1,60,38,-1.25003353545001,1.39643553533477,-1.25003353545001,-1.25003353545001,1.39643553533477,-1.25003353545001,0.457751869523799,0.781840045730994,0.457751869523799,0.468332338765394,0.723381559478566,0.468332338765394
5.23998508897145,5.41395562027082,1,1,1,0.758177803817341,-0.854743716309431,0,0.140194536457947,1,60,38,6.47254420384305,6.47254420384305,3.64195738327259,6.47254420384305,6.47254420384305,3.64195738327259,0.516800853197637,0.516800853197637,0.449131862362694,0.512581160077324,0.512581160077324,0.461851383827734
4.02956661952522,5.83356199618258,1,1,1,0.267047282350167,0.296496206522133,0,0.140194536457947,1,60,38,5.99884626365182,5.99884626365182,3.81093626316981,5.99884626365182,5.99884626365182,3.81093626316981,0.487722817769012,0.487722817769012,0.479315048088463,0.490807117026224,0.490807117026224,0.484508816175571
4.46041079729055,3.37686724306467,1,1,1,-0.800057566994865,0.595239316954372,0,0.140194536457947,1,60,38,4.42977951936029,4.42977951936029,1.97546967491198,4.42977951936029,4.42977951936029,1.97546967491198,0.542176807193997,0.542176807193997,0.46677404575583,0.531614070601304,0.531614070601304,0.475105930054052
-2.43754282099469,-2.98910228726567,1,1,0,-2.18756919474165,-0.0622330196637393,1,0.140194536457947,1,60,38,-1.45702591719969,3.64684703153678,-1.45702591719969,-1.45702591719969,3.64684703153678,-1.45702591719969,0.483277038157524,0.937848986008165,0.483277038157524,0.487477182266749,0.890060014595268,0.487477182266749
4.25505721852073,5.38235278801161,1,1,1,-0.602191326536369,0.773562773531879,0,0.140194536457947,1,60,38,5.24792497700082,5.24792497700082,2.54952561240648,5.24792497700082,5.24792497700082,2.54952561240648,0.498003092019002,0.498003092019002,0.455317945655706,0.498504897058716,0.498504897058716,0.466503398348459
14.066890163387,13.0032774154404,1,1,1,1.95815958418963,1.68281526173946,0,0.140194536457947,1,60,38,13.5113471272093,13.5113471272093,8.57947992206606,13.5113471272093,13.5113471272093,8.57947992206606,0.771294801793797,0.771294801793797,0.353934753541008,0.714021761212367,0.714021761212367,0.389093116538338
4.24156097199937,6.707819272171,0,1,1,-0.0511084434912528,-0.46751108769845,0,0.140194536457947,1,60,38,4.72918413438737,4.72918413438737,2.41061751726639,4.72918413438737,4.72918413438737,2.41061751726639,0.473467680335245,0.473467680335245,0.473160233835349,0.480126141921457,0.480126141921457,0.479895639572799
3.84119402646015,1.51685672248154,1,1,1,-1.07419178082018,0.138035090099534,0,0.140194536457947,1,60,38,3.0890507065053,3.0890507065053,0.969997020406516,3.0890507065053,3.0890507065053,0.969997020406516,0.616655676984116,0.616655676984116,0.482561168868556,0.588118759869966,0.588118759869966,0.486940906415813
6.82604385787298,8.37007698539687,0,1,1,0.488147779207095,0.847216828939187,0,0.140194536457947,1,60,38,7.62163423453849,7.62163423453849,4.80385787930072,7.62163423453849,7.62163423453849,4.80385787930072,0.477705903090138,0.477705903090138,0.449730738399744,0.483302970083498,0.483302970083498,0.46230198322706
6.99401361713481,8.20923970784451,1,1,0,2.3509331860696,-0.0913775205831435,0,0.140194536457947,1,60,38,7.59083434350339,9.69918419477131,7.59083434350339,7.59083434350339,9.69918419477131,7.59083434350339,0.483065916523415,0.929952525330619,0.483065916523415,0.487319028307492,0.879448415976133,0.487319028307492
3.02610035982286,4.20474697661375,1,1,0,0.291741769898679,-0.399030960017247,0,0.140194536457947,1,60,38,3.16479807172745,5.42402377877974,3.16479807172745,3.16479807172745,5.42402377877974,3.16479807172745,0.475954738689685,0.485985817920598,0.475954738689685,0.481990509224985,0.489506183371493,0.481990509224985
8.22391442439768,8.2003485366354,1,1,1,1.08674282625462,0.225416018825054,0,0.140194536457947,1,60,38,7.53005954482457,7.53005954482457,5.37924716328163,7.53005954482457,7.53005954482457,5.37924716328163,0.6182677628705,0.6182677628705,0.481063766040139,0.58935894628402,0.58935894628402,0.485819079449508
11.2456791211349,10.6420805175785,0,1,1,0.249578851031627,0.516688721379192,1,0.140194536457947,1,60,38,9.36315915019025,9.36315915019025,3.99619191538979,9.36315915019025,9.36315915019025,3.99619191538979,0.595108262032127,0.595108262032127,0.470882110730447,0.571626558950294,0.571626558950294,0.478187424864297
7.5880205076207,6.99352573909293,0,1,1,-0.338762733861605,-0.359271620045361,1,0.140194536457947,1,60,38,7.17262450114879,7.17262450114879,1.94354840417877,7.17262450114879,7.17262450114879,1.94354840417877,0.607313586006649,0.607313586006649,0.477375115586936,0.580949858021538,0.580949858021538,0.483055067390694
-1.1247919524389,-1.24473335656382,1,1,0,-1.97715909796903,-0.00991588161482694,1,0.140194536457947,1,60,38,-0.983888585605546,4.11620973910265,-0.983888585605546,-0.983888585605546,4.11620973910265,-0.983888585605546,0.483455046182312,0.907600671508611,0.483455046182312,0.487610528721369,0.851356808446637,0.487610528721369
4.12065118729352,3.44870757657364,1,0,1,-1.12667216080017,0.603907061111949,0,0.140194536457947,1,60,38,3.79561196991982,3.79561196991982,1.33090823145895,3.79561196991982,3.79561196991982,1.33090823145895,0.614106223497154,0.614106223497154,0.46628545528896,0.586159362083737,0.586159362083737,0.474739330154097
4.28562334065523,4.7879505604093,1,1,1,-0.151010001446248,-1.26308123618783,0,0.140194536457947,1,60,38,5.11061846207679,5.11061846207679,1.41524425286702,5.11061846207679,5.11061846207679,1.41524425286702,0.411719407165874,0.411719407165874,0.409110396140194,0.433569840576325,0.433569840576325,0.431585686788438
7.25198837132621,7.24230797237152,0,1,1,0.237502209212939,0.714256632517699,0,0.140194536457947,1,60,38,6.77976907998644,6.77976907998644,4.16960654289092,6.77976907998644,6.77976907998644,4.16960654289092,0.466076735064745,0.466076735064745,0.459454670528835,0.474582715815726,0.474582715815726,0.469611451770346
3.18949471508824,2.36330814345106,0,1,1,-0.801285470525282,-0.659169579137196,0,0.140194536457947,1,60,38,3.25310950581949,3.25310950581949,0.71860497175958,3.25310950581949,3.25310950581949,0.71860497175958,0.538645092448296,0.538645092448296,0.463005936779694,0.528961520153216,0.528961520153216,0.472278017412978
4.92102748262549,7.05483659976445,0,1,1,0.291781315698581,-0.268873979472186,0,0.140194536457947,1,60,38,5.46732736070953,5.46732736070953,3.29503414387232,5.46732736070953,5.46732736070953,3.29503414387232,0.490090267515487,0.490090267515487,0.480051139954965,0.492580060117054,0.492580060117054,0.485060369639337
0.446816807883238,-0.0459760909935407,0,0,0,-0.325025293658579,-1.511135143087,0,0.140194536457947,1,60,38,0.819159761543184,5.20268918221575,0.819159761543184,0.819159761543184,5.20268918221575,0.819159761543184,0.378039117261269,0.389865618003928,0.378039117261269,0.407796289424299,0.41688867350462,0.407796289424299
9.72717544299238,8.16744251580192,1,1,1,-0.536306144760308,0.62770488671546,1,0.140194536457947,1,60,38,8.02945151394865,8.02945151394865,2.53543808914218,8.02945151394865,8.02945151394865,2.53543808914218,0.614836152142446,0.614836152142446,0.464908016180826,0.586720116657646,0.586720116657646,0.473705681558236
3.39766184178291,4.9637801869206,1,1,1,-0.888009244520039,-1.20153707838745,0,0.140194536457947,1,60,38,3.54648127525966,3.54648127525966,0.00278992451981552,3.54648127525966,3.54648127525966,0.00278992451981552,0.508365778053026,0.508365778053026,0.416062420673834,0.506263780191763,0.506263780191763,0.436868734673121
-1.00288533147516,3.31220995181241,0,1,0,-0.374765683385438,-0.689925820125237,0,0.140194536457947,1,60,38,1.54088830505123,4.11688594232671,1.54088830505123,1.54088830505123,4.11688594232671,1.54088830505123,0.461057851867929,0.477573092355686,0.461057851867929,0.470815420251945,0.483203438339366,0.470815420251945
3.3239387726485,2.90049366821111,1,1,1,-1.0514030074184,0.53884501372202,0,0.140194536457947,1,60,38,3.80673843964565,3.80673843964565,1.41638449083257,3.80673843964565,3.80673843964565,1.41638449083257,0.598954595714242,0.598954595714242,0.469781751621281,0.574559757880433,0.574559757880433,0.477362183661572
9.31602232318252,10.5781163389908,1,1,1,2.20629831849103,-1.01837728902914,0,0.140194536457947,1,60,38,9.5116571427106,9.5116571427106,6.37456483990025,9.5116571427106,9.5116571427106,6.37456483990025,0.887148841020026,0.887148841020026,0.434848597246631,0.827637353011234,0.827637353011234,0.451087304986712
7.44042691893349,6.08152703614574,0,1,1,0.128021502118869,1.25775751716525,0,-1.0683798746843,1,45,39,7.05431893675822,7.05431893675822,3.37236496477254,7.05431893675822,7.05431893675822,3.37236496477254,0.553152694207439,0.553152694207439,0.551238447764039,0.539868023189256,0.539868023189256,0.538427260365338
3.03378374976893,0.845737777261196,0,1,0,0.0817207449364142,0.160266894488361,0,-1.0683798746843,1,45,39,2.18227282773074,4.30795830519969,2.18227282773074,2.18227282773074,4.30795830519969,2.18227282773074,0.622461639853778,0.623204423897274,0.622461639853778,0.592589824934738,0.59316274393527,0.592589824934738
8.25514205154031,8.0562883665439,1,1,1,0.839806085038022,-0.509721601120684,1,-1.0683798746843,1,45,39,8.38827112297394,8.38827112297394,3.02845501232491,8.38827112297394,8.38827112297394,3.02845501232491,0.780321798046719,0.780321798046719,0.6119888091491,0.722025164720331,0.722025164720331,0.584533753402675
2.63340048040375,0.571305433027706,1,1,1,-0.477796708314437,-0.185767680905556,0,-1.0683798746843,1,45,39,2.85171297710415,2.85171297710415,0.717203345835122,2.85171297710415,2.85171297710415,0.717203345835122,0.647140324510299,0.647140324510299,0.622068835344317,0.611747048349064,0.611747048349064,0.592286935041354
2.5812915093672,0.385749308645625,0,1,0,-0.372863649157869,-0.129658929745553,1,-1.0683798746843,1,45,39,0.983178215308263,6.09998965337102,0.983178215308263,0.983178215308263,6.09998965337102,0.983178215308263,0.622856510335663,0.739444632518025,0.622856510335663,0.592894367328565,0.686537940428538,0.592894367328565
1.33287413007232,0.100528787000034,1,1,0,0.251311494623996,-1.23601478447125,0,-1.0683798746843,1,45,39,1.12517264814629,4.75290519557781,1.12517264814629,1.12517264814629,4.75290519557781,1.12517264814629,0.553771291253247,0.561131399177668,0.553771291253247,0.540333732526251,0.545879583931011,0.540333732526251
6.93978999635414,3.99458869152989,0,1,1,1.29072622391281,0.0292149284764363,0,-1.0683798746843,1,45,39,6.5700853317175,6.5700853317175,4.46923181967162,6.5700853317175,6.5700853317175,4.46923181967162,0.785562980415133,0.785562980415133,0.623566202733586,0.726720634135224,0.726720634135224,0.593441865474002
0.0920275914058015,-3.24405569270534,0,0,0,-1.26219627493634,-0.856088084645637,0,-1.0683798746843,1,45,39,-1.52191619114877,1.31097061752347,-1.52191619114877,-1.52191619114877,1.31097061752347,-1.52191619114877,0.590533044426178,0.754584251808733,0.590533044426178,0.568143034247293,0.699464640359574,0.568143034247293
10.8620101376326,11.2337166479569,0,1,1,1.02656050412557,1.72360707395939,0,-1.0683798746843,1,45,39,10.7061138709829,10.7061138709829,5.63529252558008,10.7061138709829,10.7061138709829,5.63529252558008,0.608547651966289,0.608547651966289,0.485846998380872,0.581895146467249,0.581895146467249,0.489402208814279
1.9225782618775,2.08460148468942,1,1,1,-0.565144166596195,-0.876830949039078,0,-1.0683798746843,1,45,39,2.72027767433086,2.72027767433086,-0.148554838861915,2.72027767433086,2.72027767433086,-0.148554838861915,0.624920804463351,0.624920804463351,0.588888166583614,0.594487425436797,0.594487425436797,0.566892049415548
4.69312029671184,4.0941575701994,1,1,1,-1.41061811884332,0.337785042839099,1,-1.0683798746843,1,45,39,4.58921198368782,4.58921198368782,-0.624886751477995,4.58921198368782,4.58921198368782,-0.624886751477995,0.871679008230966,0.871679008230966,0.61851909366794,0.810680867490768,0.810680867490768,0.589552381996963
7.89518044137251,5.20552939851696,1,1,1,-0.022540498821161,-0.791118597741096,1,-1.0683798746843,1,45,39,6.74823348367797,6.74823348367797,1.02236484798614,6.74823348367797,6.74823348367797,1.02236484798614,0.702852465965016,0.702852465965016,0.595418655522316,0.656165119068869,0.656165119068869,0.57186310365335
5.34566226197343,2.65268497574159,0,1,0,0.42645765532861,1.4657138362311,0,-1.0683798746843,1,45,39,4.17719359025787,8.42551063997717,4.17719359025787,4.17719359025787,8.42551063997717,4.17719359025787,0.524653859630484,0.54601286666683,0.524653859630484,0.518465664597275,0.534496939080613,0.518465664597275
6.06820320530891,2.57980607180873,1,1,1,0.414057209468701,-0.360933227734008,0,-1.0683798746843,1,45,39,4.55601842945544,4.55601842945544,2.32574563457295,4.55601842945544,4.55601842945544,2.32574563457295,0.636775580398988,0.636775580398988,0.617796224860159,0.603669277485221,0.603669277485221,0.588996091506086
7.79325278907409,4.93869402547462,1,1,1,1.6618806879268,-0.737505827420678,0,-1.0683798746843,1,45,39,7.08873483728194,7.08873483728194,4.44481999180248,7.08873483728194,7.08873483728194,4.44481999180248,0.84837422107216,0.84837422107216,0.599147925914144,0.786426849278265,0.786426849278265,0.574707306312378
8.97265382576651,5.66880662660007,1,1,1,0.473258175701047,-1.19714240880079,1,-1.0683798746843,1,45,39,8.14108833292021,8.14108833292021,1.60793838597086,8.14108833292021,8.14108833292021,1.60793838597086,0.692877739431342,0.692877739431342,0.558183094177718,0.648069300025177,0.648069300025177,0.543656933352006
-2.67005495088285,-1.2590373372659,0,1,0,-1.71306388817282,0.869869435401659,1,-1.0683798746843,1,45,39,-0.697693897574427,5.15897893707158,-0.697693897574427,-0.697693897574427,5.15897893707158,-0.697693897574427,0.589444808119912,0.904747427227356,0.589444808119912,0.567315312470333,0.847946424814181,0.567315312470333
5.18114192186918,3.38198342532442,1,1,1,-0.587342151909822,-0.634104607787135,1,-1.0683798746843,1,45,39,5.55186418537965,5.55186418537965,0.0497755317627736,5.55186418537965,5.55186418537965,0.0497755317627736,0.744185882837556,0.744185882837556,0.605575655758903,0.690561150559422,0.690561150559422,0.579619458927947
1.74495033328266,1.09023089586971,0,1,0,0.174719528885145,-0.69338398998301,0,-1.0683798746843,1,45,39,1.51461951115683,4.09540086872159,1.51461951115683,1.51461951115683,4.09540086872159,1.51461951115683,0.602013363674479,0.605468278789188,0.602013363674479,0.576895521958198,0.57953729316325,0.576895521958198
9.34183038780786,7.43603559667486,1,1,1,0.692086956564609,-0.387124818345813,1,-1.0683798746843,1,45,39,8.10547916313223,8.10547916313223,2.85561353815296,8.10547916313223,8.10547916313223,2.85561353815296,0.764980309316083,0.764980309316083,0.61691989427444,0.708483035668713,0.708483035668713,0.588321958936484
1.62287153536087,0.637381116223604,0,1,1,-0.788081297568164,0.0784553351315226,0,-1.0683798746843,1,45,39,2.46701242297535,2.46701242297535,0.360857183364747,2.46701242297535,2.46701242297535,0.360857183364747,0.689619903596295,0.689619903596295,0.623330476437199,0.645440153899175,0.645440153899175,0.593259990936263
1.15522340022592,-2.59539756936129,0,1,0,-1.51133131509398,-0.270972490464534,0,-1.0683798746843,1,45,39,-1.43507067728294,0.738355413305611,-1.43507067728294,-1.43507067728294,0.738355413305611,-1.43507067728294,0.620334662536672,0.829479204019199,0.620334662536672,0.59095042097977,0.767704223856397,0.59095042097977
7.88537328431944,6.26436050076045,1,1,1,1.2358651674436,0.675535378683678,0,-1.0683798746843,1,45,39,7.56217820479374,7.56217820479374,5.00583015694044,7.56217820479374,7.56217820479374,5.00583015694044,0.758534423200601,0.758534423200601,0.603120541968894,0.702877084318341,0.702877084318341,0.577741706218377
3.82448074748297,3.1019904220142,1,1,0,0.955101250891686,0.273777985947625,0,-1.0683798746843,1,45,39,4.04254493110055,6.21749931669009,4.04254493110055,4.04254493110055,6.21749931669009,4.04254493110055,0.620266499359609,0.715817955992682,0.620266499359609,0.590897911253511,0.666799003391026,0.590897911253511
0.86833244940242,0.85056938775837,1,1,0,-1.59486018533609,0.464276804090308,1,-1.0683798746843,1,45,39,-0.866879123212315,4.448673827604,-0.866879123212315,-0.866879123212315,4.448673827604,-0.866879123212315,0.613976625314435,0.897139841551228,0.613976625314435,0.586059820264248,0.839020428450402,0.586059820264248
5.07079306940721,3.55936529561872,1,1,1,-1.81002326255524,0.386263578146537,1,-1.0683798746843,1,45,39,3.87398104820818,3.87398104820818,-1.37521850359439,3.87398104820818,3.87398104820818,-1.37521850359439,0.926735134302016,0.926735134302016,0.616949697739306,0.875237941027923,0.875237941027923,0.588344881188189
10.8373642773803,7.42985111199209,1,1,1,1.07225395114169,-0.677424735541349,1,-1.0683798746843,1,45,39,8.88455188243485,8.88455188243485,3.32564761011159,8.88455188243485,8.88455188243485,3.32564761011159,0.808892651499519,0.808892651499519,0.603004755403555,0.748099101997974,0.748099101997974,0.577653195953606
9.60490140369923,9.06383377394879,1,1,1,1.36669084012443,-0.200769413238759,1,-1.0683798746843,1,45,39,9.53148506767189,9.53148506767189,4.39117671037966,9.53148506767189,9.53148506767189,4.39117671037966,0.866569572268548,0.866569572268548,0.621810623532274,0.805239886843513,0.805239886843513,0.592087861024114
5.22121744294329,3.68284791948366,1,1,1,0.59313488715823,-1.28975523692907,0,-1.0683798746843,1,45,39,5.51854755194291,5.51854755194291,1.75507898075694,5.51854755194291,5.51854755194291,1.75507898075694,0.588196000490378,0.588196000490378,0.547425930628145,0.566365850465919,0.566365850465919,0.535559369889009
3.1410907170284,0.156384352472124,1,1,0,-0.47128684517974,1.21031413941823,0,-1.0683798746843,1,45,39,2.1263048924283,5.69116520850398,2.1263048924283,2.1263048924283,5.69116520850398,2.1263048924283,0.556704905637828,0.582429522968538,0.556704905637828,0.542543127793478,0.561986878981619,0.542543127793478
1.99316343589077,0.533598256132661,1,1,0,-0.109661715881402,-0.369033019032319,0,-1.0683798746843,1,45,39,1.27020799257443,3.50639336171054,1.27020799257443,1.27020799257443,3.50639336171054,1.27020799257443,0.617531849244108,0.618875453012149,0.617531849244108,0.588792686513748,0.589826692351609,0.588792686513748
4.05198962687379,2.30692089855455,1,1,0,1.10761362229947,-0.0244877007421068,1,-1.0683798746843,1,45,39,4.04930398722639,9.14990363471402,4.04930398722639,4.04930398722639,9.14990363471402,4.04930398722639,0.623577488702661,0.827546464026219,0.623577488702661,0.593450573697295,0.76583053891073,0.593450573697295
12.2923951189037,7.9088165876902,0,1,1,1.56202097169264,-0.915567960293032,1,-1.0683798746843,1,45,39,10.0053031163769,10.0053031163769,4.0670384264618,10.0053031163769,10.0053031163769,4.0670384264618,0.880154345051397,0.880154345051397,0.585705607206697,0.81987634225698,0.81987634225698,0.56447364263972
5.43764174107592,5.88310913769356,1,1,1,-1.05680793439291,-0.257472240169414,1,-1.0683798746843,1,45,39,4.65376828887217,4.65376828887217,-0.512523665585684,4.65376828887217,4.65376828887217,-0.512523665585684,0.817966682248876,0.817966682248876,0.620652790748035,0.756647247891064,0.756647247891064,0.591195515115679
-1.39132210239161,-1.78071704708535,0,1,0,-1.90726666700345,1.2060126460562,0,-1.0683798746843,1,45,39,-0.749956244581142,2.80451025786633,-0.749956244581142,-0.749956244581142,2.80451025786633,-0.749956244581142,0.557189523055257,0.877630952493272,0.557189523055257,0.542908243475494,0.817115461319221,0.542908243475494
10.7779395819437,9.56182328675594,1,1,1,0.402962476435196,0.846978412962539,1,-1.0683798746843,1,45,39,9.32884024122702,9.32884024122702,3.51146780920248,9.32884024122702,9.32884024122702,3.51146780920248,0.715157790238746,0.715157790238746,0.591242389374157,0.666254363970473,0.666254363970473,0.5686827412828
6.59458136672892,3.78286705166875,1,1,1,0.61304877084917,0.233043592747511,0,-1.0683798746843,1,45,39,5.47201489393607,5.47201489393607,3.3177055778154,5.47201489393607,5.47201489393607,3.3177055778154,0.662110431836636,0.662110431836636,0.621186902541499,0.623505665077524,0.623505665077524,0.591607094095518
9.91147254123519,10.5435868968573,1,1,1,1.89268560077808,0.835898306603036,0,-1.0683798746843,1,45,39,9.27855993051057,9.27855993051057,6.47983395152874,9.27855993051057,9.27855993051057,6.47983395152874,0.889968718801298,0.889968718801298,0.592094459264383,0.830813373963462,0.830813373963462,0.569331223665837
11.4807740126413,11.7226587701341,1,1,1,0.885211492800906,1.42974603409227,1,-1.0683798746843,1,45,39,12.2029071850662,12.2029071850662,5.05873346306363,12.2029071850662,12.2029071850662,5.05873346306363,0.723862124377234,0.723862124377234,0.529556555316521,0.67346444472268,0.67346444472268,0.522141544190501
10.2757936320974,6.77092680870973,1,1,1,-0.735046828692519,1.34590126821302,1,-1.0683798746843,1,45,39,8.64582227797495,8.64582227797495,1.73437205419753,8.64582227797495,8.64582227797495,1.73437205419753,0.709328507488225,0.709328507488225,0.540491415306607,0.661460284192445,0.661460284192445,0.530348047694138
7.31007264324795,5.97552685435024,1,1,1,0.971364550064443,-0.79041683378332,1,-1.0683798746843,1,45,39,8.73563548084317,8.73563548084317,3.01087670971512,8.73563548084317,8.73563548084317,3.01087670971512,0.78781926939796,0.78781926939796,0.595469230630597,0.728753464353074,0.728753464353074,0.571901648565683
5.69032322691944,4.10432992919488,1,1,1,-0.271450013937602,0.448150908970485,0,-1.0683798746843,1,45,39,4.06465456167591,4.06465456167591,1.76381532446483,4.06465456167591,4.06465456167591,1.76381532446483,0.622864739609117,0.622864739609117,0.614636605630329,0.592900714760703,0.592900714760703,0.586566799915501
4.1640635073532,2.85565780961648,1,1,1,-0.872866318322358,0.615297994581883,0,-1.0683798746843,1,45,39,3.2067214234432,3.2067214234432,0.728129801306719,3.2067214234432,3.2067214234432,0.728129801306719,0.688789844260405,0.688789844260405,0.606637275830234,0.644771418661031,0.644771418661031,0.580432020393781
3.39769279134137,0.665271957987794,0,1,1,-0.54939576629151,-1.26062948787675,0,-1.0683798746843,1,45,39,3.18833012861418,3.18833012861418,-0.500856577090218,3.18833012861418,3.18833012861418,-0.500856577090218,0.585873876008816,0.585873876008816,0.550900391126218,0.564601443087239,0.564601443087239,0.538172878613288
5.54208671758615,5.56989410769009,0,1,0,0.64722209863492,1.06342696011785,1,-1.0683798746843,1,45,39,4.21643560075725,10.4473125002627,4.21643560075725,4.21643560075725,10.4473125002627,4.21643560075725,0.572220929806607,0.723920807496675,0.572220929806607,0.554254304478473,0.673513270875461,0.554254304478473
6.66860040899296,4.90844632168204,1,0,1,-0.746313051149704,0.170364234957797,1,-1.11471534417213,1,49,40,5.56417180667835,5.56417180667835,0.4351478341256,5.56417180667835,5.56417180667835,0.4351478341256,0.779528348001232,0.779528348001232,0.627455959972156,0.721317505907953,0.721317505907953,0.596446141100648
1.80128247090423,1.09256235719827,0,0,0,0.109486040946716,-1.21223089022571,0,-1.11471534417213,1,49,40,0.764150893134928,4.33365462435236,0.764150893134928,0.764150893134928,4.33365462435236,0.764150893134928,0.561883940066787,0.563277581260373,0.561883940066787,0.546447151657636,0.547498511103686,0.546447151657636
9.94847114025433,10.4248067081497,1,0,1,1.13406906158831,-1.10624519878015,1,-1.11471534417213,1,49,40,9.24308106568782,9.24308106568782,2.91930262586369,9.24308106568782,9.24308106568782,2.91930262586369,0.799560628463851,0.799560628463851,0.573281921867615,0.73944911419516,0.73944911419516,0.555056866830494
2.56602103199203,3.74713317786406,1,0,1,-0.117190045061183,-0.0296060382146567,0,-1.11471534417213,1,49,40,3.59430009062896,3.59430009062896,1.49342357313019,3.59430009062896,3.59430009062896,1.49342357313019,0.63021864738275,0.63021864738275,0.628701530831869,0.598583586393647,0.598583586393647,0.597409435371107
3.1633061057738,4.08279410312069,1,0,1,0.0428102125201883,-0.729428678499438,0,-1.11471534417213,1,49,40,3.74566764502559,3.74566764502559,1.11360144800815,3.74566764502559,3.74566764502559,1.11360144800815,0.605143584334141,0.605143584334141,0.604936388268802,0.579288856803294,0.579288856803294,0.579130340730984
6.10623214075797,4.16998802491535,1,0,1,0.130520852842745,0.538477222490177,0,-1.11471534417213,1,49,40,4.94688634878361,4.94688634878361,2.55692862964288,4.94688634878361,4.94688634878361,2.55692862964288,0.617740023956914,0.617740023956914,0.615834104704565,0.588952849588018,0.588952849588018,0.587487081970315
3.85832625032432,4.52813204836557,0,0,1,-0.417601014501103,-1.15500204538275,0,-1.11471534417213,1,49,40,3.20123535192059,3.20123535192059,-0.232794372917744,3.20123535192059,3.20123535192059,-0.232794372917744,0.588275318444312,0.588275318444312,0.568176364300152,0.566426143162113,0.566426143162113,0.551197062147501
7.38148177359166,8.24115432183994,0,1,1,0.0535163883138791,0.344662425059342,1,-1.11471534417213,1,49,40,7.4278970904021,7.4278970904021,2.20910490315431,7.4278970904021,7.4278970904021,2.20910490315431,0.727256983843265,0.727256983843265,0.623472838786214,0.676293995020534,0.676293995020534,0.593369827990431
2.38608049296402,0.310738473297521,1,0,1,-0.656511932884185,-0.327296611676387,0,-1.11471534417213,1,49,40,2.3242122960373,2.3242122960373,0.117089224022454,2.3242122960373,2.3242122960373,0.117089224022454,0.670593271885588,0.670593271885588,0.623991524942338,0.630221477015006,0.630221477015006,0.593770076997246
4.07544868513823,4.99729047463386,1,0,1,0.054166523397902,0.0458754632762503,0,-1.11471534417213,1,49,40,4.01372276967008,4.01372276967008,1.91161821153927,4.01372276967008,4.01372276967008,1.91161821153927,0.628971560341298,0.628971560341298,0.628647221943251,0.597618352309818,0.597618352309818,0.597367421139204
6.2569236428906,8.04710406931506,1,0,1,1.2655288427188,0.81802798578671,0,-1.11471534417213,1,49,40,7.87566515822178,7.87566515822178,5.10649537269151,7.87566515822178,7.87566515822178,5.10649537269151,0.761624098324165,0.761624098324165,0.598719990763902,0.705558248311115,0.705558248311115,0.574380723870512
11.9408838287555,11.3292830823124,1,0,1,1.38442795029659,0.621955277366316,1,-1.11471534417213,1,49,40,10.6350492464705,10.6350492464705,5.1482208794267,10.6350492464705,10.6350492464705,5.1482208794267,0.864110342440653,0.864110342440653,0.611486449045929,0.802647095269405,0.802647095269405,0.584148303135512
6.01450816169017,3.09865797416845,0,0,1,0.43207153506133,-1.32227149428507,0,-1.11471534417213,1,49,40,5.14768318190367,5.14768318190367,1.2992812773048,5.14768318190367,5.14768318190367,1.2992812773048,0.570602040036701,0.570602040036701,0.548872050795862,0.553030195727506,0.553030195727506,0.536646939942059
5.41625427758627,5.79594171832501,1,0,1,1.24386983552848,-0.63572229597881,0,-1.11471534417213,1,49,40,6.11356991414993,6.11356991414993,3.60942707654536,6.11356991414993,6.11356991414993,3.60942707654536,0.766084864533855,0.766084864533855,0.610707550808411,0.709448467133886,0.709448467133886,0.583550842012543
6.54197698819957,6.02572204892415,0,0,0,2.60935292864257,-0.307180009294166,0,-1.11471534417213,1,49,40,6.66893554945818,8.86329510756815,6.66893554945818,6.66893554945818,8.86329510756815,6.66893554945818,0.624558546008365,0.978623529902206,0.624558546008365,0.594207743471241,0.953895118973725,0.594207743471241
7.41688773782258,8.26885604321201,1,0,1,-0.236403622735257,0.44965667402051,1,-1.11471534417213,1,49,40,7.0364502545084,7.0364502545084,1.73425913001721,7.0364502545084,7.0364502545084,1.73425913001721,0.729113364743572,0.729113364743572,0.619757993930012,0.677845544657472,0.677845544657472,0.590506237225734
3.96501098186173,3.17159185837576,1,0,1,-0.264861054492878,-0.763142581297746,0,-1.11471534417213,1,49,40,3.1469316105735,3.1469316105735,0.46454501118371,3.1469316105735,3.1469316105735,0.46454501118371,0.61057860133792,0.61057860133792,0.6026584634277,0.583451950086878,0.583451950086878,0.577388506433948
3.82326688226869,4.78979142748983,0,0,1,-0.210687833865416,-1.28522606969178,0,-1.11471534417213,1,49,40,3.80261401425998,3.80261401425998,0.0508079640445986,3.80261401425998,3.80261401425998,0.0508079640445986,0.55856312992904,0.55856312992904,0.553386786019778,0.543943347626525,0.543943347626525,0.540044251638045
1.68467927641591,1.52902924316049,1,0,0,-0.274164820623704,-0.0986489533582382,1,-1.11471534417213,1,49,40,1.11043110686157,6.22016272286024,1.11043110686157,1.11043110686157,6.22016272286024,1.11043110686157,0.628309853389755,0.738090683052552,0.628309853389755,0.597106454122338,0.685393061878781,0.597106454122338
3.26220050980235,3.35829550317954,0,0,1,-0.631618702986953,-0.678762176404639,0,-1.11471534417213,1,49,40,2.37612821120623,2.37612821120623,-0.184589880911334,2.37612821120623,2.37612821120623,-0.184589880911334,0.652158982100109,0.652158982100109,0.608158749519899,0.615676475886895,0.615676475886895,0.581597194726807
2.51779704912977,4.99991411340583,1,0,1,0.176483593175241,-1.01716745986207,0,-1.11471534417213,1,49,40,4.22783906935788,4.22783906935788,1.09320942795563,4.22783906935788,4.22783906935788,1.09320942795563,0.585583537450632,0.585583537450632,0.582005985700409,0.5643809349932,0.5643809349932,0.561665581355307
4.5299215296609,4.50469083525311,1,1,1,0.823185180974439,-0.62320162491421,0,-1.11471534417213,1,49,40,5.26895870379759,5.26895870379759,2.78057843850188,5.26895870379759,5.26895870379759,2.78057843850188,0.684510685494165,0.684510685494165,0.611416658384777,0.64133112403264,0.64133112403264,0.584094761097847
5.42039171507371,4.07794095247767,0,0,1,0.17809407027756,-1.12462012797328,0,-1.11471534417213,1,49,40,4.35374814629169,4.35374814629169,0.98897771404905,4.35374814629169,4.35374814629169,0.98897771404905,0.575052191837774,0.575052191837774,0.571385328945766,0.556396491198982,0.556396491198982,0.553622403427032
4.7752760812034,2.84939321399709,1,0,1,0.306303105245408,-0.328338919361098,0,-1.11471534417213,1,49,40,4.24948343856414,4.24948343856414,2.04167699259693,4.24948343856414,4.24948343856414,2.04167699259693,0.634328444853598,0.634328444853598,0.623961156787922,0.60176909520469,0.60176909520469,0.59374664025749
7.68976161933724,8.00260166963953,1,1,1,0.970063937998884,0.947221718435758,0,-1.11471534417213,1,49,40,7.64198827977713,7.64198827977713,4.64475929590074,7.64198827977713,7.64198827977713,4.64475929590074,0.69062221555121,0.69062221555121,0.588313072425741,0.646248278177765,0.646248278177765,0.566454842033227
4.80015159272895,4.49595007962487,1,0,1,0.0748556879526802,0.0745207922839692,0,-1.11471534417213,1,49,40,4.08719521813917,4.08719521813917,1.98164186965654,4.08719521813917,4.08719521813917,1.98164186965654,0.629114110365176,0.629114110365176,0.628494685996699,0.597728652621382,0.597728652621382,0.597249423258878
2.38569130740036,3.04209649021229,0,0,1,-0.114871232767177,-0.48628838944151,0,-1.11471534417213,1,49,40,3.37785524419697,3.37785524419697,1.04137884649135,3.37785524419697,3.37785524419697,1.04137884649135,0.619700124685306,0.619700124685306,0.618226906118132,0.590461669811059,0.590461669811059,0.589327503245177
4.09656464969983,5.99476298588432,0,1,1,-1.27011570572189,-0.742742841708051,1,-1.11471534417213,1,49,40,4.12610237722394,4.12610237722394,-1.52556455168462,4.12610237722394,4.12610237722394,-1.52556455168462,0.841695528996181,0.841695528996181,0.604049605070579,0.779721543804387,0.779721543804387,0.578452059163498
0.18907003780186,1.61109832580364,1,0,1,-1.67150001917008,0.995700263851925,0,-1.11471534417213,1,49,40,2.50152894241377,2.50152894241377,-0.589890073021019,2.50152894241377,2.50152894241377,-0.589890073021019,0.842005726418889,0.842005726418889,0.583992332942979,0.780030776911885,0.780030776911885,0.563172818517339
9.77893244217521,9.40481104349165,0,0,1,1.59039360110694,-0.867478279161336,1,-1.11471534417213,1,49,40,9.92323718933647,9.92323718933647,4.07071862451975,9.92323718933647,9.92323718933647,4.07071862451975,0.888620691907003,0.888620691907003,0.594925899534687,0.829291607231735,0.829291607231735,0.571487597030907
2.57180512989971,3.27844333628336,1,0,1,0.221745334754218,-0.788277936286842,0,-1.11471534417213,1,49,40,4.13400453952545,4.13400453952545,1.4126224346888,4.13400453952545,4.13400453952545,1.4126224346888,0.60645552053485,0.60645552053485,0.600890271354677,0.580292879357418,0.580292879357418,0.576037563776932
3.33003122483937,5.22011046493255,1,0,1,-0.91807165656164,0.236143208730443,1,-1.11471534417213,1,49,40,5.31317321210388,5.31317321210388,0.157409597074373,5.31317321210388,5.31317321210388,0.157409597074373,0.801399701211818,0.801399701211818,0.626271189573135,0.741142950841895,0.741142950841895,0.595530445248449
3.78544501369204,0.852475231036387,0,0,1,-0.460038015695989,0.165207617366086,0,-1.11471534417213,1,49,40,3.1298348442771,3.1298348442771,1.00254128744132,3.1298348442771,3.1298348442771,1.00254128744132,0.650658219211035,0.650658219211035,0.627532580472244,0.614500143453522,0.614500143453522,0.596505379523406
6.74500199014814,4.38801597020774,1,1,1,0.79881254067319,-0.594118876203576,0,-1.11471534417213,1,49,40,5.21389314567142,5.21389314567142,2.76091590661002,5.21389314567142,5.21389314567142,2.76091590661002,0.681901259541197,0.681901259541197,0.613007684490672,0.6392390405374,0.6392390405374,0.585315782531099
3.72317104627073,2.86272444398759,0,0,1,-1.65752630881194,-2.08808096021519,0,-1.11471534417213,1,49,40,2.81435822004133,2.81435822004133,-3.64572387637185,2.81435822004133,2.81435822004133,-3.64572387637185,0.731776450782039,0.731776450782039,0.426242601668352,0.680076734896726,0.680076734896726,0.444583384324481
5.78002117502337,4.41443040610813,1,0,1,0.947437771158365,0.338077921473792,0,-1.11471534417213,1,49,40,6.20465984624577,6.20465984624577,3.99036316525773,6.20465984624577,6.20465984624577,3.99036316525773,0.717368017862116,0.717368017862116,0.623672693768702,0.668079205651056,0.668079205651056,0.593524035628047
11.7890414641057,11.1255191754526,0,0,1,-0.356818339528781,1.77978215623618,1,-1.11471534417213,1,49,40,11.0911797023025,11.0911797023025,2.82355517864583,11.0911797023025,11.0911797023025,2.82355517864583,0.613171633257833,0.613171633257833,0.482028527553372,0.585441653696532,0.585441653696532,0.486541874641837
5.00389453614951,5.85460928273778,1,0,1,0.181061083065101,0.842005709876047,0,-1.11471534417213,1,49,40,5.77051119293732,5.77051119293732,2.96153757747346,5.77051119293732,5.77051119293732,2.96153757747346,0.600634610212816,0.600634610212816,0.596909472330623,0.575842312073321,0.575842312073321,0.572999614262503
3.66514918408569,4.02960180656341,1,0,1,-1.12356382138683,0.0361136334336285,1,-1.11471534417213,1,49,40,4.64769988664695,4.64769988664695,-0.453604307872826,4.64769988664695,4.64769988664695,-0.453604307872826,0.833099234936526,0.833099234936526,0.628682617588581,0.771233398125726,0.771233398125726,0.597394803645541
8.48037948183771,10.3730923946308,1,0,1,1.27989034469557,-0.724937878910584,1,-1.11471534417213,1,49,40,9.21778744022714,9.21778744022714,3.59225251194776,9.21778744022714,9.21778744022714,3.59225251194776,0.84396233237682,0.84396233237682,0.605231732317974,0.781986173729316,0.781986173729316,0.579356298903092
1.25229226798927,1.92172354916373,1,1,1,-0.315698603539896,-0.635506042983091,0,-1.11471534417213,1,49,40,2.99437438207235,2.99437438207235,0.490506451404328,2.99437438207235,2.99437438207235,0.490506451404328,0.62187489051953,0.62187489051953,0.610719921826518,0.592137406687325,0.592137406687325,0.583560329699004
3.54845106623798,3.90420030029215,0,1,1,-0.191705119478496,-0.305891499098689,0,-1.11471534417213,1,49,40,3.26167757263237,3.26167757263237,1.06810796341153,3.26167757263237,3.26167757263237,1.06810796341153,0.628665446165723,0.628665446165723,0.624593628918762,0.597381519558352,0.597381519558352,0.594234827023415
5.77928077881682,4.97141014556927,1,1,1,-1.30756127260882,0.706504448580659,1,-1.11471534417213,1,49,40,5.44794014069449,5.44794014069449,-0.151208395169768,5.44794014069449,5.44794014069449,-0.151208395169768,0.849126928175913,0.849126928175913,0.60642417761191,0.787188924628668,0.787188924628668,0.580268886168889
3.91838949717981,2.2135627159818,0,0,1,0.265476415577156,0.296693051254015,0,-1.11471534417213,1,49,40,4.77308235053796,4.77308235053796,2.58505558387554,4.77308235053796,4.77308235053796,2.58505558387554,0.632631073622269,0.632631073622269,0.624839760420724,0.600452602703811,0.600452602703811,0.594424850859195
4.42292443211246,2.36947176244125,1,0,1,-0.752862276949082,0.814431649051826,0,-1.11471534417213,1,49,40,3.82941570759815,3.82941570759815,1.06611679662087,3.82941570759815,3.82941570759815,1.06611679662087,0.661442647476618,0.661442647476618,0.59898681760041,0.622978667924935,0.622978667924935,0.574584348648343
0.401579924812388,1.46270987066564,0,0,0,-0.581865659454932,0.607356514865362,0,-1.11471534417213,1,49,40,1.20103489742271,3.66991683357211,1.20103489742271,1.20103489742271,3.66991683357211,1.20103489742271,0.612293203470753,0.649611757118411,0.612293203470753,0.5847673510234,0.613680557884909,0.5847673510234
2.49620040455449,1.16049616546764,1,0,1,-0.495207181596143,-0.377992539352091,0,-1.11471534417213,1,49,40,2.63188115872868,2.63188115872868,0.389002798922833,2.63188115872868,2.63188115872868,0.389002798922833,0.649294822643135,0.649294822643135,0.622401367622386,0.613432441284484,0.613432441284484,0.592543345447834
4.95312519327088,6.74229229088524,1,1,1,0.903655378900547,-0.784472457042227,0,-1.11471534417213,1,49,40,5.49564503808395,5.49564503808395,2.78024800222608,5.49564503808395,5.49564503808395,2.78024800222608,0.689432595964228,0.689432595964228,0.601161819410829,0.645289209834155,0.645289209834155,0.576244970468486
1.2899218027418,2.21376866553317,1,0,1,-0.346594171589265,-0.650991557896076,0,-1.11471534417213,1,49,40,2.93701980884456,2.93701980884456,0.413229800392604,2.93701980884456,2.93701980884456,0.413229800392604,0.623264782741623,0.623264782741623,0.609823062227021,0.59320930880695,0.59320930880695,0.58287263707208
1.98287248332075,2.63308105028067,0,1,0,-0.655213508382944,0.948716677706329,0,-0.800849221231329,1,55,41,1.99693018579362,4.99699352035175,1.99693018579362,1.99693018579362,4.99699352035175,1.99693018579362,0.551848942437381,0.601340106099368,0.551848942437381,0.538886690365137,0.576381157042629,0.538886690365137
0.985793985023567,1.7440200108461,0,1,0,-0.969613261488369,0.154760318919052,1,-0.800849221231329,1,55,41,0.574174320795487,5.69812507710741,0.574174320795487,0.574174320795487,5.69812507710741,0.574174320795487,0.592366175738833,0.785353209825924,0.592366175738833,0.569538060377521,0.726531994045806,0.569538060377521
2.41306218165084,2.20882321534911,1,0,0,0.074563526057033,0.479148658428416,0,-0.800849221231329,1,55,41,2.98691623539566,5.31649967226941,2.98691623539566,2.98691623539566,5.31649967226941,2.98691623539566,0.582943194026913,0.583582021350004,0.582943194026913,0.562376611795634,0.56286139442489,0.562376611795634
14.1104886616315,16.0961204035801,1,1,1,0.987065819120065,1.76537322894827,1,-0.800849221231329,1,55,41,14.3146880295288,14.3146880295288,6.09814539204157,14.3146880295288,14.3146880295288,6.09814539204157,0.673278759620015,0.673278759620015,0.447573614068242,0.63235608813671,0.63235608813671,0.460678693676933
5.24175129234535,7.65912717031715,1,1,1,-0.18612979524886,0.585695512218023,0,-0.800849221231329,1,55,41,5.01511567960581,5.01511567960581,2.57207644657348,5.01511567960581,5.01511567960581,2.57207644657348,0.581708615945365,0.581708615945365,0.577718885363833,0.561440021303235,0.561440021303235,0.558415792057664
8.24349475141153,7.5975393562621,1,1,1,1.3885186131096,-0.191583482785852,0,-0.800849221231329,1,55,41,7.08079849916288,7.08079849916288,4.94409426828653,7.08079849916288,7.08079849916288,4.94409426828653,0.783953103837367,0.783953103837367,0.591783563519044,0.725274455083707,0.725274455083707,0.569094587916326
4.59297979679291,5.6773397197249,1,1,1,-1.6864030398747,-0.445422623552147,1,-0.800849221231329,1,55,41,3.83881313512371,3.83881313512371,-1.45958817844837,3.83881313512371,3.83881313512371,-1.45958817844837,0.898915208650803,0.898915208650803,0.584375986131233,0.841082516469709,0.841082516469709,0.563464047248783
-2.19007938522963,-2.16892102865732,1,1,0,-1.79363841527368,-0.487315617547075,0,-0.800849221231329,1,55,41,-1.71595192324126,0.62152458786403,-1.71595192324126,-1.71595192324126,0.62152458786403,-1.71595192324126,0.582580301193368,0.86673213303325,0.582580301193368,0.562101270780021,0.805411861997406,0.562101270780021
2.79403917299184,3.36957456729181,1,1,0,-0.508307638027994,0.384062698394766,1,-0.800849221231329,1,55,41,1.72608794719195,6.97359210349022,1.72608794719195,1.72608794719195,6.97359210349022,1.72608794719195,0.586711740112845,0.720602336094168,0.586711740112845,0.565237910954636,0.670756827328216,0.565237910954636
3.83713418518477,2.73640569542534,1,1,0,-0.37820754615495,1.43799757688199,0,-0.800849221231329,1,55,41,3.04022300942527,7.20806004054375,3.04022300942527,3.04022300942527,7.20806004054375,3.04022300942527,0.496897758875778,0.513776409522036,0.496897758875778,0.49767731771288,0.510315722145075,0.49767731771288
13.0466498625776,13.5868629362847,1,1,1,1.30561954133081,-2.05908003037663,1,-0.800849221231329,1,55,41,12.250610148634,12.250610148634,2.91079957713815,12.250610148634,12.250610148634,2.91079957713815,0.701959821961031,0.701959821961031,0.395834270991221,0.655437706484704,0.655437706484704,0.421459127387272
5.95047999009353,6.51958725073301,0,1,1,-0.330724923979557,-1.91484369208368,0,-0.800849221231329,1,55,41,5.54897334992304,5.54897334992304,-0.21765301518962,5.54897334992304,5.54897334992304,-0.21765301518962,0.434687103006164,0.434687103006164,0.422031185398759,0.450965393725696,0.450965393725696,0.441394863837205
10.4216407419201,12.5090033445553,0,0,1,-0.014494509223457,2.1554129194866,0,-0.800849221231329,1,55,41,11.2308692793826,11.2308692793826,4.48506442589286,11.2308692793826,11.2308692793826,4.48506442589286,0.377632176104709,0.377632176104709,0.37760879843745,0.407482514473944,0.407482514473944,0.407464487034528
2.79874357878613,3.61684006777964,1,1,0,0.494306537166969,-0.36452706023915,0,-0.800849221231329,1,55,41,2.98272653894796,5.21560651659456,2.98272653894796,2.98272653894796,5.21560651659456,2.98272653894796,0.587382185133207,0.615084027999475,0.587382185133207,0.565747333249698,0.586910585762578,0.565747333249698
6.45398311337702,6.54064218893133,1,1,1,-0.273375340481976,0.272624159805312,1,-0.800849221231329,1,55,41,7.25883793620408,7.25883793620408,2.08451400369453,7.25883793620408,7.25883793620408,2.08451400369453,0.705560453753189,0.705560453753189,0.590063569499389,0.658375464525593,0.658375464525593,0.567785908349344
3.23884995153242,2.12643436904346,1,1,1,-0.282385100059864,-0.0932500885071543,0,-0.800849221231329,1,55,41,3.80931581523288,3.80931581523288,1.70062023622629,3.80931581523288,3.80931581523288,1.70062023622629,0.60213179532535,0.60213179532535,0.593062747205953,0.576986017580086,0.576986017580086,0.570068400262016
8.58513761635906,10.979950685637,1,1,1,-0.143575217016832,1.10115283151008,1,-0.800849221231329,1,55,41,9.48518048067226,9.48518048067226,3.17264292232959,9.48518048067226,9.48518048067226,3.17264292232959,0.652920004439205,0.652920004439205,0.537209841919792,0.616273409854232,0.616273409854232,0.527883959190889
8.29684806207633,9.22824965715818,0,1,1,0.611897438964942,0.111532885415031,1,-0.800849221231329,1,55,41,8.80640787272709,8.80640787272709,3.69396828819809,8.80640787272709,8.80640787272709,3.69396828819809,0.736639447691309,0.736639447691309,0.592891823902981,0.684167867319461,0.684167867319461,0.569938253973657
7.77734138905682,6.86802076932957,0,1,0,1.36874419932125,0.956368228180315,0,-0.800849221231329,1,55,41,6.05249715167598,9.06713733954874,6.05249715167598,6.05249715167598,9.06713733954874,6.05249715167598,0.551167741175832,0.749241263615845,0.551167741175832,0.538374053476198,0.694875723059379,0.538374053476198
14.3130062710297,14.525156764085,1,1,1,1.38676409837183,1.27911044888606,1,-0.800849221231329,1,55,41,13.1474027109324,13.1474027109324,6.4112791704829,13.1474027109324,13.1474027109324,6.4112791704829,0.811481514839148,0.811481514839148,0.517271888231711,0.750523675037473,0.750523675037473,0.512934023327331
1.76298727819835,1.52382538683925,0,1,0,-1.00228821103438,-0.247487020656143,0,-0.800849221231329,1,55,41,0.106577082128268,2.26782690752152,0.106577082128268,0.106577082128268,2.26782690752152,0.106577082128268,0.590661565345791,0.699101224385985,0.590661565345791,0.568240809547294,0.653112157836453,0.568240809547294
3.7570921382163,1.60442975207453,1,0,0,0.129913301135768,0.472774905134816,1,-0.800849221231329,1,55,41,3.09124203225953,8.41475814318476,3.09124203225953,3.09124203225953,8.41475814318476,3.09124203225953,0.583222087883459,0.693810719275818,0.583222087883459,0.562588241641864,0.648823567206937,0.562588241641864
2.19434360816939,2.28457996742107,0,0,0,-0.460241888437159,1.27081052551057,0,-0.800849221231329,1,55,41,2.70896727348943,6.42392666523789,2.70896727348943,2.70896727348943,6.42392666523789,2.70896727348943,0.518269822151483,0.543174726727615,0.518269822151483,0.513681635578348,0.532363845083326,0.513681635578348
2.98767612899678,4.61025225073065,0,1,0,1.03615515759052,-1.49752189899274,1,-0.800849221231329,1,55,41,2.93342894104149,10.2760007790043,2.93342894104149,2.93342894104149,10.2760007790043,2.93342894104149,0.488650541963779,0.718410613321702,0.488650541963779,0.491501895481078,0.668941398810003,0.491501895481078
0.77711669469335,2.73017698931727,0,1,0,-0.19859690772165,-1.17331891135245,0,-0.800849221231329,1,55,41,0.788127798057419,4.26480506579473,0.788127798057419,0.788127798057419,4.26480506579473,0.788127798057419,0.529493967522249,0.534130875416981,0.529493967522249,0.522094605718493,0.525573063222123,0.522094605718493
3.23511528806439,5.20557752696742,0,1,1,-0.560831627319194,-0.966209421840395,0,-0.800849221231329,1,55,41,3.30432849522754,3.30432849522754,0.270767848374392,3.30432849522754,3.30432849522754,0.270767848374392,0.586724295056527,0.586724295056527,0.550283283436629,0.565247449465501,0.565247449465501,0.537708559457459
2.92156610490235,4.38295611645533,0,1,1,-1.01846401388207,-0.0373945617027428,0,-0.800849221231329,1,55,41,2.38571628863122,2.38571628863122,0.284317935386283,2.38571628863122,2.38571628863122,0.284317935386283,0.70473950799163,0.70473950799163,0.593395822234615,0.657704804202705,0.657704804202705,0.57032203744374
8.91376688158284,10.7245872233433,1,1,1,2.32411568176513,-0.0989144468330313,0,-0.800849221231329,1,55,41,9.01774150934268,9.01774150934268,6.90795744155039,9.01774150934268,9.01774150934268,6.90795744155039,0.95200878134497,0.95200878134497,0.593013057157625,0.910237969741295,0.910237969741295,0.570030563878625
4.5787246538886,9.89237125685036,0,1,1,0.361659374466969,0.660989126169543,0,-0.800849221231329,1,55,41,6.27985502487103,6.27985502487103,3.74294839995665,6.27985502487103,6.27985502487103,3.74294839995665,0.588434487518868,0.588434487518868,0.573383953519835,0.566547138862521,0.566547138862521,0.555134059072901
-2.59782354142388,1.5857344857265,1,1,0,-1.60712703247129,-0.213789820422331,0,-0.800849221231329,1,55,41,-1.06940336051175,1.07630272680447,-1.06940336051175,-1.06940336051175,1.07630272680447,-1.06940336051175,0.591372186914393,0.83234810303089,0.591372186914393,0.56878151300774,0.770498970906017,0.56878151300774
7.94954943226741,7.22653692381186,0,1,1,0.589174465001818,-1.23087869278286,0,-0.800849221231329,1,55,41,5.92117311842079,5.92117311842079,2.30611076207395,5.92117311842079,5.92117311842079,2.30611076207395,0.563632000756114,0.563632000756114,0.52297817705155,0.547765941562343,0.547765941562343,0.51720970242202
7.31350588577219,7.53192348369639,1,1,1,0.345179624554901,0.541862131756318,0,-0.800849221231329,1,55,41,5.9844764755508,5.9844764755508,3.59086190571929,5.9844764755508,5.9844764755508,3.59086190571929,0.593653938636651,0.593653938636651,0.579996853312572,0.570518614984164,0.570518614984164,0.560142036327025
8.06867041233209,9.29663323420422,0,1,1,0.800395623735822,-1.60931086680801,0,-0.800849221231329,1,55,41,7.04000237154315,7.04000237154315,2.35012090551681,7.04000237154315,7.04000237154315,2.35012090551681,0.54772281147926,0.54772281147926,0.472279673265857,0.535782618442132,0.535782618442132,0.479235414681321
1.18143336282093,0.674997222261584,1,1,0,-1.19698324272701,0.0324547132662579,0,-0.800849221231329,1,55,41,-0.00287124733458625,2.09818206107861,-0.00287124733458625,-0.00287124733458625,2.09818206107861,-0.00287124733458625,0.593411569458065,0.742425156887037,0.593411569458065,0.570334029752615,0.689064493685152,0.570334029752615
8.29313048388855,7.59500911531493,0,1,1,-0.330208576546997,0.327455600749374,1,-0.800849221231329,1,55,41,7.23290614297069,7.23290614297069,2.02567897250855,7.23290614297069,7.23290614297069,2.02567897250855,0.707647132073127,0.707647132073127,0.588557490085021,0.660082439845893,0.660082439845893,0.566640646438492
2.03488604805124,3.66778190668212,1,1,0,-0.0218223739920352,-1.27079218858429,1,-0.800849221231329,1,55,41,1.04420358828482,7.75911637485166,1.04420358828482,1.04420358828482,7.75911637485166,1.04420358828482,0.518272019533045,0.633222956142709,0.518272019533045,0.513683281825682,0.600911532393895,0.513683281825682
0.8971804710659,1.10813565288369,0,1,0,-0.799697935939558,-0.457792681827528,1,-0.800849221231329,1,55,41,0.301451971146529,5.61102611068137,0.301451971146529,0.301451971146529,5.61102611068137,0.301451971146529,0.583862759238056,0.753535258478425,0.583862759238056,0.563074468282039,0.698561298341158,0.563074468282039
4.44307529257942,6.16516183474003,0,0,1,0.166543525612231,0.143031481865392,0,-0.800849221231329,1,55,41,4.95521706274764,4.95521706274764,2.83475905794303,4.95521706274764,4.95521706274764,2.83475905794303,0.595688667074727,0.595688667074727,0.592525690705921,0.572068896668872,0.572068896668872,0.569659496332861
1.6578057345653,2.72402616386538,1,1,1,-1.46255637900225,-1.53434469564402,0,-0.800849221231329,1,55,41,2.3533967162556,2.3533967162556,-2.10081692879535,2.3533967162556,2.3533967162556,-2.10081692879535,0.720411393242955,0.720411393242955,0.483384027519226,0.670598507390482,0.670598507390482,0.487557328566202
1.74825385409856,3.26226248437106,0,0,0,-0.475643588933353,-0.739136423567181,1,-0.800849221231329,1,55,41,0.668216923419286,6.31453957606297,0.668216923419286,0.668216923419286,6.31453957606297,0.668216923419286,0.568317413712565,0.701859215452789,0.568317413712565,0.551303623301145,0.655355759293818,0.551303623301145
9.57406393544855,9.46620208002751,1,1,1,-0.390900854898661,-1.96218822281097,1,-0.800849221231329,1,55,41,8.56483321398296,8.56483321398296,-0.385349407755123,8.56483321398296,8.56483321398296,-0.385349407755123,0.548664467450946,0.548664467450946,0.41358908091078,0.53649080658828,0.53649080658828,0.434990616086815
6.21705566895159,10.0220062708821,1,1,1,-0.0195312745907866,0.680351922017169,1,-0.800849221231329,1,55,41,8.56280863548123,8.56280863548123,2.99992989768877,8.56280863548123,8.56280863548123,2.99992989768877,0.68236007627169,0.68236007627169,0.572182595672626,0.639606579251596,0.639606579251596,0.554225312053021
5.9568814200333,8.26073362141615,1,1,1,-0.736745856307146,-0.828894533799388,1,-0.800849221231329,1,55,41,5.843320426602,5.843320426602,0.0562542784394948,5.843320426602,5.843320426602,0.0562542784394948,0.72713916362589,0.72713916362589,0.561780303805634,0.676195624966054,0.676195624966054,0.546368982918505
7.43593788754469,9.50693584302958,1,1,1,-0.0768532643031229,0.178825735523349,1,-0.800849221231329,1,55,41,7.51573837545574,7.51573837545574,2.38375973177028,7.51573837545574,7.51573837545574,2.38375973177028,0.700404106902762,0.700404106902762,0.591999469516505,0.654171353890709,0.654171353890709,0.569258920158777
-0.109252803040838,5.03539942482354,0,1,0,-0.957083844533483,1.96371350939036,0,-0.800849221231329,1,55,41,2.40818634517657,8.36435709213878,2.40818634517657,2.40818634517657,8.36435709213878,2.40818634517657,0.413314462019524,0.52057088549281,0.413314462019524,0.434781988831449,0.515405704964362,0.434781988831449
2.23405925844691,1.51207538944377,0,1,0,-1.39383699339597,2.22044317994461,0,-0.800849221231329,1,55,41,1.79140971800584,8.82177763336836,1.79140971800584,1.79140971800584,8.82177763336836,1.79140971800584,0.365025256091916,0.590105196863363,0.365025256091916,0.397729305967969,0.567817571544165,0.397729305967969
-0.530550644524279,-0.410703207960893,1,1,0,-1.11398334968589,-1.20237549912847,0,-0.800849221231329,1,55,41,-1.07170167364708,2.47400516725735,-1.07170167364708,-1.07170167364708,2.47400516725735,-1.07170167364708,0.526244809279962,0.666453977294263,0.526244809279962,0.519658302182547,0.626939403202718,0.519658302182547
10.0279314303496,9.31047625616413,1,1,1,0.520148687196999,-1.93478067296611,1,-0.800849221231329,1,55,41,10.3075334787643,10.3075334787643,1.46415722628106,10.3075334787643,10.3075334787643,1.46415722628106,0.567358861321758,0.567358861321758,0.41849574215985,0.550579526865537,0.550579526865537,0.438714968410388
6.78774359227613,8.59235451973171,0,1,0,1.11946676939211,1.10493466714641,0,-0.800849221231329,1,55,41,5.70250873078382,9.02338934944578,5.70250873078382,5.70250873078382,9.02338934944578,5.70250873078382,0.536818030686723,0.677150241283449,0.536818030686723,0.527589833139222,0.635440915916814,0.527589833139222
2.01742386067927,2.14718762533108,0,1,0,0.256954432600609,-0.296858982729754,0,-0.800849221231329,1,55,41,2.57569040732464,4.76381566295198,2.57569040732464,2.57569040732464,4.76381566295198,2.57569040732464,0.589432036096464,0.596966232057284,0.589432036096464,0.56730559985751,0.573042897331191,0.56730559985751
0.883687319535477,2.10943603975442,0,1,0,-1.180604659931,1.22172641070658,0,-0.800849221231329,1,55,41,1.21915761569776,4.81177303831575,1.21915761569776,1.21915761569776,4.81177303831575,1.21915761569776,0.524035641336243,0.680457117272416,0.524035641336243,0.518002273405418,0.63808306303156,0.518002273405418
13.125506026368,11.033132520318,1,1,1,1.21362213518182,0.643992274571904,1,-0.800849221231329,1,55,41,10.944603119497,10.944603119497,5.42987706978871,10.944603119497,10.944603119497,5.42987706978871,0.81428878731195,0.81428878731195,0.574409278986471,0.753165526047635,0.753165526047635,0.55590989714593
1.02945270833249,3.17944382185667,1,1,0,1.20035806030616,-2.48886127605356,1,-0.800849221231329,1,55,41,2.27049536941194,13.5649258208509,2.27049536941194,2.27049536941194,13.5649258208509,2.27049536941194,0.311405430247249,0.589241783442064,0.311405430247249,0.35538583428134,0.56716092550854,0.35538583428134
5.91088848094349,7.27761008742905,0,1,1,0.611228783565453,-0.724572889232944,0,-0.800849221231329,1,55,41,5.48153107456251,5.48153107456251,2.85652520275114,5.48153107456251,5.48153107456251,2.85652520275114,0.611988142541397,0.611988142541397,0.569305594946106,0.584533241871149,0.584533241871149,0.552050295371847
5.23986727998415,4.46146524382947,0,0,1,0.487492808713566,-0.311797542474719,0,-0.800849221231329,1,55,41,5.21904630729886,5.21904630729886,3.02182859980559,5.21904630729886,5.21904630729886,3.02182859980559,0.615932542530675,0.615932542530675,0.589015821770102,0.587562754543912,0.587562754543912,0.566989109450307
3.68106412421732,5.64295943685652,1,0,1,-0.37312705082472,-0.0479058408237705,0,-0.718267966351565,1,45,42,3.79222615562501,3.79222615562501,1.68993118603998,3.79222615562501,3.79222615562501,1.68993118603998,0.599802056417204,0.599802056417204,0.583900709230369,0.575206618225154,0.575206618225154,0.563103273001359
4.14412341273365,2.64398852226276,1,0,1,-0.662880412908094,-0.504655754824148,0,-0.718267966351565,1,45,42,3.00835197874998,3.00835197874998,0.65367454787285,3.00835197874998,3.00835197874998,0.65367454787285,0.622205892741143,0.622205892741143,0.57226348407563,0.592392612734883,0.592392612734883,0.554286488994937
2.49178203849069,2.7460549580194,0,0,0,-0.633244391721164,1.17409944442034,0,-0.718267966351565,1,45,42,2.3917017894912,5.87021129487934,2.3917017894912,2.3917017894912,5.87021129487934,2.3917017894912,0.519683992195533,0.566640714247252,0.519683992195533,0.514741165794016,0.55003715376516,0.514741165794016
1.58554760732835,2.38115056350953,1,0,1,-0.867142176426744,-0.139099411335634,0,-0.718267966351565,1,45,42,2.73005601055798,2.73005601055798,0.610707364324065,2.73005601055798,2.73005601055798,0.610707364324065,0.66634198680254,0.66634198680254,0.583117029422476,0.626850739631567,0.626850739631567,0.56250851906249
10.806925855364,11.1949421920427,0,0,1,-0.429333117635793,-2.33684400689266,1,-0.718267966351565,1,45,42,9.84942079889908,9.84942079889908,-0.711419113651058,9.84942079889908,9.84942079889908,-0.711419113651058,0.466794895089391,0.466794895089391,0.333277804724546,0.475121573242928,0.475121573242928,0.372848215546318
1.94751996030577,4.01088550455903,0,0,0,-0.39334592387729,0.947521337611376,0,-0.718267966351565,1,45,42,2.64492061836998,5.64271730359884,2.64492061836998,2.64492061836998,5.64271730359884,2.64492061836998,0.542291173897335,0.560366429941202,0.542291173897335,0.531699992363894,0.545302746834521,0.531699992363894
9.68864993423616,12.0464816121429,1,0,1,0.312552853824665,0.972770968835635,1,-0.718267966351565,1,45,42,10.1282511628076,10.1282511628076,4.08196780499815,10.1282511628076,10.1282511628076,4.08196780499815,0.66369669915201,0.66369669915201,0.54001694310658,0.624758470890516,0.624758470890516,0.529991697232636
8.50216394069906,11.9329047776238,1,0,1,0.58959219565867,0.582136481709489,1,-0.718267966351565,1,45,42,9.68429488487712,9.68429488487712,4.24541200154002,9.68429488487712,9.68429488487712,4.24541200154002,0.713848221268963,0.713848221268963,0.568363162478021,0.665175005510065,0.665175005510065,0.551338186809848
0.266217403318943,1.19874614427736,0,0,0,-1.23876816753262,0.446134258401044,0,-0.718267966351565,1,45,42,0.452689051848998,2.75172482836805,0.452689051848998,0.452689051848998,2.75172482836805,0.452689051848998,0.574836098143289,0.736908705815683,0.574836098143289,0.556232928631483,0.68439503516927,0.556232928631483
2.40849579952199,4.61761635621295,0,0,0,-0.731970305943318,0.833808736155219,0,-0.718267966351565,1,45,42,1.85395925278177,4.64919626127053,1.85395925278177,1.85395925278177,4.64919626127053,1.85395925278177,0.551772927913501,0.613280382391687,0.551772927913501,0.53882948229763,0.585525150684919,0.53882948229763
2.9977489194442,5.55765694060696,0,0,1,-0.483901272921517,-0.240040934487187,0,-0.718267966351565,1,45,42,3.43386729841245,3.43386729841245,1.27624764818297,3.43386729841245,3.43386729841245,1.27624764818297,0.608040626766092,0.608040626766092,0.58135688238632,0.581506706695872,0.581506706695872,0.561173253176275
5.21639943614597,8.63130204090434,1,0,1,-0.747747980783295,1.42661510695264,0,-0.718267966351565,1,45,42,6.55044093728474,6.55044093728474,2.41521027389924,6.55044093728474,6.55044093728474,2.41521027389924,0.554473375816446,0.554473375816446,0.488692444729072,0.540862368106404,0.540862368106404,0.491533276043239
2.82128583081897,2.20303059112553,1,0,0,-0.201694766344561,-0.650823592650698,0,-0.718267966351565,1,45,42,1.42987800317337,3.95344935192413,1.42987800317337,1.42987800317337,3.95344935192413,1.42987800317337,0.564432305628515,0.569151878669606,0.564432305628515,0.548369905527075,0.5519341339482,0.548369905527075
3.35183341116895,5.72407462533915,1,0,1,-0.696457584319112,0.482726983824169,0,-0.718267966351565,1,45,42,3.90692828461111,3.90692828461111,1.57390294369913,3.90692828461111,3.90692828461111,1.57390294369913,0.628231134314894,0.628231134314894,0.573265027257453,0.597045568632641,0.597045568632641,0.555044085398763
4.20945191916037,4.35397503607951,0,0,1,-0.743894017312613,0.684042654211322,0,-0.718267966351565,1,45,42,4.24826010087976,4.24826010087976,1.68034574809928,4.24826010087976,4.24826010087976,1.68034574809928,0.625391926447458,0.625391926447458,0.562370990745725,0.594851232411578,0.594851232411578,0.546814540941813
3.25245523523492,2.40749432695468,1,0,1,-0.719605089325935,0.0508728771192645,0,-0.718267966351565,1,45,42,3.19834187660697,3.19834187660697,1.09575382698058,3.19834187660697,3.19834187660697,1.09575382698058,0.641949206972307,0.641949206972307,0.583887244515187,0.607695221818044,0.607695221818044,0.563093053001686
4.90985434371403,6.1165988075984,0,0,1,0.403052422279805,-1.06211091645869,0,-0.718267966351565,1,45,42,5.45616465547482,5.45616465547482,2.22808505661411,5.45616465547482,5.45616465547482,2.22808505661411,0.550524338857578,0.550524338857578,0.531476519076373,0.537889925736015,0.537889925736015,0.523581610197929
5.19297026738434,8.69312435850468,1,0,1,0.935509622002333,-0.181233418155699,0,-0.718267966351565,1,45,42,6.30672250621855,6.30672250621855,4.17387695436215,6.30672250621855,6.30672250621855,4.17387695436215,0.678665089905719,0.678665089905719,0.582496512417771,0.636650423454488,0.636650423454488,0.562037701568406
4.46782319418071,4.53474617035194,1,0,1,-0.229109199959373,-0.408635587096377,0,-0.718267966351565,1,45,42,3.88422018453967,3.88422018453967,1.61723714149807,3.88422018453967,3.88422018453967,1.61723714149807,0.582362696506278,0.582362696506278,0.576316326804745,0.561936181146927,0.561936181146927,0.557353531463538
-1.23271628313388,1.60168725575094,1,1,0,-0.726873256962687,-0.910970744097562,1,-0.718267966351565,1,45,42,0.119373870490252,6.04924156709192,0.119373870490252,0.119373870490252,6.04924156709192,0.119373870490252,0.545474491204595,0.71232127314792,0.545474491204595,0.534092225147748,0.66391821460049,0.534092225147748
-0.451074685178078,0.424937089486485,0,0,0,-1.3504042013098,1.04830403745076,0,-0.718267966351565,1,45,42,0.831586763344344,4.03052811827992,0.831586763344344,0.831586763344344,4.03052811827992,0.831586763344344,0.532846683006354,0.730294902084134,0.532846683006354,0.524609503605283,0.678834670247651,0.524609503605283
0.313368463419022,3.23157934724925,1,0,0,-1.47485215287795,1.37193300655117,0,-0.718267966351565,1,45,42,0.906319829308452,4.88852000377298,0.906319829308452,0.906319829308452,4.88852000377298,0.906319829308452,0.495915094124657,0.73387868679415,0.495915094124657,0.496941572979873,0.681842603040785,0.496941572979873
7.78773026346428,6.38970682702004,0,0,1,0.286784911608575,0.768033333389951,0,-0.718267966351565,1,45,42,6.51556948631837,6.51556948631837,3.82569428512029,6.51556948631837,6.51556948631837,3.82569428512029,0.566257892925703,0.566257892925703,0.556691165635166,0.549748073387115,0.549748073387115,0.542532776505719
8.08430741737597,9.79373060308945,1,0,1,1.61230059768751,0.580674216505062,0,-0.718267966351565,1,45,42,8.72654908610704,8.72654908610704,6.28936654039327,8.72654908610704,8.72654908610704,6.28936654039327,0.819697197304884,0.819697197304884,0.568442002172561,0.758293710107933,0.758293710107933,0.551397751734702
11.3381242783266,13.0484440315603,1,0,1,1.61810141541446,1.79775436108157,0,-0.718267966351565,1,45,42,12.8499690632115,12.8499690632115,7.51804832042368,12.8499690632115,12.8499690632115,7.51804832042368,0.724761120275639,0.724761120275639,0.432589310140391,0.674212763222622,0.674212763222622,0.449381319336305
3.6467166899326,4.64590706170799,0,1,1,0.067250126647249,-0.260919561544723,0,-0.718267966351565,1,45,42,4.52575083785965,4.52575083785965,2.35767182026296,4.52575083785965,4.52575083785965,2.35767182026296,0.581395862603865,0.581395862603865,0.580875493185415,0.561202815777263,0.561202815777263,0.560808197867805
7.89799250686105,6.2579678212532,1,0,1,-0.824076637320634,0.186001742606853,1,-0.718267966351565,1,45,42,6.15653624473156,6.15653624473156,1.02193959647877,6.15653624473156,6.15653624473156,1.02193959647877,0.755925101982498,0.755925101982498,0.582415987891326,0.700621048177861,0.700621048177861,0.561976610518972
-0.557382575889833,2.34376565648599,0,0,0,-0.876291694116487,-1.25456962631773,1,-0.718267966351565,1,45,42,-0.52306188603752,6.1508830612415,-0.52306188603752,-0.52306188603752,6.1508830612415,-0.52306188603752,0.510465937389135,0.70661985666983,0.510465937389135,0.50783644972343,0.659241679821279,0.50783644972343
5.65160604868852,6.77590800371555,0,0,0,1.46981494133937,-0.841911874794932,0,-0.718267966351565,1,45,42,4.581809136397,7.39062474131772,4.581809136397,4.581809136397,7.39062474131772,4.581809136397,0.551138363632194,0.774126769830605,0.551138363632194,0.538351947018671,0.716521533478009,0.538351947018671
2.5525076204463,4.19157077961679,1,0,1,-0.985267946113653,0.66663680980952,0,-0.718267966351565,1,45,42,3.72459668228842,3.72459668228842,1.1801920460954,3.72459668228842,3.72459668228842,1.1801920460954,0.671472100632112,0.671472100632112,0.563464115948388,0.630919568201645,0.630919568201645,0.547639259631246
13.037393092891,13.2743398573906,0,1,1,-0.0319859209767054,2.3201868529039,0,-0.718267966351565,1,45,42,12.2235731718518,12.2235731718518,4.74030613946367,12.2235731718518,12.2235731718518,4.74030613946367,0.336666521190225,0.336666521190225,0.336558103644873,0.375528511947198,0.375528511947198,0.375442857182758
5.70116462033449,4.57951941736419,1,1,1,-1.04633167882359,1.00523608737275,0,-0.718267966351565,1,45,42,4.50716344959525,4.50716344959525,1.39666385823877,4.50716344959525,4.50716344959525,1.39666385823877,0.660664512340982,0.660664512340982,0.537002499770849,0.622364886786449,0.622364886786449,0.527728308903171
7.85219937505132,8.40644297675715,1,0,1,-0.0998448521858712,-0.0265257158674897,1,-0.718267966351565,1,45,42,7.35857932187624,7.35857932187624,2.25787570827395,7.35857932187624,7.35857932187624,2.25787570827395,0.693773869173418,0.693773869173418,0.583973817396836,0.648793764391839,0.648793764391839,0.563158764417953
-1.88254293848318,0.801071112203423,0,0,0,-0.584274340221347,-1.35469860766803,0,-0.718267966351565,1,45,42,-0.0391561595975387,3.89605215802017,-0.0391561595975387,-0.0391561595975387,3.89605215802017,-0.0391561595975387,0.498133448983749,0.538351595682953,0.498133448983749,0.498602496716929,0.52874114943181,0.498602496716929
5.94945431628348,5.23575852519394,1,0,1,-0.766988692130852,-0.5419898604287,1,-0.718267966351565,1,45,42,5.80187689263031,5.80187689263031,0.408123883822784,5.80187689263031,5.80187689263031,0.408123883822784,0.738372027840788,0.738372027840788,0.570454572988,0.685630817672723,0.685630817672723,0.552918717225312
9.79711268829021,10.2569703562794,1,0,1,-0.116148832964006,1.28296474540799,1,-0.718267966351565,1,45,42,10.280756745953,10.280756745953,3.53475820799317,10.280756745953,10.280756745953,3.53475820799317,0.624157374028995,0.624157374028995,0.507065375562928,0.593898077979075,0.593898077979075,0.505290050253006
9.23901503125002,9.27767995422263,1,1,1,1.55765556694626,-0.061865368752959,0,-0.718267966351565,1,45,42,7.6413642175037,7.6413642175037,5.53753689365276,7.6413642175037,7.6413642175037,5.53753689365276,0.816838995837304,0.816838995837304,0.583830308325168,0.755577195680795,0.755577195680795,0.563049837747989
6.01226531320568,5.62420781779477,0,0,1,0.0311250126922208,-1.22688885140652,0,-0.718267966351565,1,45,42,4.92470855619672,4.92470855619672,1.3194523024911,4.92470855619672,4.92470855619672,1.3194523024911,0.51382109270893,0.51382109270893,0.513706839242012,0.510349188929637,0.510349188929637,0.51026361559908
3.33447668856998,3.4643873501828,1,0,1,-0.257529307501126,-0.453531147023802,0,-0.718267966351565,1,45,42,3.82119186780786,3.82119186780786,1.51550136648713,3.82119186780786,3.82119186780786,1.51550136648713,0.582172678084924,0.582172678084924,0.574528614797036,0.561792029837037,0.561792029837037,0.556000210555226
5.92823940854634,6.72151285111855,0,1,1,-0.535549356029924,0.91899813397593,0,-0.718267966351565,1,45,42,5.27654812068051,5.27654812068051,2.33199055042927,5.27654812068051,5.27654812068051,2.33199055042927,0.578136757092808,0.578136757092808,0.544786379340813,0.558732364435982,0.558732364435982,0.533575005353234
2.94908536781155,6.07017925367914,0,0,0,0.582811737584138,0.817447601361404,1,-0.718267966351565,1,45,42,4.46716220504287,10.2353827860144,4.46716220504287,4.46716220504287,10.2353827860144,4.46716220504287,0.553034998839325,0.700073019151168,0.553034998839325,0.539779423254059,0.653902075457645,0.539779423254059
8.73682414962676,7.5368183387894,1,0,1,1.24115032842168,-0.182056569158421,0,-0.718267966351565,1,45,42,6.91747981057187,6.91747981057187,4.78433521619813,6.91747981057187,6.91747981057187,4.78433521619813,0.743544123578312,0.743544123578312,0.582482761183064,0.690015283435205,0.690015283435205,0.562027268890419
0.367111236732705,3.41827823483932,0,0,0,-0.413386991554303,0.00651968348728197,1,-0.718267966351565,1,45,42,1.66383682889186,6.76387933516464,1.66383682889186,1.66383682889186,6.76387933516464,1.66383682889186,0.584004188161226,0.709823698664402,0.584004188161226,0.563181817185299,0.661866496952069,0.563181817185299
11.7434522254904,12.1763433652467,1,0,1,0.726999702104831,1.94616383299728,0,-0.718267966351565,1,45,42,11.7718080305868,11.7718080305868,5.88425436572013,11.7718080305868,11.7718080305868,5.88425436572013,0.468383716336713,0.468383716336713,0.407007734259828,0.476313539886079,0.476313539886079,0.429985260554229
0.10827036795369,0.0351176744378154,1,0,0,-0.922699861875857,-0.401830976536768,1,-0.718267966351565,1,45,42,0.236860428224705,5.4983285619292,0.236860428224705,0.236860428224705,5.4983285619292,0.236860428224705,0.576570880276709,0.766495238966909,0.576570880276709,0.557546290154984,0.709807518460254,0.557546290154984
5.11720846996024,1.06625448586936,1,1,0,-0.0491037028707562,-1.01705226643396,0,-0.120095595764581,0,43,43,2.88736964213644,6.02176495479489,2.88736964213644,2.88736964213644,6.02176495479489,2.88736964213644,0.582635346284635,0.58291248505122,0.582635346284635,0.562143033556772,0.562353310431711,0.562143033556772
4.66108147200491,1.02930640188761,1,1,1,-1.34138246695072,0.599443371382714,0,-0.120095595764581,0,43,43,2.76214446947119,2.76214446947119,0.302812113976516,2.76214446947119,2.76214446947119,0.302812113976516,0.788912157463018,0.788912157463018,0.613326284283741,0.729740651319707,0.729740651319707,0.585560395145406
1.57464367303732,2.01495796075753,1,0,0,-1.02130465853304,0.854633374296838,0,-0.120095595764581,0,43,43,0.942967730811869,3.77336593527387,0.942967730811869,0.942967730811869,3.77336593527387,0.942967730811869,0.596546464018748,0.708041322862755,0.596546464018748,0.572722818582524,0.660405274091573,0.572722818582524
0.71302380185475,0.37459515057249,0,0,0,-0.953205185041441,0.846002488984889,1,-0.120095595764581,0,43,43,1.07916667779507,6.8948868891637,1.07916667779507,1.07916667779507,6.8948868891637,1.07916667779507,0.597214589942818,0.786240913703508,0.597214589942818,0.573232297871171,0.727330689741143,0.573232297871171
4.79911365930159,3.86319905975406,0,0,1,-0.241968124766248,0.29708779344761,0,-0.120095595764581,0,43,43,4.68990195536102,4.68990195536102,2.50164079834545,4.68990195536102,4.68990195536102,2.50164079834545,0.631899474825115,0.631899474825115,0.625426382703837,0.599885544045975,0.599885544045975,0.594877843431765
1.82505159165371,0.75829122739277,0,1,0,-0.506553347200507,0.175194986685587,0,-0.120095595764581,0,43,43,1.97247035347694,4.1031636368367,1.97247035347694,1.97247035347694,4.1031636368367,1.97247035347694,0.627977500055063,0.655919730762984,0.627977500055063,0.596849411497416,0.618629188863625,0.596849411497416
4.57615467847724,3.53325895715089,1,1,0,0.979780809311395,-0.00495430192648443,1,-0.120095595764581,0,43,43,4.94513866650074,10.0451632116083,4.94513866650074,4.94513866650074,10.0451632116083,4.94513866650074,0.629333820443344,0.812256854376527,0.629333820443344,0.597898672923497,0.75125199080088,0.597898672923497
4.20128125060678,3.08072363429934,0,1,0,0.729982861847369,-1.99235099142571,1,-0.120095595764581,0,43,43,4.44554277157269,13.5150052446077,4.44554277157269,4.44554277157269,13.5150052446077,4.44554277157269,0.445014819438295,0.623249076198075,0.445014819438295,0.458752211517506,0.593197191587968,0.458752211517506
6.53729824598915,3.15592694395691,1,0,1,-0.648816774610526,-1.56937647862679,0,-0.120095595764581,0,43,43,6.25088603032392,6.25088603032392,1.6879434986569,6.25088603032392,6.25088603032392,1.6879434986569,0.565250144193841,0.565250144193841,0.515918270943764,0.548987226995321,0.548987226995321,0.511920025951498
1.33930175021909,0.188818338302113,0,1,0,-0.810304526459317,0.667780732263521,1,-0.120095595764581,0,43,43,1.36496799495932,6.91089910134172,1.36496799495932,1.36496799495932,6.91089910134172,1.36496799495932,0.609431609112905,0.774396411511459,0.609431609112905,0.582572564431526,0.716760065515154,0.582572564431526
3.70566124821584,1.47382454893189,0,0,0,-0.285688811435881,0.482829994326178,0,-0.120095595764581,0,43,43,2.41419942500619,4.74732422842721,2.41419942500619,2.41419942500619,4.74732422842721,2.41419942500619,0.61897753004434,0.628048914850759,0.61897753004434,0.589905275566529,0.596904640064775,0.589905275566529
3.9152550470135,4.55553891478286,0,1,0,0.477692596527486,-0.839298248145848,0,-0.120095595764581,0,43,43,3.94096224093292,6.74538379027361,3.94096224093292,3.94096224093292,6.74538379027361,3.94096224093292,0.597728658418796,0.623397110198875,0.597728658418796,0.573624390040635,0.593311400017601,0.573624390040635
3.94228263923083,0.885916224028994,1,1,0,0.0312359616808653,1.95657079084852,0,-0.120095595764581,0,43,43,3.04804897123968,8.97621823084129,3.04804897123968,3.04804897123968,8.97621823084129,3.04804897123968,0.451617136501964,0.451731264562821,0.451617136501964,0.463720984585022,0.463806818612535,0.463720984585022
3.93343319220513,2.52618705640874,0,0,0,0.41415068608037,0.373254379067033,0,-0.120095595764581,0,43,43,3.81387842003869,6.05319725153141,3.81387842003869,3.81387842003869,6.05319725153141,3.81387842003869,0.62315818190819,0.642039032789311,0.62315818190819,0.593127070703837,0.607765227527557,0.593127070703837
3.20752385977579,1.24848860113339,0,1,0,-0.55308725853111,0.236705355149242,0,-0.120095595764581,0,43,43,1.87940253081573,4.03543195597206,1.87940253081573,1.87940253081573,4.03543195597206,1.87940253081573,0.626855559336806,0.660101729684943,0.626855559336806,0.595982028248772,0.621921173752944,0.595982028248772
6.36926836507932,5.15663322978875,1,1,1,-0.0646215675090544,-0.568785780613078,0,-0.120095595764581,0,43,43,5.27985117708747,5.27985117708747,2.85633391285984,5.27985117708747,5.27985117708747,2.85633391285984,0.615400927927181,0.615400927927181,0.614933022171997,0.587154125161502,0.587154125161502,0.586794549496961
2.42310617048258,4.01754359363208,0,0,0,-0.0330580060480765,2.33455152930927,0,-0.120095595764581,0,43,43,2.9194610357818,10.469591878782,2.9194610357818,2.9194610357818,10.469591878782,2.9194610357818,0.377332432368028,0.377454008767287,0.377332432368028,0.407251354447513,0.407345117358147,0.407251354447513
6.31548357213769,3.84248877097812,0,0,1,0.0864819113542531,0.356359843316038,0,-0.120095595764581,0,43,43,5.38553320851469,5.38553320851469,3.15854087058646,5.38553320851469,5.38553320851469,3.15854087058646,0.624537034695741,0.624537034695741,0.623706253332192,0.594191137253994,0.594191137253994,0.593549931622302
2.79647520910153,3.59822223897793,1,1,0,-0.127752928555021,-0.349105148709928,0,-0.120095595764581,0,43,43,2.73007119076791,4.95194559562369,2.73007119076791,2.73007119076791,4.95194559562369,2.73007119076791,0.623933722736404,0.625745319825878,0.623933722736404,0.593725468230294,0.595124184938626,0.593725468230294
1.64622433435399,0.831090802701662,1,0,0,-0.920309689012296,-0.0464244337428401,0,-0.120095595764581,0,43,43,1.14495766985336,3.2471128979017,1.14495766985336,1.14495766985336,3.2471128979017,1.14495766985336,0.629239653937,0.71732632017741,0.629239653937,0.597825800769393,0.668044741622199,0.597825800769393
9.67579854967373,12.1746046109155,1,0,1,-0.132921461575378,-2.39204275955522,0,-0.120095595764581,0,43,43,10.5416026882678,10.5416026882678,2.7197341247272,10.5416026882678,10.5416026882678,2.7197341247272,0.367258695551964,0.367258695551964,0.365315870441946,0.399461935494085,0.399461935494085,0.397954875293162
2.0778989621642,3.9417833629335,1,0,0,0.284352346851929,-0.645271670089648,0,-0.120095595764581,0,43,43,3.55428174158181,6.07065726980209,3.55428174158181,3.55428174158181,6.07065726980209,3.55428174158181,0.610762357914207,0.619820772566214,0.610762357914207,0.583592875540239,0.590554586969023,0.583592875540239
3.80855179307264,3.40165802144658,0,1,1,-0.201729274336445,-0.444808258094903,0,-0.120095595764581,0,43,43,4.87997288567448,4.87997288567448,2.58211849920506,4.87997288567448,4.87997288567448,2.58211849920506,0.625077703530648,0.625077703530648,0.620551437197068,0.594608575425108,0.594608575425108,0.591117425618796
11.0061634547801,11.5360417994873,1,1,1,1.32789961803635,-0.394924514187254,1,-0.120095595764581,0,43,43,10.8973416558567,10.8973416558567,5.64137628395064,10.8973416558567,10.8973416558567,5.64137628395064,0.860911385352694,0.860911385352694,0.622417551599328,0.799298792592805,0.799298792592805,0.592555825734548
7.66953871757481,4.17116652848577,0,1,1,-0.127802037401281,0.220932440614151,0,-0.120095595764581,0,43,43,4.87878411639111,4.87878411639111,2.72997297307539,4.87878411639111,4.87878411639111,2.72997297307539,0.628982277492697,0.628982277492697,0.627175334227416,0.597626644586306,0.597626644586306,0.596229197998368
4.53090573114934,4.01870052867622,0,1,0,0.36380646664667,-0.549727290566734,0,-0.120095595764581,0,43,43,3.71318998117129,6.11539007516513,3.71318998117129,3.71318998117129,6.11539007516513,3.71318998117129,0.615888222611985,0.630601856727263,0.615888222611985,0.587528683854154,0.598880314973844,0.587528683854154
5.45489216978698,4.87379246682311,0,0,1,0.036413014927593,-0.192462042228007,0,-0.120095595764581,0,43,43,5.19544471543171,5.19544471543171,3.05840307773314,5.19544471543171,5.19544471543171,3.05840307773314,0.627843235227923,0.627843235227923,0.627696503827338,0.596745583472103,0.596745583472103,0.596632123236907
6.90455421041771,5.75533022555366,1,1,1,-0.554868368649661,0.584013982243716,1,-0.120095595764581,0,43,43,7.31691264203479,7.31691264203479,1.87584031057863,7.31691264203479,7.31691264203479,1.87584031057863,0.747719961466943,0.747719961466943,0.614145762501617,0.693574602437136,0.693574602437136,0.586189732394118
0.417541915426744,-0.810090838835091,0,0,0,-0.944035770268042,0.157773774487688,0,-0.120095595764581,0,43,43,1.09750550734187,3.22239807125796,1.09750550734187,1.09750550734187,3.22239807125796,1.09750550734187,0.628234184251474,0.720709603913106,0.628234184251474,0.597047927568093,0.670845781715214,0.597047927568093
3.14064033123194,1.42926755403599,0,1,0,-0.216466501819695,0.527555837229112,0,-0.120095595764581,0,43,43,2.55264404423856,4.93095920563307,2.55264404423856,2.55264404423856,4.93095920563307,2.55264404423856,0.616957469504977,0.622185842141611,0.616957469504977,0.588350858612166,0.592377152333417,0.588350858612166
5.59036014729827,3.9859891209222,1,1,1,-0.872514356469623,-0.758086530873807,0,-0.120095595764581,0,43,43,3.91524352323099,3.91524352323099,1.2405483349387,3.91524352323099,3.91524352323099,1.2405483349387,0.685997219223915,0.685997219223915,0.603616052779495,0.642524890962117,0.642524890962117,0.578120535224971
3.45447363656329,3.38585223164112,0,1,0,0.126765819400174,1.09633151415171,0,-0.120095595764581,0,43,43,3.2391086866783,6.54105147560047,3.2391086866783,3.2391086866783,6.54105147560047,3.2391086866783,0.574912885524387,0.57676786935987,0.574912885524387,0.556291048256454,0.557695468753767,0.556291048256454
7.8096170731505,4.32561617825637,0,1,1,0.346022765136568,-0.33770223972429,0,-0.120095595764581,0,43,43,5.89166538086589,5.89166538086589,3.67762257815109,5.89166538086589,5.89166538086589,3.67762257815109,0.637487186700471,0.637487186700471,0.624281701714778,0.604222321778396,0.604222321778396,0.593994040085192
9.07833025562914,5.52621282759103,1,1,1,-0.359397329503691,-0.295076640325724,1,-0.120095595764581,0,43,43,7.45385261253648,7.45385261253648,2.26678238887057,7.45385261253648,7.45385261253648,2.26678238887057,0.740707810529518,0.740707810529518,0.625479226802998,0.687607661323934,0.687607661323934,0.594918656531598
2.1547781338762,1.78754212639124,0,0,0,-0.300647494482352,0.0396475601841657,0,-0.120095595764581,0,43,43,2.38428205891325,4.4858539879418,2.38428205891325,2.38428205891325,4.4858539879418,2.38428205891325,0.62926543403614,0.639198688919277,0.62926543403614,0.597845750724156,0.605553374732227,0.597845750724156
1.11235014103708,1.11890744308971,1,0,0,-0.373657134914198,-1.69532875644563,0,-0.120095595764581,0,43,43,2.23826277804955,7.21240237048103,2.23826277804955,2.23826277804955,7.21240237048103,2.23826277804955,0.496511293446465,0.512986678516141,0.496511293446465,0.497387962930556,0.509724242758575,0.497387962930556
9.40936726628291,6.88209664956587,1,1,1,0.607126988977046,-1.25955258954073,0,-0.120095595764581,0,43,43,7.88630375165081,7.88630375165081,4.19983102583204,7.88630375165081,7.88630375165081,4.19983102583204,0.599522257396428,0.599522257396428,0.557062855071379,0.574993025793061,0.574993025793061,0.542812806749518
1.97059275573692,-1.55206139902987,1,1,1,-2.57056008561263,0.299136054846621,0,-0.120095595764581,0,43,43,0.0339392559618871,0.0339392559618871,-2.15554312334731,0.0339392559618871,0.0339392559618871,-2.15554312334731,0.976515182800014,0.976515182800014,0.625372191660391,0.950058600002678,0.950058600002678,0.594835991185973
9.28020759258972,7.60418469202515,1,1,1,-0.125564283347649,-0.73282629770614,1,-0.120095595764581,0,43,43,8.37148286379234,8.37148286379234,2.73444848118265,8.37148286379234,8.37148286379234,2.73444848118265,0.712943855969964,0.712943855969964,0.605319950257267,0.664430422065455,0.664430422065455,0.579423797025801
3.97896825905581,3.83789855255171,0,0,0,0.393819350863517,1.94354657196428,0,-0.120095595764581,0,43,43,3.77321574960498,9.65058902699909,3.77321574960498,3.77321574960498,9.65058902699909,3.77321574960498,0.453994807220455,0.472202399193654,0.453994807220455,0.465508823040708,0.479177473352318,0.465508823040708
1.92675645729474,1.32192930426695,0,0,0,-0.641487476218599,0.738033557439118,0,-0.120095595764581,0,43,43,1.70260209544075,4.34729562734699,1.70260209544075,1.70260209544075,4.34729562734699,1.70260209544075,0.604973621665548,0.65047404934028,0.604973621665548,0.579158825256506,0.614355863366748,0.579158825256506
6.42956149931192,7.1831425543247,1,1,1,-1.19277136046321,-0.909338956094407,1,-0.120095595764581,0,43,43,6.52693166402239,6.52693166402239,0.600034326951527,6.52693166402239,6.52693166402239,0.600034326951527,0.821763710691519,0.821763710691519,0.592145528242152,0.760266913676131,0.760266913676131,0.569370096959931
2.20096324718595,1.52701266001496,1,0,0,-1.00683419631676,1.46233052601455,0,-0.120095595764581,0,43,43,0.971908655244425,5.21031922255842,0.971908655244425,0.971908655244425,5.21031922255842,0.971908655244425,0.531205524073354,0.646661773315867,0.531205524073354,0.5233783309322,0.611372995350864,0.5233783309322
3.66108671565935,1.0026378619666,1,0,1,-0.800796255777928,0.95643705086477,0,0.429739430944831,0,58,44,4.22850334220226,4.22850334220226,1.21373150993536,4.22850334220226,4.22850334220226,1.21373150993536,0.59855851082634,0.59855851082634,0.524100267148399,0.574257503304585,0.574257503304585,0.518050713023167
15.5044042564935,15.057973757165,1,1,1,1.77404468412835,-1.77233719103046,1,0.429739430944831,0,58,44,14.6045925084576,14.6045925084576,6.36341338974791,14.6045925084576,14.6045925084576,6.36341338974791,0.838695136695343,0.838695136695343,0.419679903328639,0.776741220210639,0.776741220210639,0.43961290367502
7.94106596019356,6.83266552601756,0,1,1,1.15086598742224,1.20522459753036,0,0.429739430944831,0,58,44,8.66962232682789,8.66962232682789,5.11705599633569,8.66962232682789,8.66962232682789,5.11705599633569,0.650474285729889,0.650474285729889,0.498729384394259,0.61435604854551,0.61435604854551,0.499048678887678
5.10198790171376,1.04666201414617,0,1,1,-0.0952913496444883,-0.17106869112012,0,0.429739430944831,0,58,44,4.75400581928379,4.75400581928379,2.62474132220224,4.75400581928379,4.75400581928379,2.62474132220224,0.566614328599665,0.566614328599665,0.565560472433627,0.550017228214636,0.550017228214636,0.54922150269072
2.20901810939524,2.28329458321334,1,1,1,-2.32050275858931,-0.268616030252127,1,0.429739430944831,0,58,44,3.34647307602101,3.34647307602101,-1.8256814956874,3.34647307602101,3.34647307602101,-1.8256814956874,0.966024896667844,0.966024896667844,0.563567846386343,0.932067819976766,0.932067819976766,0.547717531560805
10.0946655992087,10.282270607222,1,1,1,0.889975266369544,0.385067534951949,1,0.429739430944831,0,58,44,9.84355156070427,9.84355156070427,4.5952745542303,9.84355156070427,9.84355156070427,4.5952745542303,0.748751719094104,0.748751719094104,0.560026500364669,0.69445677036759,0.69445677036759,0.545046450915993
7.57153038941914,6.95783745427015,0,1,1,0.762529102150855,0.926525940234608,0,0.429739430944831,0,58,44,7.29883254372055,7.29883254372055,4.34038222579292,7.29883254372055,7.29883254372055,4.34038222579292,0.594312979935833,0.594312979935833,0.526752590414604,0.571020616335249,0.571020616335249,0.520038994437949
0.650128141552219,-2.98024194306779,1,1,0,-1.72447088222456,-0.360430827249656,0,0.429739430944831,0,58,44,-0.633617742957901,1.59629263827397,-0.633617742957901,-0.633617742957901,1.59629263827397,-0.633617742957901,0.560881493534297,0.840717156730831,0.560881493534297,0.545691127167497,0.778747584645613,0.545691127167497
5.0125709076954,4.07786115276883,1,1,1,-1.23858956105059,0.544472865544257,1,0.429739430944831,0,58,44,5.73459560070401,5.73459560070401,0.338144899390032,5.73459560070401,5.73459560070401,0.338144899390032,0.805238835485713,0.805238835485713,0.553116792466906,0.744695857501964,0.744695857501964,0.539840996478426
10.112883851819,8.33118764471552,1,1,1,0.767650264265865,0.945755436015846,1,0.429739430944831,0,58,44,10.3450778947765,10.3450778947765,4.35062455002294,10.3450778947765,10.3450778947765,4.35062455002294,0.701182558340273,0.701182558340273,0.525057273113363,0.654804793049996,0.654804793049996,0.518768061491394
7.0378315313352,4.10370680242837,1,0,1,0.0256389330373564,-1.15770605315686,0,0.429739430944831,0,58,44,6.30688519308195,6.30688519308195,2.86660188756593,6.30688519308195,6.30688519308195,2.86660188756593,0.504107632617283,0.504107632617283,0.504030055031586,0.503075436374917,0.503075436374917,0.503017351773267
4.13548853968269,3.42372789786185,1,0,1,-0.018483696872511,0.416507327657475,0,0.429739430944831,0,58,44,5.05183498173856,5.05183498173856,2.77835662774619,5.05183498173856,5.05183498173856,2.77835662774619,0.558892578967258,0.558892578967258,0.558852789529336,0.544191657225613,0.544191657225613,0.544161666467883
11.1214582846878,5.61732083307254,1,1,1,1.58103206715152,1.42142248430762,0,0.429739430944831,0,58,44,10.0978300346895,10.0978300346895,5.97738815579426,10.0978300346895,10.0978300346895,5.97738815579426,0.745024532351763,0.745024532351763,0.471948681527948,0.691275110045242,0.691275110045242,0.478987228430645
6.59476773166064,6.91042814237499,1,1,1,0.512207342063389,-0.156177389412979,0,0.429739430944831,0,58,44,5.96413008258184,5.96413008258184,3.83973870561799,5.96413008258184,5.96413008258184,3.83973870561799,0.595968561395923,0.595968561395923,0.565786745816771,0.572282244225981,0.572282244225981,0.549392334671674
8.86945941671141,5.93563903091432,1,1,1,-0.762743271541279,-1.85254792965192,0,0.429739430944831,0,58,44,6.82177131006628,6.82177131006628,1.28983747840865,6.82177131006628,6.82177131006628,1.28983747840865,0.473970715030365,0.473970715030365,0.406350565350901,0.48050326733803,0.48050326733803,0.429484808400857
8.2776417882949,5.43970957431785,1,1,1,0.247303115385219,-0.375345189183083,1,0.429739430944831,0,58,44,8.55081426330453,8.55081426330453,3.30993025226165,8.55081426330453,8.55081426330453,3.30993025226165,0.678121780362929,0.678121780362929,0.560370696151746,0.636216464923774,0.636216464923774,0.545305963549184
7.11148874014306,6.278411329452,1,1,1,-0.290168213359187,-0.0903717694135237,1,0.429739430944831,0,58,44,7.34315465147977,7.34315465147977,2.23498759477284,7.34315465147977,7.34315465147977,2.23498759477284,0.685965737584032,0.685965737584032,0.566539900283963,0.64249959466555,0.64249959466555,0.549961023198571
7.8221941726473,4.86235234888549,1,1,1,0.0297675018165781,0.786528521530369,0,0.429739430944831,0,58,44,5.59348614030512,5.59348614030512,2.87485902512437,5.59348614030512,5.59348614030512,2.87485902512437,0.538132673201444,0.538132673201444,0.538028670876544,0.528576778715308,0.528576778715308,0.528498693861927
4.11153027010443,4.63317231734596,0,0,0,0.686374498491082,-1.25684319124134,1,0.429739430944831,0,58,44,4.18807301847338,10.8677278258431,4.18807301847338,4.18807301847338,10.8677278258431,4.18807301847338,0.492730164359762,0.660731574044778,0.492730164359762,0.494556847452484,0.622417771291694,0.494556847452484
10.2687405521523,4.86499341722502,0,0,1,-0.246941870284385,0.756259811484649,1,0.429739430944831,0,58,44,7.99336918338924,7.99336918338924,2.32144028092244,7.99336918338924,7.99336918338924,2.32144028092244,0.659982489126541,0.659982489126541,0.540220384109362,0.621827182892101,0.621827182892101,0.530144487570785
8.13583609312796,3.66254258308145,1,1,1,-0.342384492919749,1.49947168973474,0,0.429739430944831,0,58,44,6.47897038396767,6.47897038396767,2.13055503565172,6.47897038396767,6.47897038396767,2.13055503565172,0.475013474895019,0.475013474895019,0.461232461519044,0.481284964901196,0.481284964901196,0.470946532099972
6.36102776310041,6.20402021348105,1,1,1,1.07272707570876,-0.480073816653175,0,0.429739430944831,0,58,44,7.29124904234469,7.29124904234469,4.96077817290874,7.29124904234469,7.29124904234469,4.96077817290874,0.683670425051373,0.683670425051373,0.556196165308469,0.640656979110098,0.640656979110098,0.542159879586395
8.33593262321457,6.97765113459303,1,0,1,-0.947846222219761,2.09088998081106,0,0.429739430944831,0,58,44,7.39145248890777,7.39145248890777,0.919631577051691,7.39145248890777,7.39145248890777,0.919631577051691,0.466993019103877,0.466993019103877,0.364238286609161,0.47527022298257,0.47527022298257,0.397118293091647
7.88330547838228,7.97062039392679,1,0,1,-0.884964430885085,-2.06037777094305,0,0.429739430944831,0,58,44,7.39055171871728,7.39055171871728,1.04539515972104,7.39055171871728,7.39055171871728,1.04539515972104,0.459410049361506,0.459410049361506,0.36981405021468,0.469577937580936,0.469577937580936,0.401441726394737
2.08921958516998,1.27442077309144,0,1,1,-1.02773753202612,0.0879711607393536,0,0.429739430944831,0,58,44,2.8675878825608,2.8675878825608,0.759848957438975,2.8675878825608,2.8675878825608,0.759848957438975,0.683114566215524,0.683114566215524,0.566559770770074,0.640211259030013,0.640211259030013,0.549976028416277
7.23492178235582,6.03659323641851,1,1,1,0.699382835736939,0.178385783447025,0,0.429739430944831,0,58,44,6.3459111807011,6.3459111807011,4.21408969296509,6.3459111807011,6.3459111807011,4.21408969296509,0.621188259084034,0.621188259084034,0.565441733374861,0.591608139564869,0.591608139564869,0.549131860977294
2.94328151487872,2.70021525050703,0,1,1,-2.38300135997701,-0.536300786759097,1,0.429739430944831,0,58,44,3.43693983541561,3.43693983541561,-1.95067869846281,3.43693983541561,3.43693983541561,-1.95067869846281,0.96924788693252,0.96924788693252,0.553529232452716,0.937419726268352,0.937419726268352,0.540151492006358
5.8903066613244,1.83968908177137,0,0,1,-0.11509448821532,-0.651988967261022,0,0.429739430944831,0,58,44,5.11022465849067,5.11022465849067,2.58513504506057,5.11022465849067,5.11022465849067,2.58513504506057,0.548651814264809,0.548651814264809,0.547102057680938,0.536481289720103,0.536481289720103,0.535315837687158
5.59841665559457,2.33414762427929,0,0,1,0.23264687039932,0.683220589463442,0,0.429739430944831,0,58,44,5.84740813615663,5.84740813615663,3.28061776228985,5.84740813615663,5.84740813615663,3.28061776228985,0.551480380430562,0.551480380430562,0.545149369194042,0.538609320976976,0.538609320976976,0.533847839201632
2.63565889292606,0.905418475844829,0,0,0,-0.473384863325906,-0.33166575541189,0,0.429739430944831,0,58,44,1.8685542948394,4.07855646815234,1.8685542948394,1.8685542948394,4.07855646815234,1.8685542948394,0.561807860840945,0.587686459386104,0.561807860840945,0.546389767911737,0.565978567847379,0.546389767911737
11.2178900227173,11.1920580086986,1,1,1,1.95851127454433,0.177784428989298,1,0.429739430944831,0,58,44,11.8639538737709,11.8639538737709,6.73234657057987,11.8639538737709,11.8639538737709,6.73234657057987,0.93027299246671,0.93027299246671,0.565451679744305,0.879871239357241,0.879871239357241,0.549139369856235
11.0881851388241,7.55640037078613,0,1,1,1.3417174965417,1.04183179092839,0,0.429739430944831,0,58,44,8.68417249516366,8.68417249516366,5.49875901457461,8.68417249516366,8.68417249516366,5.49875901457461,0.714428536911031,0.714428536911031,0.516056999966184,0.665653136608336,0.665653136608336,0.512023944150359
8.84430782625777,5.94457608544902,0,0,1,0.4535151055381,1.13905670311235,0,0.429739430944831,0,58,44,7.1198044054726,7.1198044054726,3.72235423256741,7.1198044054726,7.1198044054726,3.72235423256741,0.530291215552429,0.530291215552429,0.506051961129379,0.522692536710625,0.522692536710625,0.504531238602742
13.0748937183353,12.1986601141196,1,1,1,1.35554032205465,-1.33544579277427,1,0.429739430944831,0,58,44,12.409820131039,12.409820131039,5.52640466560051,12.409820131039,12.409820131039,5.52640466560051,0.782342457373732,0.782342457373732,0.483116476400976,0.723831083485661,0.723831083485661,0.487356903565707
12.1534634411517,12.0327765623814,1,0,1,0.659354683362172,-1.896632164399,1,0.429739430944831,0,58,44,12.8312469552484,12.8312469552484,4.13403338821556,12.8312469552484,12.8312469552484,4.13403338821556,0.566438950162164,0.566438950162164,0.39883044032589,0.549884791806554,0.549884791806554,0.423749110270216
1.93568320385282,-1.4235699893572,0,0,0,-0.876155371089614,0.108710778284082,0,0.429739430944831,0,58,44,1.06301327931199,3.17483131262712,1.06301327931199,1.06301327931199,3.17483131262712,1.06301327931199,0.566370442516506,0.652568877574952,0.566370442516506,0.549833060135288,0.615997955549907,0.549833060135288
11.8279198545945,9.72732577214238,0,0,1,0.643434839426555,1.96971209240726,0,0.429739430944831,0,58,44,10.0819594273197,10.0819594273197,4.10219370034432,10.0819594273197,10.0819594273197,4.10219370034432,0.43338543482051,0.43338543482051,0.386080925956128,0.449982586242967,0.449982586242967,0.413984374838518
10.3083039535096,11.5468258727615,1,1,1,1.85522441693259,0.347133936696416,1,0.429739430944831,0,58,44,11.7462748253627,11.7462748253627,6.5257728553564,11.7462748253627,11.7462748253627,6.5257728553564,0.915300720439646,0.915300720439646,0.561319335802865,0.860745118438156,0.860745118438156,0.546021316512308
9.13738837354802,9.29630549762026,0,1,1,0.287321095028289,-0.94105938389073,1,0.429739430944831,0,58,44,9.37555897555659,9.37555897555659,3.38996621154779,9.37555897555659,9.37555897555659,3.38996621154779,0.648839366677477,0.648839366677477,0.525474554266354,0.613075966570872,0.613075966570872,0.519080865912894
11.8825668414195,9.50629743299276,1,1,1,0.988109618021266,-0.505856550998379,1,0.429739430944831,0,58,44,10.1474341077217,10.1474341077217,4.79154325753374,10.1474341077217,10.1474341077217,4.79154325753374,0.761246287598858,0.761246287598858,0.555010252845103,0.705229812575346,0.705229812575346,0.541266663325379
10.1600883062916,8.86649421209434,1,1,1,1.09953254727766,0.583717230667086,1,0.429739430944831,0,58,44,10.4551149214242,10.4551149214242,5.01438911604654,10.4551149214242,10.4551149214242,5.01438911604654,0.778111952598441,0.778111952598441,0.551048217688185,0.720056294766738,0.720056294766738,0.538284113441117
4.06248853809679,4.51627538261092,0,0,0,0.989290896008011,0.15353553683425,1,0.429739430944831,0,58,44,4.79390581350724,9.91747897457822,4.79390581350724,4.79390581350724,9.91747897457822,4.79390581350724,0.565824735442747,0.769437164768277,0.565824735442747,0.549421017067773,0.71238737701535,0.549421017067773
5.56848024496992,3.25124056071337,1,0,1,-0.0842591161254843,-0.167156307631197,0,0.429739430944831,0,58,44,4.77474702042114,4.77474702042114,2.64680578924024,4.77474702042114,4.77474702042114,2.64680578924024,0.566445904764839,0.566445904764839,0.565621918162203,0.549890043435511,0.549890043435511,0.549267892035963
5.51166780580075,4.13256852618789,1,0,1,0.248182150122169,-0.330066398649666,0,0.429739430944831,0,58,44,5.52063214925311,5.52063214925311,3.31168832173555,5.52063214925311,5.52063214925311,3.31168832173555,0.569007869636622,0.569007869636622,0.561857096279541,0.551825312539138,0.551825312539138,0.546426904261868
6.90031396614531,6.09151224594393,1,0,1,1.41682980179471,-0.0153453996781893,0,0.429739430944831,0,58,44,7.74921910637191,7.74921910637191,5.64898362508062,7.74921910637191,7.74921910637191,5.64898362508062,0.772654905487332,0.772654905487332,0.566907988205435,0.715221082924101,0.715221082924101,0.550238997750696
13.3163055592224,8.36486277984118,1,0,1,1.63214171739592,-1.73556024751553,0,0.429739430944831,0,58,44,11.1917768290392,11.1917768290392,6.07960745628306,11.1917768290392,11.1917768290392,6.07960745628306,0.723382464599198,0.723382464599198,0.425631353949423,0.673065464281208,0.673065464281208,0.444120846265626
11.6536209420267,10.8733366790079,1,1,1,1.39833426052233,0.836999615750527,1,0.429739430944831,0,58,44,11.4125608993024,11.4125608993024,5.61199254253587,11.4125608993024,11.4125608993024,5.61199254253587,0.824106056273754,0.824106056273754,0.534179540714148,0.762512952691637,0.762512952691637,0.525609581098174
10.2546800484462,6.71137426565155,1,1,1,2.13456127397428,0.264726855223408,0,0.429739430944831,0,58,44,9.25452687731624,9.25452687731624,7.08444656943977,9.25452687731624,9.25452687731624,7.08444656943977,0.920279825368596,0.920279825368596,0.563664259931379,0.86697000784365,0.86697000784365,0.54779028418135
5.477728001262,2.92222304312033,1,1,1,-1.44429774324407,0.775977985868682,0,0.429739430944831,0,58,44,2.62887036955588,2.62887036955588,-0.0732714649969362,2.62887036955588,2.62887036955588,-0.0732714649969362,0.758726848095856,0.758726848095856,0.538802547790854,0.703043754363348,0.703043754363348,0.529079748759724
6.5625931426178,2.92491465460241,1,0,0,1.02297874066496,-0.818339439358364,0,0.429739430944831,0,58,44,4.86128150282112,7.63096094083048,4.86128150282112,4.86128150282112,7.63096094083048,4.86128150282112,0.535631004106444,0.654254309495196,0.535631004106444,0.526698851635468,0.617320718572248,0.526698851635468
8.31808175581901,7.46942205005411,1,0,1,-0.323670692269919,-0.990858069470169,1,0.429739430944831,0,58,44,8.24978235078552,8.24978235078552,2.16798263695138,8.24978235078552,8.24978235078552,2.16798263695138,0.647079448105727,0.647079448105727,0.5209420779392,0.611699459086939,0.611699459086939,0.515683849020223
4.57430197595503,2.34304252384697,0,0,1,-0.56786352940991,0.846521253070548,0,0.429739430944831,0,58,44,4.49619519457152,4.49619519457152,1.67959696267139,4.49619519457152,4.49619519457152,1.67959696267139,0.571070873872957,0.571070873872957,0.533426081713615,0.553384643347904,0.553384643347904,0.525044220239782
8.14287769213831,3.44439100376706,0,0,1,-0.850571704532801,-1.62380893622546,0,0.429739430944831,0,58,44,5.85093607379127,5.85093607379127,1.11418061242561,5.85093607379127,5.85093607379127,1.11418061242561,0.528182458665428,0.528182458665428,0.44306127886578,0.521111099523775,0.521111099523775,0.457280711254498
6.31195110165673,4.17430176878869,1,0,1,-0.222484323463874,-1.22354138439902,0,0.429739430944831,0,58,44,5.96740889390054,5.96740889390054,2.37035537456346,5.96740889390054,5.96740889390054,2.37035537456346,0.502471185848044,0.502471185848044,0.496629239858038,0.501850193913096,0.501850193913096,0.497476272036927
4.70796918369029,2.2698028510636,1,0,1,-0.487982877140183,0.834022121896652,0,0.429739430944831,0,58,44,4.63495116702384,4.63495116702384,1.83935826721085,4.63495116702384,4.63495116702384,1.83935826721085,0.562260351078432,0.562260351078432,0.534413374180214,0.54673108005886,0.54673108005886,0.525785050299756
8.53325885685407,5.48071678499209,0,0,1,-1.10429205050054,-0.15615550174031,1,0.429739430944831,0,58,44,5.73112446121391,5.73112446121391,0.60673992049014,5.73112446121391,5.73112446121391,0.60673992049014,0.789255609259069,0.789255609259069,0.565787063225296,0.730051230561289,0.730051230561289,0.549392574315862
3.01925368188206,0.726353968851907,1,0,0,-0.474916819633627,-0.535228148447151,0,0.429739430944831,0,58,44,1.86549038222396,4.25195955311413,1.86549038222396,1.86549038222396,4.25195955311413,1.86549038222396,0.553582899662317,0.579745302892338,0.553582899662317,0.540191896025875,0.559951351389403,0.540191896025875
4.34821868111303,2.46295057982236,1,0,1,-0.664328118918433,-0.323371926907051,0,0.429739430944831,0,58,44,3.69123718676592,3.69123718676592,1.48666778365435,3.69123718676592,3.69123718676592,1.48666778365435,0.612585490964397,0.612585490964397,0.562060587110566,0.58499168780534,0.58499168780534,0.546580394046407
12.3365194621259,12.3818158109294,1,0,1,1.19997130669374,1.6020234703328,0,-0.427824866302871,1,52,45,11.4854111669903,11.4854111669903,6.8189319674932,11.4854111669903,11.4854111669903,6.8189319674932,0.598051289181693,0.598051289181693,0.429777023817293,0.573870508061683,0.573870508061683,0.447256343591428
2.0891095585635,0.659293220362358,0,1,0,-1.15559074336907,-0.156623116453444,0,-0.427824866302871,1,52,45,0.349161280581352,2.47369208118894,0.349161280581352,0.349161280581352,2.47369208118894,0.349161280581352,0.549182876999984,0.696339191360407,0.549182876999984,0.536880738663588,0.650870740952286,0.536880738663588
5.14498524268371,5.21380158419033,1,1,1,-0.0550731294186142,-0.303698458722445,0,-0.427824866302871,1,52,45,4.59535392004365,4.59535392004365,2.40312116621326,4.59535392004365,4.59535392004365,2.40312116621326,0.546369396829021,0.546369396829021,0.546014339198985,0.534764975451795,0.534764975451795,0.534498046082791
-0.680211323527835,1.92965353924806,1,1,0,-0.926174690849088,-0.358243438637773,1,-0.427824866302871,1,52,45,0.606373063436982,5.834711424764,0.606373063436982,0.606373063436982,5.834711424764,0.606373063436982,0.54432308248126,0.742524913935079,0.54432308248126,0.533226802713588,0.689149207209155,0.533226802713588
3.68853925885167,4.64923620690372,1,1,0,0.870562317162156,-0.831974609866345,1,-0.427824866302871,1,52,45,3.7261159082309,9.51829765969315,3.7261159082309,3.7261159082309,9.51829765969315,3.7261159082309,0.517808538357803,0.711751460682755,0.517808538357803,0.513336053834181,0.663449691085388,0.513336053834181
1.99068696605747,1.56546238864632,1,1,0,-0.337763685006328,-1.16606587347149,0,-0.427824866302871,1,52,45,0.975372640288783,4.43508226156362,0.975372640288783,0.975372640288783,4.43508226156362,0.975372640288783,0.486305728212464,0.499766949031489,0.486305728212464,0.489745790286549,0.499825510071,0.489745790286549
7.85899768600826,6.15284901067179,0,1,1,0.147486472361398,-0.636344414724504,1,-0.427824866302871,1,52,45,7.98052862792229,7.98052862792229,2.47559441377122,7.98052862792229,7.98052862792229,2.47559441377122,0.647653049748046,0.647653049748046,0.53133719450197,0.612147934207538,0.612147934207538,0.523477098962944
13.9911531985833,10.9515351502252,1,1,1,1.61280110853632,0.795564795715702,1,-0.427824866302871,1,52,45,12.5710562407434,12.5710562407434,6.83813289656128,12.5710562407434,12.5710562407434,6.83813289656128,0.858263065155141,0.858263065155141,0.520602125124552,0.796547132208052,0.796547132208052,0.515429113307662
0.273824625531538,2.67917770753083,1,1,0,0.0686047171865614,-1.03054759344516,0,-0.427824866302871,1,52,45,1.9236277247009,5.0856560670565,1.9236277247009,1.9236277247009,5.0856560670565,1.9236277247009,0.500355667898905,0.500911151184275,0.500355667898905,0.500266287070577,0.500682180725155,0.500266287070577
10.9585057870375,9.47799840846334,1,1,1,2.17431470158404,0.235717981954693,0,-0.427824866302871,1,52,45,9.55687623591249,9.55687623591249,7.4013132688957,9.55687623591249,9.55687623591249,7.4013132688957,0.921518325453025,0.921518325453025,0.547730988496089,0.868538453163777,0.868538453163777,0.53578876757069
3.63269190190706,3.9453888932113,1,1,0,0.432540588792461,0.308210912862455,1,-0.427824866302871,1,52,45,3.99025797422031,9.18525194102781,3.99025797422031,3.99025797422031,9.18525194102781,3.99025797422031,0.545885033851851,0.678313864668764,0.545885033851851,0.534400839598713,0.636369868048829,0.534400839598713
3.43733331089993,3.58348011222725,0,1,0,0.481118391919305,-0.942410656392594,1,-0.427824866302871,1,52,45,2.83679201121895,8.82492985650127,2.83679201121895,2.83679201121895,8.82492985650127,2.83679201121895,0.508564046875104,0.64942982187065,0.508564046875104,0.506412245560075,0.613538121352899,0.506412245560075
12.4852992473667,11.982348440557,0,1,1,-0.111465842416758,2.06417183829871,0,-0.427824866302871,1,52,45,11.0190114152636,11.0190114152636,4.65820603723812,11.0190114152636,11.0190114152636,4.65820603723812,0.354896679813936,0.354896679813936,0.353549392694145,0.389844393787987,0.389844393787987,0.388792022120431
2.15029484175781,1.53877605698999,0,1,0,-0.757903668656506,0.000858849292475504,0,-0.427824866302871,1,52,45,1.30201739575239,3.4020181333745,1.30201739575239,1.30201739575239,3.4020181333745,1.30201739575239,0.550329991437705,0.616227108138298,0.550329991437705,0.53774370115056,0.587789218126358,0.53774370115056
3.5976451540621,2.99859931909893,0,1,0,0.239219359466016,0.128600801090559,0,-0.427824866302871,1,52,45,3.42400540379552,5.54054356983665,3.42400540379552,3.42400540379552,5.54054356983665,3.42400540379552,0.54955669675327,0.556238524212423,0.54955669675327,0.5371619385172,0.542191788094845,0.5371619385172
13.7578791332068,14.3177691653523,1,1,1,1.76160816733176,1.53729546833801,0,-0.427824866302871,1,52,45,12.340755043747,12.340755043747,7.87747768677446,12.340755043747,12.340755043747,7.87747768677446,0.773344772770485,0.773344772770485,0.439212805064163,0.715830272430182,0.715830272430182,0.454379974729217
8.28958776572323,5.66310920142642,0,1,1,0.432395486488079,-0.633969370272928,0,-0.427824866302871,1,52,45,5.54970464892041,5.54970464892041,3.04778748647616,5.54970464892041,5.54970464892041,3.04778748647616,0.55339039726944,0.55339039726944,0.531479091012562,0.540046970317361,0.540046970317361,0.523583539495321
5.94802324773254,7.73973174402697,1,0,1,1.53331432686822,-0.953529142487299,0,-0.427824866302871,1,52,45,7.93928322059463,7.93928322059463,4.93006539502207,7.93928322059463,7.93928322059463,4.93006539502207,0.758708520935171,0.758708520935171,0.50756913142991,0.703027878399531,0.703027878399531,0.505667253785581
10.4670938653796,9.18933035594452,1,1,1,0.763060342930662,-0.251141172327406,1,-0.427824866302871,1,52,45,9.25501728574483,9.25501728574483,4.09194539730685,9.25501728574483,9.25501728574483,4.09194539730685,0.719125338932416,0.719125338932416,0.547379554664267,0.669532973766076,0.669532973766076,0.535524497178421
5.01203354682939,6.1538217078464,1,1,1,0.0157409632669999,-0.64641866552258,0,-0.427824866302871,1,52,45,4.71988623592034,4.71988623592034,2.20202914478435,4.71988623592034,4.71988623592034,2.20202914478435,0.530758495726038,0.530758495726038,0.530729357699669,0.523043019666619,0.523043019666619,0.523021164158958
9.45127022585224,10.0864782251633,1,0,1,1.18575350086126,0.197079284218135,1,-0.427824866302871,1,52,45,10.5243924139815,10.5243924139815,5.38555216971359,10.5243924139815,10.5243924139815,5.38555216971359,0.792301177617499,0.792301177617499,0.548513484911362,0.73281260694742,0.73281260694742,0.536377249243828
2.80635722714762,1.45258515474945,0,1,0,-1.17635591621456,1.05167040861605,1,-0.427824866302871,1,52,45,1.51592445995986,7.72193510831851,1.51592445995986,1.51592445995986,7.72193510831851,1.51592445995986,0.498279318830565,0.754661228305362,0.498279318830565,0.498711710928523,0.699530975497872,0.498711710928523
2.85157504952934,2.71929380016055,1,0,1,-1.20937796468285,-0.888844732200185,0,-0.427824866302871,1,52,45,2.39941018016706,2.39941018016706,-0.490634777792962,2.39941018016706,2.39941018016706,-0.490634777792962,0.678052944963127,0.678052944963127,0.513192784199151,0.636161496825172,0.636161496825172,0.509878606004525
7.21670761364854,9.10934858365768,1,1,1,0.572862493905696,-1.66703887347682,0,-0.427824866302871,1,52,45,7.17467060379036,7.17467060379036,2.2956519981075,7.17467060379036,7.17467060379036,2.2956519981075,0.458123598786563,0.458123598786563,0.41995949618097,0.468611604842872,0.468611604842872,0.43982486645722
4.16287571293888,3.27193938589202,1,1,0,-0.246636124664769,1.23282227211946,0,-0.427824866302871,1,52,45,3.55651590656285,7.17636666119664,3.55651590656285,3.55651590656285,7.17636666119664,3.55651590656285,0.478754568180537,0.485925141271862,0.478754568180537,0.484088827103852,0.489460737216333,0.484088827103852
5.13953708530122,5.61653461862706,1,1,1,0.142644218727952,0.0384095218484563,0,-0.427824866302871,1,52,45,5.24213913444592,5.24213913444592,3.14066384307729,5.24213913444592,5.24213913444592,3.14066384307729,0.552638270208278,0.552638270208278,0.550261050252675,0.539480785550105,0.539480785550105,0.537691831991918
-1.37615456917629,0.938354499768143,1,1,0,-1.68225891843325,0.00513546275164785,0,-0.427824866302871,1,52,45,-0.542416490341931,1.55760988263574,-0.542416490341931,-0.542416490341931,1.55760988263574,-0.542416490341931,0.550328792899763,0.824974054865313,0.550328792899763,0.537742799402713,0.763347853668277,0.537742799402713
7.07391106425979,6.32856963490086,1,1,1,1.08028861292614,0.289136832986606,0,-0.427824866302871,1,52,45,7.45028005080134,7.45028005080134,5.26667994261182,7.45028005080134,7.45028005080134,5.26667994261182,0.676704135330348,0.676704135330348,0.54641856073633,0.635084996001658,0.635084996001658,0.534801937805427
7.4589172278864,5.75782986076249,1,0,1,0.32034860894122,0.203716262086866,0,-0.427824866302871,1,52,45,5.80287967918088,5.80287967918088,3.66137936374224,5.80287967918088,5.80287967918088,3.66137936374224,0.560363830316296,0.560363830316296,0.548389028965955,0.545300786723849,0.545300786723849,0.536283645566564
3.43038289404244,3.86881310761178,1,1,1,-0.482678617842438,0.062559535080302,0,-0.427824866302871,1,52,45,4.01808187859782,4.01808187859782,1.91416818316836,4.01808187859782,4.01808187859782,1.91416818316836,0.577211986327113,0.577211986327113,0.550147041242936,0.558031828232844,0.558031828232844,0.537606056760668
0.0967796486226782,-1.91316232982052,1,0,0,-1.22988127765319,-1.52918566214184,1,-0.427824866302871,1,52,45,-1.17198233367529,6.26642645562489,-1.17198233367529,-1.17198233367529,6.26642645562489,-1.17198233367529,0.440370605588224,0.721067074321561,0.440370605588224,0.455252921519056,0.671142292553205,0.455252921519056
7.16357734993668,9.58033952489916,1,1,1,0.794284198513556,0.438213869687072,0,-0.427824866302871,1,52,45,7.13577954607323,7.13577954607323,4.84374815048711,7.13577954607323,7.13577954607323,4.84374815048711,0.613947572840456,0.613947572840456,0.541337225216984,0.586037506440383,0.586037506440383,0.530983355676044
3.73891873066459,4.86750896799698,1,0,0,-0.32218165891179,1.14826000712089,0,-0.427824866302871,1,52,45,3.32086257307024,6.73936361702351,3.32086257307024,3.32086257307024,6.73936361702351,3.32086257307024,0.488249937758316,0.500498703719085,0.488249937758316,0.49120188406891,0.500373378793801,0.49120188406891
6.06173366242936,6.04067606459938,1,1,1,0.484062870854402,-0.745444028974407,0,-0.427824866302871,1,52,45,5.69533439684092,5.69533439684092,3.03964759650733,5.69533439684092,5.69533439684092,3.03964759650733,0.551737163685511,0.551737163685511,0.524241379673682,0.538802566659598,0.538802566659598,0.518156483486428
3.41691037162419,6.51623210874735,0,0,0,0.436634750337019,1.42136043971563,0,-0.427824866302871,1,52,45,5.11159582416259,9.23186132375119,5.11159582416259,5.11159582416259,9.23186132375119,5.11159582416259,0.455232791295736,0.477633503900623,0.455232791295736,0.466439396529295,0.483248712429529,0.466439396529295
3.6599105568922,4.29066520109406,0,1,1,-1.45118108084174,1.03541940262888,0,-0.427824866302871,1,52,45,4.12211646405868,4.12211646405868,0.950023124718328,4.12211646405868,4.12211646405868,0.950023124718328,0.730542072448256,0.730542072448256,0.499880510680768,0.679041748458158,0.679041748458158,0.499910534291828
6.00836325807692,5.20515449182378,1,1,1,0.603022366220438,0.00316658339413991,0,-0.427824866302871,1,52,45,6.12618722685834,6.12618722685834,4.02617719960795,6.12618722685834,6.12618722685834,4.02617719960795,0.592387631677134,0.592387631677134,0.55032955711682,0.569554393995913,0.569554393995913,0.537743374379134
7.44910109710998,5.71654243492868,1,1,1,-0.787271180698833,-0.329086197778436,1,-0.427824866302871,1,52,45,6.1216350501651,6.1216350501651,0.913337324596827,6.1216350501651,6.1216350501651,0.913337324596827,0.720993475061949,0.720993475061949,0.545261947374072,0.67108123539153,0.67108123539153,0.533932459780303
5.46736921391236,6.76723255357807,1,1,1,-0.0167028891713618,0.760378241686783,0,-0.427824866302871,1,52,45,6.22211341754767,6.22211341754767,3.54393834711699,6.22211341754767,6.22211341754767,3.54393834711699,0.523214866273261,0.523214866273261,0.523182007153301,0.517387094769905,0.517387094769905,0.517362467500131
4.53329696004553,3.27287028108696,0,1,0,-0.491653785501424,1.28157079530063,1,-0.427824866302871,1,52,45,3.11522910807071,9.8576528114382,3.11522910807071,3.11522910807071,9.8576528114382,3.11522910807071,0.472980931639906,0.617383492525091,0.472980931639906,0.4797612076788,0.588678555161035,0.4797612076788
6.8687753085582,6.17074267439828,1,1,1,-0.955962041831704,0.649992360544204,1,-0.427824866302871,1,52,45,7.07752422941955,7.07752422941955,1.55503416065373,7.07752422941955,7.07752422941955,1.55503416065373,0.736861690432639,0.736861690432639,0.530511421037416,0.684355364251294,0.684355364251294,0.522857699180863
-4.03793028122969,-4.52947386685707,0,1,0,-2.61087559103111,-2.90711243073309,1,-0.427824866302871,1,52,45,-5.31189772902239,8.23940495590048,-5.31189772902239,-5.31189772902239,8.23940495590048,-5.31189772902239,0.197269493390339,0.911428220186081,0.197269493390339,0.257628078096067,0.855988849978853,0.257628078096067
1.13534443419034,2.55847251951857,1,1,0,-0.430451969755104,-1.54529408131925,1,-0.427824866302871,1,52,45,0.410767862943469,7.89870166070378,0.410767862943469,0.410767862943469,7.89870166070378,0.410767862943469,0.438065502315584,0.577062292191007,0.438065502315584,0.453514707142133,0.557918449813653,0.453514707142133
-1.27431751056402,0.667119436880663,1,1,0,-1.7398576841883,-0.684160502736976,0,-0.427824866302871,1,52,45,-1.34690998734065,1.22116560616467,-1.34690998734065,-1.34690998734065,1.22116560616467,-1.34690998734065,0.528366485721682,0.825661934080758,0.528366485721682,0.521249093616925,0.764010509458079,0.521249093616925
0.791697731056187,1.37732270683586,0,0,0,-0.883786039096476,-0.61219490768245,1,-0.427824866302871,1,52,45,0.437198897897528,5.91198150288985,0.437198897897528,0.437198897897528,5.91198150288985,0.437198897897528,0.532755049919576,0.726208248869397,0.532755049919576,0.524540755219484,0.675418818980751,0.524540755219484
6.43352324906453,7.2584949325187,1,1,1,-0.846216639767245,-1.18126220470644,1,-0.427824866302871,1,52,45,6.43865079579992,6.43865079579992,-0.0567296004679965,6.43865079579992,6.43865079579992,-0.0567296004679965,0.679229167369782,0.679229167369782,0.484623107170574,0.637101162006445,0.637101162006445,0.488485490708925
-2.48927790782469,-0.478512392246543,1,0,0,-1.46720491370546,-0.350774034301432,0,-0.427824866302871,1,52,45,-0.468217977939419,1.75482444520068,-0.468217977939419,-0.468217977939419,1.75482444520068,-0.468217977939419,0.544571216337307,0.76873710646767,0.544571216337307,0.533413290620404,0.71177253685902,0.533413290620404
2.92688791712121,2.04657847305938,0,1,0,-0.459970367471783,1.74132447874055,1,-0.427824866302871,1,52,45,3.63834962756992,11.770560567831,3.63834962756992,3.63834962756992,11.770560567831,3.63834962756992,0.408343021217507,0.550176712940077,0.408343021217507,0.43100174642448,0.537628380222777,0.43100174642448
6.80862422540539,8.53660363077328,1,1,1,0.127112272345989,1.14138923907525,0,-0.427824866302871,1,52,45,7.61534906261693,7.61534906261693,4.21257966754015,7.61534906261693,7.61534906261693,4.21257966754015,0.490898456066191,0.490898456066191,0.488992245027402,0.49318526033768,0.49318526033768,0.491757791836011
10.8326880952912,10.0639517059485,1,1,1,1.60110789536862,-0.227897352477986,1,-0.427824866302871,1,52,45,10.9432215252987,10.9432215252987,5.79128432203218,10.9432215252987,10.9432215252987,5.79128432203218,0.869379779449006,0.869379779449006,0.547900665910485,0.808223250524278,0.808223250524278,0.535916367332699
3.92853348929677,3.24947737086932,0,0,0,1.04174120683846,-0.556153787324176,1,-0.427824866302871,1,52,45,4.34429451012568,9.7536015452807,4.34429451012568,4.34429451012568,9.7536015452807,4.34429451012568,0.53583222335081,0.756436167321393,0.53583222335081,0.52684987632144,0.701062328778555,0.52684987632144
4.13852268163461,4.84139686979245,0,1,1,-1.14098472716807,-0.407352985180017,1,-0.427824866302871,1,52,45,5.39357989879185,5.39357989879185,0.127643444256781,5.39357989879185,5.39357989879185,0.127643444256781,0.779792605269862,0.779792605269862,0.54256088010458,0.721553099121203,0.721553099121203,0.531902624427463
8.14355866138878,5.16394868171732,1,1,1,1.33297468550637,-0.485729638295273,0,0.641734880074117,1,48,46,7.10432935793219,7.10432935793219,4.76839607641373,7.10432935793219,7.10432935793219,4.76839607641373,0.620524624764517,0.620524624764517,0.413946369577554,0.591096768187642,0.591096768187642,0.435262018158474
-0.737344875036463,-0.428807197875697,0,1,0,-1.44415738406497,-1.04684578613425,0,0.641734880074117,1,48,46,-1.34698421056792,1.84890188937911,-1.34698421056792,-1.34698421056792,1.84890188937911,-1.34698421056792,0.375095351462541,0.616591813682601,0.375095351462541,0.405525041812247,0.58806964891821,0.405525041812247
0.594466154507657,-0.163981815913396,1,1,0,-0.826729896435558,-0.532679778337469,1,0.641734880074117,1,48,46,0.402036772487674,5.78578451873733,0.402036772487674,0.402036772487674,5.78578451873733,0.402036772487674,0.411754474488711,0.607912945766396,0.411754474488711,0.433596496881923,0.581408901757297,0.433596496881923
0.439812416773694,2.12981752605274,1,1,1,-1.24776602215127,-0.286939215502399,0,0.641734880074117,1,48,46,1.98803919728446,1.98803919728446,-0.194294916108673,1.98803919728446,1.98803919728446,-0.194294916108673,0.602714060511344,0.602714060511344,0.421009229764253,0.57743099973561,0.57743099973561,0.440620516725158
18.3026022867735,16.7217358135308,0,1,1,1.64542392623113,2.70857596411966,0,0.641734880074117,1,48,46,18.0239839136849,18.0239839136849,8.58760016027818,18.0239839136849,18.0239839136849,8.58760016027818,0.398802809908954,0.398802809908954,0.153904383108537,0.42372800499644,0.42372800499644,0.215872139674608
10.4397336594247,10.0694450547527,1,1,1,0.753056205578183,-0.826007571268151,1,0.641734880074117,1,48,46,9.05056969137678,9.05056969137678,3.26828118358447,9.05056969137678,9.05056969137678,3.26828118358447,0.576428103428231,0.576428103428231,0.393621638893109,0.557438171656055,0.557438171656055,0.419766179075056
0.464268387468675,-0.111823729473887,1,1,1,-2.75317779607317,-0.141460682692057,0,0.641734880074117,1,48,46,-0.939628806394428,-0.939628806394428,-3.05963993114213,-0.939628806394428,-0.939628806394428,-3.05963993114213,0.966091787949624,0.966091787949624,0.423883965219826,0.932177473579659,0.932177473579659,0.442798120934302
4.6399630100348,3.63905394913961,0,0,0,0.164547262491581,1.04051820021332,0,0.641734880074117,1,48,46,3.95778906889274,7.1404671938679,3.95778906889274,3.95778906889274,7.1404671938679,3.95778906889274,0.375681917961465,0.378693444217912,0.375681917961465,0.405977871650937,0.408300681036952,0.405977871650937
4.70273764958009,2.1555805766412,0,1,1,-0.400210961321619,-0.0902978532747811,0,0.641734880074117,1,48,46,3.80561027008427,3.80561027008427,1.69745656777824,3.80561027008427,3.80561027008427,1.69745656777824,0.443016293403461,0.443016293403461,0.424431467674077,0.457246818646782,0.457246818646782,0.44321263866387
3.04078396313399,0.0826593281610069,1,1,0,-1.40864687521712,0.734180471258305,1,0.641734880074117,1,48,46,0.505063064520334,6.1440840288974,0.505063064520334,0.505063064520334,6.1440840288974,0.505063064520334,0.40011058911961,0.732606073277107,0.40011058911961,0.424726685479099,0.680773128043991,0.424726685479099
7.18790841434117,7.15373078802901,0,1,1,-0.934468501747196,0.315237825238496,1,0.641734880074117,1,48,46,6.23385205190146,6.23385205190146,1.03447716544036,6.23385205190146,6.23385205190146,1.03447716544036,0.637217373478524,0.637217373478524,0.420224079616348,0.604012602988977,0.604012602988977,0.440025433261042
5.97268796968201,5.09910021349417,1,1,1,-0.190284615862596,-0.919943297876016,0,0.641734880074117,1,48,46,4.23395948540205,4.23395948540205,1.28766381409505,4.23395948540205,4.23395948540205,1.28766381409505,0.390306931884564,0.390306931884564,0.386237151653396,0.417227010057698,0.417227010057698,0.414104357717232
9.31151718598962,7.36071454510538,1,1,1,0.0344037040543478,0.0361459961525006,1,0.641734880074117,1,48,46,7.79443628099531,7.79443628099531,2.69312974795746,7.79443628099531,7.79443628099531,2.69312974795746,0.542265014131786,0.542265014131786,0.424747708199351,0.531680338834621,0.531680338834621,0.443452035815107
6.34768052306064,5.79558209098653,1,1,1,-0.999788448377264,-0.426219313117234,1,0.641734880074117,1,48,46,5.44404303669862,5.44404303669862,0.162380133824496,5.44404303669862,5.44404303669862,0.162380133824496,0.647390485599622,0.647390485599622,0.416438151967408,0.611942626778081,0.611942626778081,0.437153908998759
8.47730926246958,6.04956661431555,0,1,1,1.11049888065506,0.823037549234348,0,0.641734880074117,1,48,46,8.40960246169041,8.40960246169041,5.63221165424073,8.40960246169041,8.40960246169041,5.63221165424073,0.537759507107136,0.537759507107136,0.393842891858171,0.528296611470376,0.528296611470376,0.419935537115663
12.8197418767404,12.2783392309516,1,1,1,1.28004946327115,0.903807981886423,1,0.641734880074117,1,48,46,11.9689521202466,11.9689521202466,6.05208325212498,11.9689521202466,11.9689521202466,6.05208325212498,0.68789294403597,0.68789294403597,0.387558538938819,0.644049347613062,0.644049347613062,0.415118854865698
7.02881218344593,7.05843943047245,1,1,1,1.48939903273705,-0.235346513559597,0,0.641734880074117,1,48,46,7.48701587705543,7.48701587705543,5.33162789561077,7.48701587705543,7.48701587705543,5.33162789561077,0.675977483245436,0.675977483245436,0.422251543196826,0.634505503775615,0.634505503775615,0.441561799553328
7.84309662216606,6.32636650172982,1,1,1,0.520621661288721,0.363015733890178,0,0.641734880074117,1,48,46,6.2242158232157,6.2242158232157,3.99243540016388,6.2242158232157,6.2242158232157,3.99243540016388,0.450187211868403,0.450187211868403,0.418732064920044,0.46264540239267,0.46264540239267,0.438894196175597
9.13013944959222,7.98189384754421,0,1,1,-0.340892888893605,1.75015388722252,0,0.641734880074117,1,48,46,8.81958308209168,8.81958308209168,3.65654445313157,8.81958308209168,8.81958308209168,3.65654445313157,0.303928438768528,0.303928438768528,0.292357375371178,0.34934615379297,0.34934615379297,0.339921248122735
10.4337902481146,8.21648623446352,0,0,1,0.406327873443531,-0.0171959959703297,1,0.641734880074117,1,48,46,8.4839317968904,8.4839317968904,3.38363609461299,8.4839317968904,8.4839317968904,3.38363609461299,0.561457695500767,0.561457695500767,0.424794398988991,0.546125664668722,0.546125664668722,0.443487379303793
3.13957833842019,-0.84523946993844,0,1,0,-0.6190515975343,-0.0538756282204494,0,0.641734880074117,1,48,46,1.29619752040721,3.39910010372336,1.29619752040721,1.29619752040721,3.39910010372336,1.29619752040721,0.424673988426147,0.469389544031807,0.424673988426147,0.443396231228513,0.47706801263104,0.443396231228513
9.90772013441551,5.89261068797017,1,1,1,0.16095724280125,-0.611416100805464,1,0.641734880074117,1,48,46,7.77250437681745,7.77250437681745,2.2986747284933,7.77250437681745,7.77250437681745,2.2986747284933,0.527665866403509,0.527665866403509,0.407634082217638,0.520723743546351,0.520723743546351,0.430462129052999
3.20965281338427,-0.190167545348422,0,0,0,-0.501240620187496,-0.282463329889797,1,0.641734880074117,1,48,46,1.30323177343147,6.4830173061639,1.30323177343147,1.30323177343147,6.4830173061639,1.30323177343147,0.421126687928876,0.567769355587819,0.421126687928876,0.440709528494461,0.550889594297534,0.440709528494461
9.90435485774544,9.83144875806253,0,1,1,0.399275318007168,0.84520234167707,1,0.641734880074117,1,48,46,10.0462963197641,10.0462963197641,4.23192932138767,10.0462963197641,10.0462963197641,4.23192932138767,0.527347960601477,0.527347960601477,0.392173529518131,0.520485379108783,0.520485379108783,0.418657329140373
8.39429610917892,6.93093131697047,0,1,1,1.20763003873316,-0.648752005297907,0,0.641734880074117,1,48,46,6.87556358024273,6.87556358024273,4.35468441586468,6.87556358024273,6.87556358024273,4.35468441586468,0.575948040251134,0.575948040251134,0.40548688772784,0.557074675217327,0.557074675217327,0.428826908579948
4.61758473014808,5.8565561532509,1,1,1,0.773781124330529,-0.34073754574181,0,0.641734880074117,1,48,46,6.01110312169366,6.01110312169366,3.79500104661551,6.01110312169366,6.01110312169366,3.79500104661551,0.489445769937925,0.489445769937925,0.419453751735321,0.492097424218823,0.492097424218823,0.439441441694863
8.32080735255196,8.16260875649332,0,1,1,0.28094571755911,0.340791718809488,1,0.641734880074117,1,48,46,8.70699849323309,8.70699849323309,3.49085949762397,8.70699849323309,8.70699849323309,3.49085949762397,0.54599189124907,0.54599189124907,0.419452051866999,0.534481170469595,0.534481170469595,0.439440152854576
1.59095559237746,-0.469621690484917,1,1,0,-0.347720270554812,-1.12340010908242,0,0.641734880074117,1,48,46,0.769335693504216,4.13136349859061,0.769335693504216,0.769335693504216,4.13136349859061,0.769335693504216,0.367747326428665,0.381157473176572,0.367747326428665,0.39984071832549,0.41019864778023,0.39984071832549
7.05672669751878,5.20124541243732,1,1,1,-0.625340559769479,-0.728012070412203,1,0.641734880074117,1,48,46,6.23948472841096,6.23948472841096,0.609483153745099,6.23948472841096,6.23948472841096,0.609483153745099,0.563093276043518,0.563093276043518,0.400520245121685,0.547359451163691,0.547359451163691,0.42503941066608
-0.354498953010916,1.37780282549025,0,1,0,-1.08190007463767,-0.58253793402557,0,0.641734880074117,1,48,46,-0.158161739604654,2.28118870497413,-0.158161739604654,-0.158161739604654,2.28118870497413,-0.158161739604654,0.409209748675643,0.546260287160558,0.409209748675643,0.431661278131879,0.534682945907714,0.431661278131879
5.39160562953823,4.5467702670029,1,1,1,-0.520675903085505,0.642687985545518,0,0.641734880074117,1,48,46,4.70256036983532,4.70256036983532,2.18951252307077,4.70256036983532,4.70256036983532,2.18951252307077,0.437076983091353,0.437076983091353,0.405844048150089,0.452768998405835,0.452768998405835,0.429098998479216
4.9172331176203,1.67752436454534,1,1,0,-0.402839675373189,1.96760824316842,0,0.641734880074117,1,48,46,3.7501052361183,9.72158743470261,3.7501052361183,3.7501052361183,9.72158743470261,3.7501052361183,0.261509072949733,0.276735036258667,0.261509072949733,0.314268678622682,0.327032239788754,0.314268678622682
10.0446305880349,8.95868154047562,1,1,1,-1.72125670254456,1.6851821511606,1,0.641734880074117,1,48,46,8.77068397235802,8.77068397235802,0.830845089767744,8.77068397235802,8.77068397235802,0.830845089767744,0.738004393807837,0.738004393807837,0.301225203190507,0.685320156688196,0.685320156688196,0.347153021675484
11.6459489614855,10.2282977068436,1,1,1,0.934812802901005,0.0938053303740874,1,0.641734880074117,1,48,46,9.66040671987895,9.66040671987895,4.55160727987236,9.66040671987895,9.66040671987895,4.55160727987236,0.641246947174886,0.641246947174886,0.424401646937667,0.607148042588658,0.607148042588658,0.443190062921695
2.41122202658913,1.70159527328452,0,1,1,-1.64121765337255,-0.29394206499318,0,0.641734880074117,1,48,46,1.19820090953043,1.19820090953043,-0.988201028042024,1.19820090953043,1.19820090953043,-0.988201028042024,0.722238183722436,0.722238183722436,0.420821770849561,0.672114449627355,0.672114449627355,0.440478450495515
9.20485174667989,12.0674585234444,0,1,1,0.661311583589562,-2.50621263317011,0,0.641734880074117,1,48,46,9.78568864036672,9.78568864036672,1.40458687770528,9.78568864036672,9.78568864036672,1.40458687770528,0.215828274596918,0.215828274596918,0.182358650257241,0.274529356700885,0.274529356700885,0.243661684633128
9.75855338017685,11.0161883396756,1,1,1,3.07800642989229,0.0928629929860984,0,0.641734880074117,1,48,46,10.9456757319333,10.9456757319333,8.83705219646694,10.9456757319333,10.9456757319333,8.83705219646694,0.986523935302853,0.986523935302853,0.424409770312484,0.969117953154972,0.969117953154972,0.443196212729737
9.78340340356524,8.17547428501481,1,1,1,-0.506595641054899,0.690944134917507,1,0.641734880074117,1,48,46,7.84333299408087,7.84333299408087,2.26592919650397,7.84333299408087,7.84333299408087,2.26592919650397,0.549876231073144,0.549876231073144,0.402911834338231,0.53740231902587,0.53740231902587,0.426864110030133
10.8631715376621,11.1575914528611,1,1,1,-0.078039745169494,-2.04200862620009,1,0.641734880074117,1,48,46,9.65988745663275,9.65988745663275,0.390088227157185,9.65988745663275,9.65988745663275,0.390088227157185,0.350622027520638,0.350622027520638,0.250650927612149,0.386502465487043,0.386502465487043,0.305031977810005
4.07322484617518,3.83890411185689,1,1,1,-0.194509722857132,-0.4823074147022,0,0.641734880074117,1,48,46,4.04946992555651,4.04946992555651,1.71684948327979,4.04946992555651,4.04946992555651,1.71684948327979,0.418444237419051,0.418444237419051,0.414098357082249,0.438675905288407,0.438675905288407,0.435377460272447
7.17227869956865,7.7975577976249,0,1,1,1.44987157282841,-0.802893448179324,0,0.641734880074117,1,48,46,7.42966393030304,7.42966393030304,4.68502604117376,7.42966393030304,7.42966393030304,4.68502604117376,0.638398549898111,0.638398549898111,0.395323564042464,0.604930937186056,0.604930937186056,0.421068510269173
-0.549410819533428,-1.80593207548853,0,1,0,-1.67027552452865,-0.108104431178669,0,0.641734880074117,1,48,46,-0.860479136539717,1.25120743150075,-0.860479136539717,-0.860479136539717,1.25120743150075,-0.860479136539717,0.424268323235987,0.734142754383906,0.424268323235987,0.443089127980842,0.682064707125479,0.443089127980842
6.94130376216115,4.99389064965783,1,1,1,1.19456936934192,-0.741127156414513,0,0.641734880074117,1,48,46,6.88545738794065,6.88545738794065,4.23618792596559,6.88545738794065,6.88545738794065,4.23618792596559,0.566372758411957,0.566372758411957,0.399645269277928,0.549834808905287,0.549834808905287,0.424371405622392
6.37146325704479,6.73024255646445,1,1,1,0.956527856317615,-0.504695125547044,0,0.641734880074117,1,48,46,6.35125410053539,6.35125410053539,3.99653693078445,6.35125410053539,6.35125410053539,3.99653693078445,0.520209529765497,0.520209529765497,0.413084892386647,0.515134939666111,0.515134939666111,0.434607570358282
6.11297726200842,5.33287688622235,0,1,0,0.847971018313956,1.75522927234831,0,0.641734880074117,1,48,46,6.03934765267248,11.2201774511809,6.03934765267248,6.03934765267248,11.2201774511809,6.03934765267248,0.291656871252871,0.36681537680755,0.291656871252871,0.339347469613941,0.399118191435092,0.339347469613941
8.12227498064376,6.06070685940543,1,1,1,1.92372835757067,-0.548577503267182,0,0.641734880074117,1,48,46,8.28799283266127,8.28799283266127,5.88705555557042,8.28799283266127,8.28799283266127,5.88705555557042,0.801656396987292,0.801656396987292,0.41096728767809,0.741379789214722,0.741379789214722,0.432998040901603
4.3723750374337,3.80385589183772,0,1,1,-0.323856288766056,0.601852442047515,0,0.641734880074117,1,48,46,5.00454257021022,5.00454257021022,2.54231620821166,5.00454257021022,5.00454257021022,2.54231620821166,0.420194404089193,0.420194404089193,0.408164140800728,0.440002938631426,0.440002938631426,0.430865602585582
2.21640669272478,1.17728892689407,0,1,0,-0.326390423254049,-0.531187071471605,0,0.641734880074117,1,48,46,1.40420842571656,3.78636813061514,1.40420842571656,1.40420842571656,3.78636813061514,1.40420842571656,0.411827219907976,0.424076867993255,0.411827219907976,0.433651793025978,0.442944176597637,0.433651793025978
-0.702655556004204,0.00530237440590486,1,0,0,-1.64279786121124,0.375566545171146,1,0.997464606616114,1,48,47,-0.904964818703174,4.33608541114862,-0.904964818703174,-0.904964818703174,4.33608541114862,-0.904964818703174,0.378008126846761,0.778274011002333,0.378008126846761,0.407772396257837,0.720200465963222,0.407772396257837
3.47610190156281,5.40561478817296,0,0,0,1.00086739852793,1.65250238706066,1,0.997464606616114,1,48,47,5.65930154266467,13.4900656819058,5.65930154266467,5.65930154266467,13.4900656819058,5.65930154266467,0.270882427707664,0.489611376660637,0.270882427707664,0.322150932370917,0.492221440985724,0.322150932370917
-2.24873707976725,-1.85585608161762,0,0,0,-1.0697636642866,-2.23659856362116,0,0.997464606616114,1,48,47,-2.3710615336462,4.73131160114604,-2.3710615336462,-2.3710615336462,4.73131160114604,-2.3710615336462,0.193809943771737,0.293632623144254,0.193809943771737,0.254420228833598,0.340964833222718,0.254420228833598
7.25377326678189,4.97073134609246,0,1,1,1.58361627264037,0.478732959046724,0,0.997464606616114,1,48,47,7.98021510895326,7.98021510895326,5.65102986287562,7.98021510895326,7.98021510895326,5.65102986287562,0.661708707511289,0.661708707511289,0.374091456143912,0.623188606474081,0.623188606474081,0.404749721098682
6.67412115356404,10.4423612401269,0,0,0,2.69562598584358,1.54147184363793,1,0.997464606616114,1,48,47,8.93778817387325,16.4139236186018,8.93778817387325,8.93778817387325,16.4139236186018,8.93778817387325,0.284443582439636,0.954646481195506,0.284443582439636,0.333416806291709,0.914187502540188,0.333416806291709
-1.06451150767314,-1.34893439802713,1,0,0,-1.42111712647498,0.685190216760407,0,0.997464606616114,1,48,47,-0.151979677641401,2.41750595550277,-0.151979677641401,-0.151979677641401,2.41750595550277,-0.151979677641401,0.363493531704554,0.597272327749105,0.363493531704554,0.396539809783044,0.573276331975227,0.396539809783044
3.62301185468735,5.58691047998452,1,0,1,1.05829700800863,-0.817138181499468,0,0.997464606616114,1,48,47,6.07223500073022,6.07223500073022,3.30452019306596,6.07223500073022,6.07223500073022,3.30452019306596,0.482945254172264,0.482945254172264,0.354844819376372,0.487228637597651,0.487228637597651,0.389803901185314
1.4359526566893,0.941111286103714,0,0,0,-0.707435101642556,0.731938936828359,1,0.997464606616114,1,48,47,1.32213309209141,6.95786769933683,1.32213309209141,1.32213309209141,6.95786769933683,1.32213309209141,0.360593401754249,0.53402358922759,0.360593401754249,0.394284840618757,0.525492557732613,0.394284840618757
-4.06202760506735,-1.286465460098,0,0,0,-1.81463943257335,0.10053263029576,0,0.997464606616114,1,48,47,-1.52368187630278,0.586424933451409,-1.52368187630278,-1.52368187630278,0.586424933451409,-1.52368187630278,0.383855201604529,0.747707644430207,0.383855201604529,0.412274058163264,0.693564077811549,0.412274058163264
9.04777280968023,9.94716407716177,1,1,1,1.97381253631701,0.345622342427527,1,0.997464606616114,1,48,47,11.5177665771948,11.5177665771948,6.29831177360971,11.5177665771948,11.5177665771948,6.29831177360971,0.86262566535959,0.86262566535959,0.378970157883359,0.801089720379724,0.801089720379724,0.408513938570396
4.16785165467702,3.31826151191904,0,0,1,-0.128766129546828,-0.548997854489083,0,0.997464606616114,1,48,47,3.59993288919904,3.59993288919904,1.19853424496542,3.59993288919904,3.59993288919904,1.19853424496542,0.372728097006523,0.372728097006523,0.370893995423546,0.40369614417481,0.40369614417481,0.402277616596119
-0.555515972669657,0.750876152672545,0,0,0,-0.876850828332034,0.83420891999669,1,0.997464606616114,1,48,47,1.08557162188078,6.88147614408283,1.08557162188078,1.08557162188078,6.88147614408283,1.08557162188078,0.353622083110012,0.557940885151705,0.353622083110012,0.388848822783765,0.543474405161113,0.388848822783765
-0.784263725780534,0.0457581426459662,1,0,0,-1.32747734456284,0.690953633032263,0,0.997464606616114,1,48,47,0.0410633024547488,2.61848022545523,0.0410633024547488,0.0410633024547488,2.61848022545523,0.0410633024547488,0.363145825498952,0.567325382680069,0.363145825498952,0.396269648861402,0.550554240203754,0.396269648861402
-1.4675832736055,-1.39601874901603,0,1,0,-1.72263757017394,0.732139552582906,0,0.997464606616114,1,48,47,-0.70807122921681,1.92795709523949,-0.70807122921681,-0.70807122921681,1.92795709523949,-0.70807122921681,0.360580565345809,0.69656060456906,0.360580565345809,0.394274851518243,0.651050220678859,0.394274851518243
1.07652492905259,0.370077861279837,1,1,0,-0.900873307290515,1.17598936962179,0,0.997464606616114,1,48,47,1.37930711358892,4.86225811105239,1.37930711358892,1.37930711358892,4.86225811105239,1.37930711358892,0.324415291272281,0.413606456646417,0.324415291272281,0.365807591604785,0.435003815730815,0.365807591604785
3.81605410624654,5.82647064925874,0,0,0,1.25188543083645,0.197604472930024,0,0.997464606616114,1,48,47,4.70643969315108,6.84548722087303,4.70643969315108,4.70643969315108,6.84548722087303,4.70643969315108,0.382560075186279,0.565047146101495,0.382560075186279,0.41127802520783,0.548833987918612,0.41127802520783
6.41614047472471,6.58187622323828,1,0,0,2.10267198045948,0.821293200915758,0,0.997464606616114,1,48,47,7.03170152038289,9.80622404225334,7.03170152038289,7.03170152038289,9.80622404225334,7.03170152038289,0.354549366430465,0.817625562579608,0.354549366430465,0.389573187607339,0.756323325471946,0.389573187607339
5.12234035723288,5.39400073367928,1,1,0,1.92480169657745,1.28828257435212,0,0.997464606616114,1,48,47,7.14295032605517,10.9026223174345,7.14295032605517,7.14295032605517,10.9026223174345,7.14295032605517,0.312996740194039,0.724739842377186,0.312996740194039,0.356666386772267,0.674195043549615,0.356666386772267
-0.149436431706614,-1.80460687612806,0,0,0,-1.93466383180126,1.17698222807113,0,0.997464606616114,1,48,47,-0.687281076983241,2.79800608821204,-0.687281076983241,-0.687281076983241,2.79800608821204,-0.687281076983241,0.324318026899888,0.738584685711734,0.324318026899888,0.365730066428429,0.685810578634874,0.365730066428429
6.47132227997357,5.28437732402248,0,1,1,-0.288794688967804,-0.433522550535805,1,0.997464606616114,1,48,47,6.28189423189982,6.28189423189982,0.993952430076746,6.28189423189982,6.28189423189982,0.993952430076746,0.501270044281474,0.501270044281474,0.375922365975237,0.500950886530419,0.500950886530419,0.40616345900522
-3.99383184127174,-3.53622946344972,0,0,0,-1.87387579517121,-2.36997657293709,0,0.997464606616114,1,48,47,-4.11266380473135,3.60412515153926,-4.11266380473135,-4.11266380473135,3.60412515153926,-4.11266380473135,0.175977289487102,0.531499350063152,0.175977289487102,0.237567137593158,0.523598736523846,0.237567137593158
2.01982868537653,2.71496872294814,0,0,0,0.0719884578818598,1.00523210542635,0,0.997464606616114,1,48,47,3.15427337973823,6.26476496551812,3.15427337973823,3.15427337973823,6.26476496551812,3.15427337973823,0.340103552423039,0.340655582950651,0.340103552423039,0.378240631391572,0.378675643814947,0.378240631391572
2.13519615668109,3.64399135330895,1,0,0,1.10374560258374,-2.16475547527172,1,0.997464606616114,1,48,47,2.04780008844392,11.8339663561628,2.04780008844392,2.04780008844392,11.8339663561628,2.04780008844392,0.203490578219303,0.423429585117254,0.203490578219303,0.263349787924357,0.442454055369375,0.263349787924357
7.97655095044767,9.68727339005867,1,1,1,0.420174327471098,0.782781855360268,1,0.997464606616114,1,48,47,9.34094230193189,9.34094230193189,3.62819486885062,9.34094230193189,9.34094230193189,3.62819486885062,0.492209119129615,0.492209119129615,0.357234246853046,0.49416669557576,0.49416669557576,0.391668264666992
3.64787611373259,3.19365545627371,1,0,0,0.879936136838679,0.801095850344385,0,0.997464606616114,1,48,47,4.5660324825699,7.3077870440089,4.5660324825699,4.5660324825699,7.3077870440089,4.5660324825699,0.355972455960431,0.443593199416725,0.355972455960431,0.390684075828521,0.457681441331105,0.390684075828521
-5.10894169373797,-3.12331425041772,0,1,0,-1.99250176692489,-0.8767348636265,0,0.997464606616114,1,48,47,-2.85667403892811,0.0119899821700641,-2.85667403892811,-2.85667403892811,0.0119899821700641,-2.85667403892811,0.350474590512192,0.779943822444924,0.350474590512192,0.38638704247342,0.721687954762942,0.38638704247342
0.480140287492965,-1.44578303351901,0,0,0,-0.0901141573282111,-1.09584743646391,1,0.997464606616114,1,48,47,0.728988607427826,7.02987021143236,0.728988607427826,0.728988607427826,7.02987021143236,0.728988607427826,0.332039710431659,0.444780654765358,0.332039710431659,0.371867353605463,0.458575860278456,0.371867353605463
4.70673609906937,4.6201662647987,0,0,0,0.802940172308981,1.27252177187088,0,0.997464606616114,1,48,47,4.883466475037,8.6027781349224,4.883466475037,4.883466475037,8.6027781349224,4.883466475037,0.314649112732084,0.383970621662337,0.314649112732084,0.357994321291942,0.41236279400869,0.357994321291942
2.45274687068819,2.67098401987876,1,0,1,-0.767025786867391,-0.285731279118668,0,0.997464606616114,1,48,47,2.3669238695615,2.3669238695615,0.185281505694711,2.3669238695615,2.3669238695615,0.185281505694711,0.448037864501768,0.448037864501768,0.380656808236791,0.461028112743742,0.461028112743742,0.409813183928988
11.0284291123432,9.99537185361299,0,1,1,1.38339583026616,0.854738852704058,1,0.997464606616114,1,48,47,11.4571733781064,11.4571733781064,5.62659487178454,11.4571733781064,11.4571733781064,5.62659487178454,0.683184364937267,0.683184364937267,0.352120595635725,0.640267216912673,0.640267216912673,0.387675042333299
-1.0206049097379,-1.08031932840262,1,0,0,-0.616080725027606,-0.261733571238245,0,0.997464606616114,1,48,47,0.511169337254704,2.67967379956783,0.511169337254704,0.511169337254704,2.67967379956783,0.511169337254704,0.381243479533291,0.424395149851988,0.381243479533291,0.410264855078597,0.443185144286625,0.410264855078597
1.65870875772924,2.45693303834842,0,1,0,0.495148385195736,-0.01802315507969,0,0.997464606616114,1,48,47,2.97733797385994,5.07766280797897,2.97733797385994,2.97733797385994,5.07766280797897,2.97733797385994,0.384293311472054,0.412076461311356,0.384293311472054,0.412610855102379,0.433841238867895,0.412610855102379
14.1010329485215,12.0483851899347,0,0,1,1.10224121308379,1.50510832379026,1,0.997464606616114,1,48,47,13.0800061748487,13.0800061748487,5.714655108506,13.0800061748487,13.0800061748487,5.714655108506,0.536681087679854,0.536681087679854,0.288759443888605,0.527487036216219,0.527487036216219,0.336970175335093
-0.153040948419552,-0.10546339209545,0,0,0,-0.793342789831504,0.159136397084348,0,0.997464606616114,1,48,47,0.577515175969501,2.70283956884649,0.577515175969501,0.577515175969501,2.70283956884649,0.577515175969501,0.383174002213354,0.45547638452292,0.383174002213354,0.411750249018288,0.466622478127697,0.411750249018288
2.37405374954711,6.43030763780878,0,0,0,1.28532782041707,0.709005357498354,0,0.997464606616114,1,48,47,5.28472535688065,7.88741395384202,5.28472535688065,5.28472535688065,7.88741395384202,5.28472535688065,0.362038832307647,0.553332458568754,0.362038832307647,0.395409184815079,0.54000335221392,0.395409184815079
-0.695508015140483,1.34512259957525,1,0,0,-0.94672419000221,0.585534506759686,0,0.997464606616114,1,48,47,0.697150485303427,3.14000114390974,0.697150485303427,0.697150485303427,3.14000114390974,0.697150485303427,0.369063434928913,0.4719013795393,0.369063434928913,0.400860459469738,0.478951759441513,0.400860459469738
0.859098309348344,1.28969675773624,0,0,0,-0.440188088992707,1.32785812143863,1,0.997464606616114,1,48,47,2.45254630200138,9.31575349267192,2.45254630200138,2.45254630200138,9.31575349267192,2.45254630200138,0.308778749144611,0.440202580809597,0.308778749144611,0.353268417866123,0.455126250534853,0.353268417866123
5.34582382148353,4.65916662069643,0,1,0,1.21125545405528,1.64874877304555,0,0.997464606616114,1,48,47,6.07632403970427,10.8946965563235,6.07632403970427,6.07632403970427,10.8946965563235,6.07632403970427,0.271349658603172,0.427588834501049,0.271349658603172,0.322541731413836,0.445601807135278,0.322541731413836
-1.32738107269828,2.57094633423829,0,0,0,-0.847387952501012,0.433937031925577,1,0.997464606616114,1,48,47,0.744225485471713,6.03252683314809,0.744225485471713,0.744225485471713,6.03252683314809,0.744225485471713,0.375906390036766,0.575601426285013,0.375906390036766,0.406151128836036,0.556812256764964,0.406151128836036
2.87016885923438,1.901653618979,0,0,1,-0.489460008277986,-0.86055495333428,0,0.997464606616114,1,48,47,3.00614421636607,3.00614421636607,0.165589388657909,3.00614421636607,3.00614421636607,0.165589388657909,0.37798244197346,0.37798244197346,0.351689106130925,0.407752593310849,0.407752593310849,0.387337528036444
5.25127711426273,4.35146212546964,0,1,1,1.08312731696869,-0.350152403682617,0,0.997464606616114,1,48,47,6.04377329460764,6.04377329460764,3.82116658880292,6.04377329460764,6.04377329460764,3.82116658880292,0.514944163589687,0.514944163589687,0.378829690430508,0.511190372611963,0.511190372611963,0.408405686804449
-0.840129910692149,-0.082874614045139,1,0,1,-2.12137608557442,0.671135610099594,0,0.997464606616114,1,48,47,0.983870804642675,0.983870804642675,-1.56655220250108,0.983870804642675,0.983870804642675,-1.56655220250108,0.829443074728363,0.829443074728363,0.364329790182085,0.767669131875379,0.767669131875379,0.397189351310526
0.0593504762315175,0.0582280454478975,1,0,0,-0.0265268383146679,-0.788352662648495,0,0.997464606616114,1,48,47,1.16365801927033,3.8851579399753,1.16365801927033,1.16365801927033,3.8851579399753,1.16365801927033,0.356853319338012,0.356929868986948,0.356853319338012,0.391371221062694,0.391430919102593,0.391371221062694
5.13199060059332,6.80378892885698,0,1,1,0.505739037695525,0.996147974966471,0,0.997464606616114,1,48,47,7.10500119693548,7.10500119693548,4.01269040890568,7.10500119693548,7.10500119693548,4.01269040890568,0.368621029724413,0.368621029724413,0.340878327972451,0.400517757462865,0.400517757462865,0.378851126312532
6.21603831219042,5.41204275283829,1,0,1,1.68332587628976,-0.541423251503447,0,0.997464606616114,1,48,47,7.2234319968928,7.2234319968928,4.83029285962424,7.2234319968928,7.2234319968928,4.83029285962424,0.692854721760032,0.692854721760032,0.371259173436037,0.648050698953462,0.648050698953462,0.40256015701733
8.03201478859509,7.44048514392195,1,1,1,1.25548123953724,-1.31163414653867,0,0.997464606616114,1,48,47,7.02477682545021,7.02477682545021,3.20439269108398,7.02477682545021,7.02477682545021,3.20439269108398,0.487092861675747,0.487092861675747,0.310519699486877,0.490335321765102,0.490335321765102,0.354672346249368
2.70139466326395,4.69596762097109,1,0,0,1.59074618563463,-1.20273715117816,0,0.997464606616114,1,48,47,3.98381957863926,7.53039623346341,3.98381957863926,3.98381957863926,7.53039623346341,3.98381957863926,0.321771490738697,0.610856038610918,0.321771490738697,0.363698298730436,0.583664724982203,0.363698298730436
6.74890892503357,8.39840083315095,0,0,1,0.696615302608654,0.676383819845797,0,0.997464606616114,1,48,47,6.63217385536046,6.63217385536046,4.07467878361127,6.63217385536046,6.63217385536046,4.07467878361127,0.418646618414416,0.418646618414416,0.364019454164195,0.438829394897964,0.438829394897964,0.396948341406295
-4.93729082965033,-6.68530421699616,0,0,0,-1.31182582945979,1.21500001234832,0,2.82480318332296,1,41,48,-6.3881646710828,-2.81193964107639,-6.3881646710828,-6.3881646710828,-2.81193964107639,-6.3881646710828,0.164317194477023,0.309625881818136,0.164317194477023,0.226231741520695,0.353951812822468,0.226231741520695
-5.92045640996992,-6.34352273268457,0,1,0,-0.567328867335939,0.0403710504079578,0,2.82480318332296,1,41,48,-6.07379970877547,-3.97216988706443,-6.07379970877547,-6.07379970877547,-3.97216988706443,-6.07379970877547,0.207133836366838,0.233630146785379,0.207133836366838,0.266673665765982,0.290302204225364,0.266673665765982
-0.185555562522485,1.38160071191747,0,1,1,-0.065824556917122,-1.21104924708771,1,2.82480318332296,1,41,48,0.244428893438206,0.244428893438206,-6.3222113854335,0.244428893438206,0.244428893438206,-6.3222113854335,0.241998491247828,0.241998491247828,0.164571719589448,0.297584285121475,0.297584285121475,0.22648207461621
-2.05842907177406,-1.25231221891369,0,1,1,-0.653829383549785,-0.908864733588764,1,2.82480318332296,1,41,48,-1.27000142123851,-1.27000142123851,-7.19603652519988,-1.27000142123851,-1.27000142123851,-7.19603652519988,0.306249490093943,0.306249490093943,0.182283813120171,0.351225124255554,0.351225124255554,0.243590635886139
-6.17287644616432,-7.79017657403218,0,1,0,-1.03254740344248,-0.0971711163547153,0,2.82480318332296,1,41,48,-7.14177894775123,-5.03233672189761,-7.14177894775123,-7.14177894775123,-5.03233672189761,-7.14177894775123,0.206887419331045,0.302753949704608,0.206887419331045,0.26644946193144,0.348393928239251,0.26644946193144
-2.62130927720539,-4.91715795288339,1,1,1,0.201138096230968,0.528200978317916,0,2.82480318332296,1,41,48,-1.67003958023569,-1.67003958023569,-4.0490358537317,-1.67003958023569,-1.67003958023569,-4.0490358537317,0.201626249387951,0.201626249387951,0.198513354609016,0.26164128695738,0.26164128695738,0.258776839171171
-5.55188981402255,-4.31584631086518,0,1,0,-0.176900538663551,0.639976077357499,0,2.82480318332296,1,41,48,-4.69333802448115,-2.18376864489126,-4.69333802448115,-4.69333802448115,-2.18376864489126,-4.69333802448115,0.194546474136262,0.19691626342633,0.194546474136262,0.255104767529203,0.25730141440627,0.255104767529203
-4.09136813384452,-6.6608849434823,0,0,1,-1.40537858302385,-0.418295920370866,0,2.82480318332296,1,41,48,-5.93359463393121,-5.93359463393121,-8.20856611093012,-5.93359463393121,-5.93359463393121,-8.20856611093012,0.393051212728945,0.393051212728945,0.201715509837969,0.419329472934312,0.419329472934312,0.261723205718476
0.658231371807156,-0.616602022141428,0,1,1,-0.469940700637761,0.284557622524678,1,2.82480318332296,1,41,48,-0.453863762725496,-0.453863762725496,-5.63483680326239,-0.453863762725496,-0.453863762725496,-5.63483680326239,0.315555924250577,0.315555924250577,0.204640936712329,0.358722330936388,0.358722330936388,0.264401409371362
-2.38772139581431,-4.51026118742064,0,1,0,0.369311014181376,0.514452599637918,0,2.82480318332296,1,41,48,-3.72643839651088,-1.36177691923667,-3.72643839651088,-3.72643839651088,-1.36177691923667,-3.72643839651088,0.198952413185882,0.209603807333689,0.198952413185882,0.259181755923478,0.26891615864854,0.259181755923478
2.00613994229643,2.51228978911609,0,1,1,-0.196344172319716,-2.25673170777566,1,2.82480318332296,1,41,48,2.56390492395341,2.56390492395341,-7.62893307692664,2.56390492395341,2.56390492395341,-7.62893307692664,0.138951561797187,0.138951561797187,0.088652309589861,0.200558307448866,0.200558307448866,0.144109301417854
-7.13195767943936,-8.85163245142041,0,0,0,-0.607611171167251,-1.04867889847298,0,2.82480318332296,1,41,48,-7.24341426531903,-4.04368683321653,-7.24341426531903,-7.24341426531903,-4.04368683321653,-7.24341426531903,0.1745468735575,0.201660478564661,0.1745468735575,0.236190732684524,0.261672702200001,0.236190732684524
1.65940297447001,2.72160818464297,0,1,1,0.353567728552208,0.836071823246089,1,2.82480318332296,1,41,48,2.362710349465,2.362710349465,-3.43630574416104,2.362710349465,2.362710349465,-3.43630574416104,0.281400328156451,0.281400328156451,0.185961040801184,0.330902156761746,0.330902156761746,0.247070122063671
-2.50804977297145,-3.16752657557317,0,1,0,2.1069450075488,-0.400079579937975,0,2.82480318332296,1,41,48,-1.16570258935193,1.09436108093142,-1.16570258935193,-1.16570258935193,1.09436108093142,-1.16570258935193,0.202177450572964,0.675558023133108,0.202177450572964,0.262146959763327,0.63417113658054,0.262146959763327
-7.48272634449095,-7.04627751156355,0,1,0,-1.75427675255158,0.399794942014304,0,2.82480318332296,1,41,48,-8.0882715876004,-5.82843559194018,-8.0882715876004,-8.0882715876004,-5.82843559194018,-8.0882715876004,0.202184511319858,0.522262596969991,0.202184511319858,0.262153434335013,0.516673416393091,0.262153434335013
-7.69260979376116,-8.84404664215749,0,1,0,-1.79624823726547,1.06750469325775,1,2.82480318332296,1,41,48,-7.50450480578473,-1.2649385356574,-7.50450480578473,-7.50450480578473,-1.2649385356574,-7.50450480578473,0.173441846098582,0.609899474583148,0.173441846098582,0.235124786446655,0.582931217815618,0.235124786446655
-2.72619896724599,-2.20206339343575,0,1,1,-0.0758380920531393,0.549180649984912,0,2.82480318332296,1,41,48,-2.18040917231506,-2.18040917231506,-4.58200855863292,-2.18040917231506,-2.18040917231506,-4.58200855863292,0.198261763299062,0.198261763299062,0.197822477914639,0.258544677491684,0.258544677491684,0.258139081202227
-6.61388876097599,-4.99840506732028,1,1,0,-0.844677306521066,1.20999466558136,0,2.82480318332296,1,41,48,-5.45887297197232,-1.89478588123697,-5.45887297197232,-5.45887297197232,-1.89478588123697,-5.45887297197232,0.164639571793684,0.217447319545026,0.164639571793684,0.226548786746415,0.27598072042267,0.226548786746415
0.798307767892191,-1.52058369331073,0,1,1,1.09913253712004,-1.40768050443315,0,2.82480318332296,1,41,48,-0.107364052143446,-0.107364052143446,-4.18892845470462,-0.107364052143446,-0.107364052143446,-4.18892845470462,0.241804582166526,0.241804582166526,0.151329118123892,0.297416444244695,0.297416444244695,0.213272951463182
-0.187139820962057,-0.488048869602976,0,1,1,-0.115498865839595,0.95693330857244,0,2.82480318332296,1,41,48,-1.2378560905629,-1.2378560905629,-4.2535774476183,-1.2378560905629,-1.2378560905629,-4.2535774476183,0.180670460943277,0.180670460943277,0.179720475434331,0.24205653535563,0.24205653535563,0.241151036422695
-5.82158411034964,-8.26606590988598,0,1,0,-0.177093573144276,-1.57753321551192,1,2.82480318332296,1,41,48,-6.91123338631202,0.677377659731358,-6.91123338631202,-6.91123338631202,0.677377659731358,-6.91123338631202,0.139133887056777,0.210033055948092,0.139133887056777,0.200748395380934,0.269304987251582,0.200748395380934
-5.40868598126106,-8.47725672065197,0,0,0,0.200207427253968,-1.17357243283984,0,2.82480318332296,1,41,48,-5.75267060284346,-2.27539834772183,-5.75267060284346,-5.75267060284346,-2.27539834772183,-5.75267060284346,0.166959689605194,0.169669134036336,0.166959689605194,0.228824253700507,0.231467821900473,0.228824253700507
-4.5827240426407,-4.38395027140322,0,1,0,0.113847088101556,1.36294457122341,0,2.82480318332296,1,41,48,-3.38887427708503,0.568743627142326,-3.38887427708503,-3.38887427708503,0.568743627142326,-3.38887427708503,0.15443685737764,0.1552576045383,0.15443685737764,0.216407669960421,0.217231874131724,0.216407669960421
-9.47629097814961,-9.15927924054263,1,1,0,-1.81559906675084,-0.299967585702916,0,2.82480318332296,1,41,48,-8.91067874371614,-6.72069819124371,-8.91067874371614,-8.91067874371614,-6.72069819124371,-8.91067874371614,0.20435929190385,0.551239181645245,0.20435929190385,0.264144119674501,0.538427812616746,0.264144119674501
-0.805004632782126,-2.80680797866484,1,1,1,-0.993356657078776,-0.731330244176925,1,2.82480318332296,1,41,48,-2.06271265679814,-2.06271265679814,-7.69755658284603,-2.06271265679814,-2.06271265679814,-7.69755658284603,0.378219806190747,0.378219806190747,0.190795462594248,0.407935590734461,0.407935590734461,0.251609389871233
-1.14148562016458,-3.05028984416849,0,1,1,-0.538430850994643,-0.938165741346485,1,2.82480318332296,1,41,48,-1.01438550961112,-1.01438550961112,-6.99454046784732,-1.01438550961112,-1.01438550961112,-6.99454046784732,0.290390409112942,0.290390409112942,0.180733730711341,0.338309159378203,0.338309159378203,0.242116784669961
-6.68117690185515,-8.627009269236,1,1,0,-1.28056532336619,0.736271694416641,1,2.82480318332296,1,41,48,-6.8043719768273,-1.16227596882814,-6.8043719768273,-6.8043719768273,-1.16227596882814,-6.8043719768273,0.190579963242129,0.452714308836429,0.190579963242129,0.251407879151555,0.464546076333335,0.251407879151555
-4.10068733729802,-2.61389218107002,0,1,0,0.114953596726191,1.10070907132549,0,2.82480318332296,1,41,48,-3.64889675973367,-0.337336300035444,-3.64889675973367,-3.64889675973367,-0.337336300035444,-3.64889675973367,0.171458505991983,0.172366425757162,0.171458505991983,0.233205735874057,0.234085164757438,0.233205735874057
1.5956165371959,-0.903876597647492,0,1,1,0.341094364500981,-0.874470686166674,1,2.82480318332296,1,41,48,0.692903999288554,0.692903999288554,-5.17179498167626,0.692903999288554,0.692903999288554,-5.17179498167626,0.27804520663902,0.27804520663902,0.18405263920638,0.328120901273352,0.328120901273352,0.245267284480194
3.45257967503238,2.72241074845241,1,1,1,0.847162740809001,0.425381445534151,1,2.82480318332296,1,41,48,2.42114327684533,2.42114327684533,-2.8598060973594,2.42114327684533,2.42114327684533,-2.8598060973594,0.364125242724623,0.364125242724623,0.201530489770154,0.39703050248582,0.39703050248582,0.261553390204951
-10.7275443404467,-11.0222509000249,0,0,0,-2.0298226419665,-1.68085552706566,0,2.82480318332296,1,41,48,-10.7200138355102,-5.79473853264304,-10.7200138355102,-10.7200138355102,-5.79473853264304,-10.7200138355102,0.131487739619602,0.519495725986384,0.131487739619602,0.192700090505523,0.51460010585209,0.192700090505523
-0.326130757931045,-1.62898229384505,0,1,1,0.755208113318416,0.39805777212099,0,2.82480318332296,1,41,48,-0.812589035807802,-0.812589035807802,-3.07103902575373,-0.812589035807802,-0.812589035807802,-3.07103902575373,0.249916417786599,0.249916417786599,0.202227498581017,0.304402833753859,0.304402833753859,0.262192851224938
-8.65182546246436,-8.53992904110167,0,1,0,-1.96362288987648,0.976454432114959,0,2.82480318332296,1,41,48,-7.93030437214955,-4.87684111415261,-7.93030437214955,-7.93030437214955,-4.87684111415261,-7.93030437214955,0.178649943343707,0.57610300614816,0.178649943343707,0.240128680618465,0.557192007313789,0.240128680618465
-4.4897177488669,-3.76044582200151,0,1,1,0.321043933307377,-0.685772136370454,0,2.82480318332296,1,41,48,-2.45291387124515,-2.45291387124515,-5.02319729426725,-2.45291387124515,-2.45291387124515,-5.02319729426725,0.200552601811308,0.200552601811308,0.192721844277873,0.260655001657743,0.260655001657743,0.253407340085252
2.44668633358881,2.73997376036286,0,1,1,1.2775511644626,-0.798093405401239,1,2.82480318332296,1,41,48,2.51444898275735,2.51444898275735,-3.2225041009876,2.51444898275735,2.51444898275735,-3.2225041009876,0.447377466853967,0.447377466853967,0.187777798496676,0.460531053168941,0.460531053168941,0.248780578922058
-7.30623707704208,-5.32859565830617,0,1,1,-1.45580210623057,-1.16977130604237,0,2.82480318332296,1,41,48,-5.59252363457499,-5.59252363457499,-9.06088854301505,-5.59252363457499,-5.59252363457499,-9.06088854301505,0.356122109152866,0.356122109152866,0.167199164882662,0.390800842847379,0.390800842847379,0.229058498074114
-1.85712746886471,-3.05655054547861,0,1,0,0.287249071397935,2.22893499415087,0,2.82480318332296,1,41,48,-2.17607988756481,4.89207132058552,-2.17607988756481,-2.17607988756481,4.89207132058552,-2.17607988756481,0.0906444572249204,0.094027004179193,0.0906444572249204,0.146527764261742,0.150593046043361,0.146527764261742
-4.92780921857922,-5.39166043008563,0,1,1,-0.499703958083697,-0.343840333312267,0,2.82480318332296,1,41,48,-4.10453509917892,-4.10453509917892,-6.32276127399121,-4.10453509917892,-4.10453509917892,-6.32276127399121,0.223594003294984,0.223594003294984,0.203477917935823,0.281459315946289,0.281459315946289,0.263338203368426
-4.93601903346614,-5.32709177785002,0,1,1,-1.85548686788442,1.14301906623575,0,2.82480318332296,1,41,48,-4.14097510826619,-4.14097510826619,-7.54746769404464,-4.14097510826619,-4.14097510826619,-7.54746769404464,0.51126120418232,0.51126120418232,0.16886995632352,0.508432005327611,0.508432005327611,0.230689594478277
-1.05621129380219,-1.38006524308161,0,1,1,0.55941543972473,-0.544080518787781,0,2.82480318332296,1,41,48,-2.00873905292549,-2.00873905292549,-4.40476266384987,-2.00873905292549,-2.00873905292549,-4.40476266384987,0.222939081212991,0.222939081212991,0.19799274186129,0.280877907732744,0.280877907732744,0.258296323095091
0.0272890497327291,-1.56062890128405,0,1,1,1.46064526337297,-0.0204826822333493,0,2.82480318332296,1,41,48,0.0217143602725107,0.0217143602725107,-2.07870517999896,0.0217143602725107,0.0217143602725107,-2.07870517999896,0.41907272479685,0.41907272479685,0.207172029492836,0.43915252967693,0.43915252967693,0.266708408118299
3.25702363187243,6.64838364800601,0,1,0,1.23356082984961,-0.602907835120154,0,-0.326482053120904,0,46,49,5.36053112868919,7.82402898633846,5.36053112868919,5.36053112868919,7.82402898633846,5.36053112868919,0.636048582403388,0.78302556279111,0.636048582403388,0.60310449903841,0.724442819865822,0.60310449903841
4.3074792331823,3.33079908018084,1,0,0,0.119167496539682,-0.886358398833077,0,-0.326482053120904,0,46,49,3.13174446206932,6.01737567325126,3.13174446206932,3.13174446206932,6.01737567325126,3.13174446206932,0.617344439135208,0.618931172510289,0.617344439135208,0.588648512581064,0.589869587099852,0.588648512581064
2.52055472579939,3.70076398179993,1,1,0,0.0268405799711364,-0.758621485498994,0,-0.326482053120904,0,46,49,2.94709062893223,5.62259718719293,2.94709062893223,2.94709062893223,5.62259718719293,2.94709062893223,0.626699981770673,0.626779791940323,0.626699981770673,0.595861789428875,0.595923469872975,0.595861789428875
2.87017193769938,2.72655842005727,0,0,0,0.0881152026004457,-0.618014443936733,0,-0.326482053120904,0,46,49,3.06963987419085,5.55158172710528,3.06963987419085,3.06963987419085,5.55158172710528,3.06963987419085,0.635239059595205,0.63609099265605,0.635239059595205,0.602475879321637,0.603137439728562,0.602475879321637
1.76341622028141,2.40631768312045,1,1,0,-0.289643738829611,1.16720156578327,0,-0.326482053120904,0,46,49,2.31412199133074,5.77648148649766,2.31412199133074,2.31412199133074,5.77648148649766,2.31412199133074,0.591254657143621,0.600807372374189,0.591254657143621,0.568692076460119,0.575974250566179,0.568692076460119
0.458691533717761,0.474730049495366,1,1,0,-0.920447815096866,0.371151072278679,0,-0.326482053120904,0,46,49,1.05251383879623,3.29026695724984,1.05251383879623,1.05251383879623,3.29026695724984,1.05251383879623,0.645896064270479,0.731825992158474,0.645896064270479,0.610774715387331,0.680118302715589,0.610774715387331
2.20866657157438,0.999806195094855,0,1,0,-0.918910849428537,-1.34000392307855,0,-0.326482053120904,0,46,49,1.05558777013289,4.95119828399879,1.05558777013289,1.05558777013289,4.95119828399879,1.05558777013289,0.571319439905304,0.665303978608893,0.571319439905304,0.553572582873406,0.626029274403647,0.553572582873406
5.67405151359593,7.50677061734187,1,1,1,0.2474006875352,0.339643955707448,0,-0.326482053120904,0,46,49,5.60356886070896,5.60356886070896,3.38821084406036,5.60356886070896,5.60356886070896,3.38821084406036,0.653467685820754,0.653467685820754,0.646866729477033,0.616703181795417,0.616703181795417,0.611533183191323
4.17606371679831,3.16927193741757,1,0,0,0.909995498289087,-0.0339735102285444,1,-0.326482053120904,0,46,49,4.71340046556813,9.81455466496538,4.71340046556813,4.71340046556813,9.81455466496538,4.71340046556813,0.651798528653853,0.817636796982601,0.651798528653853,0.615393842505481,0.756333990224025,0.615393842505481
3.48093420793608,3.16474137136373,1,0,0,0.810513977443284,1.45708798140489,0,-0.326482053120904,0,46,49,4.51443742387653,8.73754280943112,4.51443742387653,4.51443742387653,8.73754280943112,4.51443742387653,0.556099112687988,0.63088891343639,0.556099112687988,0.542086771999125,0.599102629819826,0.542086771999125
2.99296058412761,2.23082213592321,1,1,0,-0.0509249567625824,-0.639767745970906,0,-0.326482053120904,0,46,49,2.79155955546479,5.30086232424949,2.79155955546479,2.79155955546479,5.30086232424949,2.79155955546479,0.634036820296709,0.63432184483352,0.634036820296709,0.601542822346488,0.601763973817455,0.601542822346488
5.47998107060176,3.46142079358432,1,1,0,1.56791126141146,1.17423290682836,0,-0.326482053120904,0,46,49,6.02923199181289,9.50805491129146,6.02923199181289,6.02923199181289,9.50805491129146,6.02923199181289,0.590501914975338,0.823260338365756,0.590501914975338,0.568119352464928,0.761700835903638,0.568119352464928
2.10313593238137,3.29272949753208,0,0,0,-0.0195584026537964,-1.69341146712661,0,-0.326482053120904,0,46,49,2.85429266368237,7.82193506067826,2.85429266368237,2.85429266368237,7.82193506067826,2.85429266368237,0.521164104857138,0.521209174848125,0.521164104857138,0.515850223472539,0.51588399674859,0.515850223472539
2.45198133949257,3.13257598113875,1,1,0,-0.297088190376712,-0.448809560404004,0,-0.326482053120904,0,46,49,2.29923308823654,4.60066310974657,2.29923308823654,2.29923308823654,4.60066310974657,2.29923308823654,0.643129874332918,0.652675297896477,0.643129874332918,0.608615669164024,0.616081434354902,0.608615669164024
1.53228299116804,2.48737072274475,1,1,0,-0.29841638593072,0.505157658756194,0,-0.326482053120904,0,46,49,2.29657669712852,4.65176095732856,2.29657669712852,2.29657669712852,4.65176095732856,2.29657669712852,0.640787612059212,0.650445622696084,0.640787612059212,0.606790263817722,0.614333595198584,0.606790263817722
3.63134842625211,0.469200539399647,1,1,0,-0.350191195128843,0.684098074770579,0,-0.326482053120904,0,46,49,2.19302707873227,4.76101725463709,2.19302707873227,2.19302707873227,4.76101725463709,2.19302707873227,0.631452727042826,0.644869657653904,0.631452727042826,0.59953938193585,0.609973175305352,0.59953938193585
4.24924561254005,4.01459578919455,1,0,0,1.00487981917691,1.0974469139859,0,-0.326482053120904,0,46,49,4.90316910734377,8.20755883636095,4.90316910734377,4.90316910734377,8.20755883636095,4.90316910734377,0.598456186167175,0.706415766335055,0.598456186167175,0.574179426415479,0.659074740363464,0.574179426415479
1.90695158948937,3.43648209932288,1,1,0,0.371964346534854,0.301229555568859,0,-0.326482053120904,0,46,49,3.63733816205967,5.82807740720788,3.63733816205967,3.63733816205967,5.82807740720788,3.63733816205967,0.647932440889313,0.662753346052743,0.647932440889313,0.612366435467871,0.62401326272215,0.612366435467871
0.987282877265502,-1.48178856863884,1,1,0,-0.966412800535042,-0.0516202579357721,0,-0.326482053120904,0,46,49,0.960583867919875,3.06324851894923,0.960583867919875,0.960583867919875,3.06324851894923,0.960583867919875,0.651733500754351,0.744808806315137,0.651733500754351,0.615342860664169,0.691091390569383,0.615342860664169
-0.339794615536277,0.255859248019603,1,0,0,-1.15075941073951,1.99763445011496,0,-0.326482053120904,0,46,49,0.59189064751093,6.68243404379703,0.59189064751093,0.59189064751093,6.68243404379703,0.59189064751093,0.468206141279561,0.622061699763193,0.468206141279561,0.476180331068245,0.592281433368961,0.476180331068245
0.683620469157926,0.718385767598082,0,1,0,-1.30254534368768,-0.703230788750613,0,-0.326482053120904,0,46,49,0.288318781614608,2.88285232386142,0.288318781614608,0.288318781614608,2.88285232386142,0.288318781614608,0.630281604798443,0.792853378643242,0.630281604798443,0.598632331747349,0.733314701151071,0.598632331747349
0.949791348976203,-1.93409703149707,1,1,0,-1.06397488869601,-0.414245216941545,0,-0.326482053120904,0,46,49,0.765459691597938,3.03705879135689,0.765459691597938,0.765459691597938,3.03705879135689,0.765459691597938,0.644426907582271,0.756485355456257,0.644426907582271,0.609627575875461,0.701104815473129,0.609627575875461
4.19755957525533,4.85259868673097,1,1,0,0.750946841745575,0.764408471807694,1,-0.326482053120904,0,46,49,4.39530315248111,10.0796234642525,4.39530315248111,4.39530315248111,10.0796234642525,4.39530315248111,0.626309320079434,0.779246851015571,0.626309320079434,0.595559907198351,0.721066643133277,0.595559907198351
2.98260318132781,1.57640901809929,1,1,0,-0.218846928231329,1.00775101780634,1,-0.326482053120904,0,46,49,2.4557156125273,8.57127772641701,2.4557156125273,2.4557156125273,8.57127772641701,2.4557156125273,0.607011370204935,0.717514479765843,0.607011370204935,0.580718438717737,0.668200270876756,0.580718438717737
7.37324588229509,5.59587162345382,0,1,1,-0.0178986786090345,0.102187178856329,1,-0.326482053120904,0,46,49,7.96805433129451,7.96805433129451,2.85761211177189,7.96805433129451,7.96805433129451,2.85761211177189,0.750511818685508,0.750511818685508,0.651398575741161,0.695964229202357,0.695964229202357,0.615080312787409
-0.465309362290386,-1.99840540500564,0,1,0,-1.47809739168487,-0.640173157441221,1,-0.326482053120904,0,46,49,-0.0627853143797812,5.44703635712848,-0.0627853143797812,-0.0627853143797812,5.44703635712848,-0.0627853143797812,0.634014004237974,0.888826309601747,0.634014004237974,0.60152512078681,0.829523310300376,0.60152512078681
9.70064474994059,9.07480762297107,1,1,1,0.743312046788523,-0.0393250492844073,1,-0.326482053120904,0,46,49,9.48158002206823,9.48158002206823,4.38003356256701,9.48158002206823,9.48158002206823,4.38003356256701,0.797011007434595,0.797011007434595,0.651781641607811,0.737109358387735,0.737109358387735,0.615380602868152
3.64212496793416,4.0614374043183,0,1,0,0.532973519967139,0.172640706437432,0,-0.326482053120904,0,46,49,3.95935650892424,6.08916132244345,3.95935650892424,3.95935650892424,6.08916132244345,3.95935650892424,0.650564145065206,0.680559430997869,0.650564145065206,0.614426442967541,0.63816491807387,0.614426442967541
5.25024625986324,4.02694275027518,0,1,0,1.09390959997795,-0.219412187042686,0,-0.326482053120904,0,46,49,5.08122866894586,7.22937037676871,5.08122866894586,5.08122866894586,7.22937037676871,5.08122866894586,0.649773103770865,0.766393048709653,0.649773103770865,0.613806889153318,0.709718089958043,0.613806889153318
1.37674756435624,1.01136894378649,0,1,0,-0.723562279533293,-0.58338331784273,0,-0.326482053120904,0,46,49,1.44628490992337,3.88662100546056,1.44628490992337,1.44628490992337,3.88662100546056,1.44628490992337,0.637064131067314,0.692350956688353,0.637064131067314,0.603893505843463,0.647643686425418,0.603893505843463
-1.82698342276998,-3.13030318968151,1,1,0,-2.1518490329218,-0.632327871236354,1,-0.326482053120904,0,46,49,-1.41028859685364,4.08954993988866,-1.41028859685364,-1.41028859685364,4.08954993988866,-1.41028859685364,0.634452860062225,0.963861578133044,0.634452860062225,0.601865640579152,0.928552440159188,0.601865640579152
1.56732610938913,2.03687766847725,1,1,0,0.0524987252301252,0.147625297204673,0,-0.326482053120904,0,46,49,2.99840691945021,5.12020014782498,2.99840691945021,2.99840691945021,5.12020014782498,2.99840691945021,0.650909511387135,0.65120641954375,0.650909511387135,0.614697034547325,0.61492970649091,0.614697034547325
5.96385743772804,6.36160684213719,1,1,1,0.582560428455752,0.601297900641896,0,-0.326482053120904,0,46,49,6.52008949121782,6.52008949121782,4.05853032590146,6.52008949121782,6.52008949121782,4.05853032590146,0.67251618733331,0.67251618733331,0.636133630673729,0.631749514617403,0.631749514617403,0.603170558112794
2.83263693472407,0.912650405623112,1,1,0,-0.616662593958742,1.31704126201535,0,-0.326482053120904,0,46,49,1.66008428107248,5.49468196692346,1.66008428107248,1.66008428107248,5.49468196692346,1.66008428107248,0.574141707779068,0.617421162787578,0.574141707779068,0.555707410508254,0.588707534269172,0.555707410508254
14.6650582459831,11.2418010750916,1,1,1,2.34220492148549,-0.977511640708549,1,-0.326482053120904,0,46,49,13.6333483196817,13.6333483196817,7.57781931196094,13.6333483196817,13.6333483196817,7.57781931196094,0.973340102411178,0.973340102411178,0.609718473122376,0.944431694879311,0.944431694879311,0.582792458106835
3.54887603613667,4.02518235022485,0,1,0,0.682216392901444,0.30818881143921,0,-0.326482053120904,0,46,49,4.25784225479285,6.45282259828916,4.25784225479285,4.25784225479285,6.45282259828916,4.25784225479285,0.647748949745227,0.696390145026814,0.647748949745227,0.612222929755593,0.650912041439988,0.612222929755593
4.63335841596298,6.14693396491558,1,1,0,1.42479798592575,0.00408148854861333,0,-0.326482053120904,0,46,49,5.74300544084147,7.84302209939024,5.74300544084147,5.74300544084147,7.84302209939024,5.74300544084147,0.651847498447523,0.831747532372235,0.651847498447523,0.61543223618373,0.769912570897017,0.61543223618373
3.52061790844655,4.44270060875329,0,1,0,0.533105127320455,-0.814559633700108,1,-0.326482053120904,0,46,49,3.95961972363087,9.72312712048452,3.95961972363087,3.95961972363087,9.72312712048452,3.95961972363087,0.622792422024505,0.752534307911649,0.622792422024505,0.592844935395904,0.697700428771032,0.592844935395904
4.17050251118098,1.99998598192538,0,1,0,-0.51308786326879,-0.762290937853034,0,-0.326482053120904,0,46,49,1.86723374245238,4.54832121638524,1.86723374245238,1.86723374245238,4.54832121638524,1.86723374245238,0.626452630990697,0.65515839349577,0.626452630990697,0.595670643085119,0.618030854170112,0.595670643085119
2.02471640768393,2.96843244886586,0,1,0,0.150274124403245,-0.219141311042146,0,-0.326482053120904,0,46,49,3.19395771779645,5.34198063200172,3.19395771779645,3.19395771779645,5.34198063200172,3.19395771779645,0.649778230985761,0.652211144569697,0.649778230985761,0.613810903870128,0.615717382092563,0.613810903870128
5.35176254341349,10.0776153552957,1,1,1,0.48018726775891,-1.03358013734023,0,-0.326482053120904,0,46,49,7.02207190481202,7.02207190481202,3.85378400450778,7.02207190481202,7.02207190481202,3.85378400450778,0.630400585772371,0.630400585772371,0.604628591499905,0.598724458303048,0.598724458303048,0.578894885119884
1.99972250140455,1.69032782177243,1,1,0,-0.573866136075464,-1.11101279333522,0,-0.326482053120904,0,46,49,1.74567719683903,5.08002662379356,1.74567719683903,1.74567719683903,5.08002662379356,1.74567719683903,0.597093395321961,0.633960275244532,0.597093395321961,0.573139871214749,0.601483436679839,0.573139871214749
2.5597438028218,1.60415207158232,0,1,0,0.31256161013437,1.34415231649049,0,-0.326482053120904,0,46,49,3.5185326892587,7.42527813918545,3.5185326892587,3.5185326892587,7.42527813918545,3.5185326892587,0.570803889017622,0.58207672361109,0.570803889017622,0.55318279189654,0.561719240452825,0.55318279189654
0.687243721940847,0.127578928127944,1,1,0,-0.332005497675265,-0.116848238330346,0,-0.326482053120904,0,46,49,2.22939847363943,4.34305198444033,2.22939847363943,2.22939847363943,4.34305198444033,2.22939847363943,0.651260246368788,0.663040134409312,0.651260246368788,0.614971892512743,0.624239761893651,0.614971892512743
3.76874288747414,3.1121174520265,0,1,0,0.370344905403912,0.801706783645773,0,-0.326482053120904,0,46,49,3.63409927979778,6.37683304674144,3.63409927979778,3.63409927979778,6.37683304674144,3.63409927979778,0.623716241981824,0.63883667773514,0.623716241981824,0.593557639375599,0.605271726785821,0.593557639375599
-1.58296990137611,-1.94801335675194,1,1,0,-1.91043353818331,-0.125450852907064,0,-0.326482053120904,0,46,49,-0.927457607376658,1.18828030911845,-0.927457607376658,-0.927457607376658,1.18828030911845,-0.927457607376658,0.651170445612436,0.91552931730755,0.651170445612436,0.614901513222069,0.86102816130968,0.614901513222069
-1.49968331039443,0.915781759835002,1,1,0,-0.519039277166735,0.21448755671908,0,1.33380268353106,0,53,50,0.182891847071875,2.3288967590592,0.182891847071875,0.182891847071875,2.3288967590592,0.182891847071875,0.458522980317643,0.490228610494822,0.458522980317643,0.468911626301054,0.492683657520805,0.468911626301054
1.99528903075256,-0.483482670708635,1,1,0,-0.787622604511849,1.19830168080938,0,1.33380268353106,0,53,50,-0.354274807618353,3.18165211061224,-0.354274807618353,-0.354274807618353,3.18165211061224,-0.354274807618353,0.394353272157055,0.466080044971508,0.394353272157055,0.420326147089782,0.474585199455302,0.420326147089782
2.21857193928738,4.9111821640647,0,0,0,1.07801147307744,2.15794708793721,0,1.33380268353106,0,53,50,3.37699334756022,10.1337289818969,3.37699334756022,3.37699334756022,10.1337289818969,3.37699334756022,0.260940618397557,0.380180735890581,0.260940618397557,0.31378799847379,0.409446567782082,0.31378799847379
12.0073383103203,16.03659275393,1,1,1,2.46209672376609,2.28823711161436,0,1.33380268353106,0,53,50,13.4811929279068,13.4811929279068,6.14516384893752,13.4811929279068,13.4811929279068,6.14516384893752,0.849680237447841,0.849680237447841,0.240152512680366,0.787749963763279,0.787749963763279,0.295984772062468
4.54846575177252,7.0009406293358,0,0,1,0.34386577017662,-0.569712705141606,0,1.33380268353106,0,53,50,4.33327450815835,4.33327450815835,1.90870194175858,4.33327450815835,4.33327450815835,1.90870194175858,0.459322320258263,0.459322320258263,0.445488247212661,0.469512045080091,0.469512045080091,0.459108726779594
2.73775284963662,2.6942043934381,0,0,1,0.0979860455820565,0.586197757373599,0,1.33380268353106,0,53,50,3.86057030331929,3.86057030331929,1.41694249256946,3.86057030331929,3.86057030331929,1.41694249256946,0.445719199621423,0.445719199621423,0.44459902190471,0.459282632745848,0.459282632745848,0.458439065062175
0.965594058299431,2.86991546699321,0,0,0,0.315984114756296,0.610553626834398,1,1.33380268353106,0,53,50,1.85293863091794,7.32571436215857,1.85293863091794,1.85293863091794,7.32571436215857,1.85293863091794,0.443239470706202,0.572325482766615,0.443239470706202,0.457414959896061,0.554333380350855,0.457414959896061
-0.156901659314188,0.629039534302725,0,0,0,-0.351011181734449,0.00730191264599206,0,1.33380268353106,0,53,50,0.518948037936447,2.61900135586474,0.518948037936447,0.518948037936447,2.61900135586474,0.518948037936447,0.460678814426937,0.475162216216567,0.460678814426937,0.47053079467916,0.481396461314781,0.47053079467916
3.71785948393236,4.29405519879412,0,0,0,0.270313126501729,0.999795430070893,0,1.33380268353106,0,53,50,1.7615966544088,4.86118755639944,1.7615966544088,1.7615966544088,4.86118755639944,1.7615966544088,0.414229583075134,0.4226344173919,0.414229583075134,0.435477128201919,0.441851825613488,0.435477128201919
-2.06475875530671,1.17504727305046,0,1,0,-0.589774063238523,-0.413086850181241,0,1.33380268353106,0,53,50,0.0414222749282989,2.31206302072096,0.0414222749282989,0.0414222749282989,2.31206302072096,0.0414222749282989,0.452683306224856,0.493600519611899,0.452683306224856,0.464522764149913,0.495208545657495,0.464522764149913
4.4454049615748,4.07203203807623,0,1,0,1.19116294337024,2.42401346938384,0,1.33380268353106,0,53,50,3.60329628814583,11.5791375879001,3.60329628814583,3.60329628814583,11.5791375879001,3.60329628814583,0.218495561726029,0.35476674208254,0.218495561726029,0.276918529740041,0.389742936096508,0.276918529740041
6.68754912803597,6.1519542644184,1,1,1,0.666101260561549,0.158160140447416,0,1.33380268353106,0,53,50,4.67818755255479,4.67818755255479,2.55317292252844,4.67818755255479,4.67818755255479,2.55317292252844,0.511786261773333,0.511786261773333,0.459507567523882,0.508825219098809,0.508825219098809,0.469651181487828
0.45597016206146,3.51692789402201,0,0,1,-0.714050927763853,-0.0238048727131202,0,1.33380268353106,0,53,50,1.89343521784253,1.89343521784253,-0.207131454122362,1.89343521784253,1.89343521784253,-0.207131454122362,0.520741617925645,0.520741617925645,0.460654722370082,0.515533638147695,0.515533638147695,0.470512702997415
3.07176201488967,3.986619507524,0,0,0,0.770948892779941,-1.99450841605169,0,1.33380268353106,0,53,50,2.76286818696523,8.84093200866626,2.76286818696523,2.76286818696523,8.84093200866626,2.76286818696523,0.286668316803123,0.347701645592509,0.286668316803123,0.335250348509309,0.38421422133325,0.335250348509309
5.73094133973587,7.79203941195159,1,0,1,-0.409730856058048,-0.0950483053240265,1,1.33380268353106,0,53,50,5.51054286963422,5.51054286963422,0.401508689289249,5.51054286963422,5.51054286963422,0.401508689289249,0.596834037994164,0.596834037994164,0.460257361732445,0.572942092023021,0.572942092023021,0.470214299536803
-0.361518769090948,2.43757903871906,0,0,0,-0.505927022069547,0.119075023271146,0,1.33380268353106,0,53,50,0.209116357266251,2.32329521843328,0.209116357266251,0.209116357266251,2.32329521843328,0.209116357266251,0.460015957188386,0.490144939925976,0.460015957188386,0.470033004582578,0.492621001325468,0.470033004582578
-3.72739165562766,-2.51403722676518,1,1,1,-2.7441636276846,-0.196527126824788,0,1.33380268353106,0,53,50,-2.12873394238586,-2.12873394238586,-4.26735685396386,-2.12873394238586,-2.12873394238586,-4.26735685396386,0.969939090065074,0.969939090065074,0.458869211643097,0.938586410096653,0.938586410096653,0.469171704970848
6.9574790965693,9.56132188984966,1,1,1,0.221371368289229,-0.831435225736968,1,1.33380268353106,0,53,50,7.45499767258009,7.45499767258009,1.6637131379838,7.45499767258009,7.45499767258009,1.6637131379838,0.551599521388535,0.551599521388535,0.428440014334287,0.538698980868334,0.538698980868334,0.446245522392672
1.90705107965019,3.52107591889774,1,0,1,-0.0961433494200628,-0.688825443150804,0,1.33380268353106,0,53,50,3.60316419369712,3.60316419369712,1.02868370256522,3.60316419369712,3.60316419369712,1.02868370256522,0.439577596189371,0.439577596189371,0.438502100903436,0.454655041842359,0.454655041842359,0.453844007047708
1.85532640559209,1.26240297984051,0,1,0,0.38133870362563,-0.961394833550404,1,1.33380268353106,0,53,50,1.98364780865661,8.00792783463402,1.98364780865661,1.98364780865661,8.00792783463402,1.98364780865661,0.417689174211367,0.55197517085646,0.417689174211367,0.438103162851849,0.538981691036046,0.438103162851849
2.47349118182021,5.8024870757114,0,0,1,-0.18616386315754,0.385037818442772,0,1.33380268353106,0,53,50,3.09689679672143,3.09689679672143,0.848642675090265,3.09689679672143,3.09689679672143,0.848642675090265,0.457791116893393,0.457791116893393,0.453731338293036,0.468361824621453,0.468361824621453,0.465310751241148
2.61921148514076,4.20023889071991,0,0,0,0.451072747230342,2.19734268470175,0,1.33380268353106,0,53,50,2.12311589586603,9.05143076987833,2.12311589586603,2.12311589586603,9.05143076987833,2.12311589586603,0.254668608770602,0.273538423546613,0.254668608770602,0.308463475103643,0.324369863331047,0.308463475103643
5.14967043164174,4.79942384865746,1,0,1,-0.112225691774336,0.381963768744649,0,1.33380268353106,0,53,50,3.24241533849029,3.24241533849029,0.996519017856674,3.24241533849029,3.24241533849029,0.996519017856674,0.455316502259644,0.455316502259644,0.453841741875004,0.466502313503185,0.466502313503185,0.465393752053539
-1.98075491532291,-1.02052872806898,0,1,0,-1.58229877637016,0.84266867686683,0,1.33380268353106,0,53,50,-1.94362715133498,0.866463347637515,-1.94362715133498,-1.94362715133498,0.866463347637515,-1.94362715133498,0.427569744925088,0.709499008840634,0.427569744925088,0.445587368635605,0.661600127537827,0.445587368635605
9.10951746498445,9.36380316434378,0,1,1,0.444816089825227,-0.747111568635876,1,1.33380268353106,0,53,50,7.76877827704536,7.76877827704536,2.1106025810558,7.76877827704536,7.76877827704536,2.1106025810558,0.575082648436421,0.575082648436421,0.434611565962351,0.556419544809327,0.556419544809327,0.450908369438115
1.93286582104599,4.65658593174496,1,0,0,0.311412342983908,-0.625011562566253,0,1.33380268353106,0,53,50,1.84379508737316,4.33443454071467,1.84379508737316,1.84379508737316,4.33443454071467,1.84379508737316,0.442406649016164,0.453734090916252,0.442406649016164,0.456787471577535,0.465312820668238,0.456787471577535
2.54712506893979,7.22126355751765,1,0,1,0.372050922327647,-0.0706418280301722,0,1.33380268353106,0,53,50,4.07006251392808,4.07006251392808,1.96507224606064,4.07006251392808,4.07006251392808,1.96507224606064,0.476721179583708,0.476721179583708,0.460447127246256,0.482564965805223,0.482564965805223,0.470356808830551
3.61133302292598,4.00424124060595,0,1,1,-0.569764886766715,-0.714583838470358,0,1.33380268353106,0,53,50,2.69207069007495,2.69207069007495,0.081440627871916,2.69207069007495,2.69207069007495,0.081440627871916,0.474831655260503,0.474831655260503,0.436820792678144,0.481148670834165,0.481148670834165,0.4525757068205
7.13674573762726,8.23633698988696,1,0,1,0.162083761337281,-0.377989868462385,1,1.33380268353106,0,53,50,6.78801426474012,6.78801426474012,1.54513792407991,6.78801426474012,6.78801426474012,1.54513792407991,0.574450768687309,0.574450768687309,0.453983158174842,0.555941296218801,0.555941296218801,0.465500065667964
9.68897341231515,10.8530384107054,1,0,1,0.626752279611244,-1.4511468319197,1,1.33380268353106,0,53,50,9.68030208841841,9.68030208841841,2.47447496062783,9.68030208841841,9.68030208841841,2.47447496062783,0.525552423219704,0.525552423219704,0.364494421401046,0.519139239845227,0.519139239845227,0.397317188599318
13.9494651287241,14.9113757114393,1,1,1,3.05797349755312,-1.14853791453794,1,1.33380268353106,0,53,50,13.7560567376427,13.7560567376427,7.33691739651158,13.7560567376427,13.7560567376427,7.33691739651158,0.99026864631727,0.99026864631727,0.39964348125816,0.976911570653169,0.976911570653169,0.424370040310896
0.757838635624641,4.52843582724167,0,0,0,0.169126825925191,-1.33647541264903,0,1.33380268353106,0,53,50,1.55922405325573,5.44539058187113,1.55922405325573,1.55922405325573,5.44539058187113,1.55922405325573,0.378633409316638,0.381824427919056,0.378633409316638,0.408254409554417,0.41071199514521,0.408254409554417
-0.132835949208493,2.33383905468461,1,1,0,-0.480850653448433,2.05750223587041,0,1.33380268353106,0,53,50,0.259269094508478,6.59258454512022,0.259269094508478,0.259269094508478,6.59258454512022,0.259269094508478,0.276822749621799,0.29940149576049,0.276822749621799,0.327105169419123,0.345670500090715,0.327105169419123
0.612507582563011,1.9390533724451,0,0,0,-0.830409852136856,0.392219433063094,0,1.33380268353106,0,53,50,-0.439849302868367,1.81398678080397,-0.439849302868367,-0.439849302868367,1.81398678080397,-0.439849302868367,0.453469981277368,0.5346741922483,0.453469981277368,0.465114257911242,0.525980775239976,0.465114257911242
3.98034467285593,8.13658357669189,1,0,1,0.816402715006998,-0.921688336478968,0,1.33380268353106,0,53,50,5.80328522102071,5.80328522102071,2.85377583141934,5.80328522102071,5.80328522102071,2.85377583141934,0.499162868299826,0.499162868299826,0.421131602650353,0.499373231313755,0.499373231313755,0.440713252882342
-0.135367199349303,1.34143306605448,0,1,0,0.0335299831192484,0.0364777471276003,0,1.33380268353106,0,53,50,1.28803036764384,3.38936099367935,1.28803036764384,1.28803036764384,3.38936099367935,1.28803036764384,0.460618869805954,0.460750776227132,0.460618869805954,0.470485779761329,0.470584833257226,0.470485779761329
2.00812407317828,3.69758866300738,1,0,1,-0.782199249107915,0.0182632388207405,0,1.33380268353106,0,53,50,1.75690544908174,1.75690544908174,-0.343428096810484,1.75690544908174,1.75690544908174,-0.343428096810484,0.532753608775261,0.532753608775261,0.460665663114796,0.524539673996904,0.524539673996904,0.470520918845084
-4.4064489041526,-1.35037438329578,1,1,0,-2.20027222326833,0.662379955781076,0,1.33380268353106,0,53,50,-3.17957404513131,-0.640826839310771,-3.17957404513131,-3.17957404513131,-0.640826839310771,-3.17957404513131,0.440165370883114,0.888081029815141,0.440165370883114,0.45509819794377,0.828684188112832,0.45509819794377
11.2346673820047,12.1170668774795,1,1,1,0.70783518260721,1.69042871332012,1,1.33380268353106,0,53,50,10.5941900014369,10.5941900014369,2.63664076661976,10.5941900014369,10.5941900014369,2.63664076661976,0.502857088291265,0.502857088291265,0.332144460707753,0.502139125087417,0.502139125087417,0.371950373909619
-2.0601979951766,1.46419261321436,0,1,0,-0.821349503477893,-0.651426756573759,0,1.33380268353106,0,53,50,-0.421728605550441,2.10262821362977,-0.421728605550441,-0.421728605550441,2.10262821362977,-0.421728605550441,0.440835560960284,0.520179575552995,0.440835560960284,0.455603417679819,0.515112495197659,0.455603417679819
1.26068020397412,3.87636575589535,0,1,0,0.14670730408331,2.17001666397506,0,1.33380268353106,0,53,50,1.51438500957196,8.3233573315014,1.51438500957196,1.51438500957196,8.3233573315014,1.51438500957196,0.25902100623682,0.260998482879169,0.25902100623682,0.31216248214298,0.313836942384185,0.31216248214298
-1.24082669017399,1.6758472538997,0,1,0,-0.331399641399843,-2.05264610401785,0,1.33380268353106,0,53,50,0.558171118605659,6.87152714694532,0.558171118605659,0.558171118605659,6.87152714694532,0.558171118605659,0.27758537128569,0.288200815624832,0.27758537128569,0.327738976632672,0.336511075501991,0.327738976632672
3.36686444459541,7.13985131781446,1,0,1,-0.0993182477569187,-0.54340057656764,0,1.33380268353106,0,53,50,3.41761809250555,3.41761809250555,1.02233390589151,3.41761809250555,3.41761809250555,1.02233390589151,0.448007582238443,0.448007582238443,0.446855654828833,0.461005321734067,0.461005321734067,0.460138255090986
4.9203377384787,7.09092643777651,1,0,1,0.778032360683899,-0.203144126342585,0,1.33380268353106,0,53,50,4.91830265884063,4.91830265884063,2.77703512277314,4.91830265884063,4.91830265884063,2.77703512277314,0.530064011682875,0.530064011682875,0.45874516883535,0.522522129636402,0.522522129636402,0.469078529356019
-4.04201727092612,-1.78220805449007,1,1,0,-2.74040643484175,-0.893437386263813,0,1.33380268353106,0,53,50,-4.25984246827815,-1.36161210510424,-4.25984246827815,-4.25984246827815,-1.36161210510424,-4.25984246827815,0.423496732176403,0.964878120470077,0.423496732176403,0.442504903393002,0.930196929691746,0.442504903393002
4.00011024123209,5.40503816323785,0,1,1,0.136422726622857,-0.822901349264016,0,1.33380268353106,0,53,50,4.2709824852716,4.2709824852716,1.49381585465106,4.2709824852716,4.2709824852716,1.49381585465106,0.431249323571463,0.431249323571463,0.42909361544329,0.448369019875636,0.448369019875636,0.446739712163995
6.41428723341933,7.67064417509386,1,1,1,1.20469458214001,0.812911878128242,0,1.33380268353106,0,53,50,6.39118528728736,6.39118528728736,3.63035956568537,6.39118528728736,6.39118528728736,3.63035956568537,0.599413956295307,0.599413956295307,0.429850426715687,0.574910357459478,0.574910357459478,0.447311827686771
5.31132874971591,6.67747978246167,0,0,1,0.340380197733847,0.918554081699438,0,1.33380268353106,0,53,50,4.84547239787974,4.84547239787974,1.90173079687304,4.84547239787974,4.84547239787974,1.90173079687304,0.434801085787389,0.434801085787389,0.421397458831709,0.451051439323831,0.451051439323831,0.440914710910536
13.2097954325456,16.037653222353,0,1,1,-0.154767684855584,-3.23633034900594,0,1.33380268353106,0,53,50,13.4852691595911,13.4852691595911,0.911435031694176,13.4852691595911,13.4852691595911,0.911435031694176,0.104053392851917,0.104053392851917,0.102968395396383,0.162358597708898,0.162358597708898,0.161104884222046
2.5273957600543,3.84084691903725,0,1,0,0.156810127328557,0.35038196236218,0,1.33380268353106,0,53,50,1.53459065606246,3.75735817561123,1.53459065606246,1.53459065606246,3.75735817561123,1.53459065606246,0.454924971197387,0.457806012578294,0.454924971197387,0.466208031772924,0.468373015437173,0.466208031772924
-0.206482767651622,2.89371938464288,1,0,0,0.00675500685733733,1.42276750609967,0,1.33380268353106,0,53,50,1.23448041512002,5.35874779153311,1.23448041512002,1.23448041512002,5.35874779153311,1.23448041512002,0.368081806542127,0.368086833987678,0.368081806542127,0.400099947045308,0.400103843058796,0.400099947045308
5.72208715760133,6.27958620104723,1,0,1,0.682389467972614,-1.10323988983056,0,1.33380268353106,0,53,50,5.90288759186393,5.90288759186393,2.58574933735057,5.90288759186393,5.90288759186393,2.58574933735057,0.458194941051517,0.458194941051517,0.404282272611651,0.468665199650721,0.468665199650721,0.427908946408172
4.52877899770517,5.88866882570374,1,1,1,0.440819010643887,-0.0649301575374662,0,1.33380268353106,0,53,50,4.20682434805096,4.20682434805096,2.10260842269312,4.20682434805096,4.20682434805096,2.10260842269312,0.483344954205035,0.483344954205035,0.46048346545797,0.487528058602583,0.487528058602583,0.470384097473406
