"Y1","Y2","Y3","Y4","A","X1","X2","X3","X4","X5","X6M","GP","g1A","g11","g10","g2A","g21","g20","g3A","g31","g30","g4A","g41","g40"
1.82073093107581,4.30807884975679,0,1,0,0.216073466271285,-0.462085543643547,0,0.0132888146757298,0,30,1,3.43197033994708,5.74549338959144,3.43197033994708,3.43197033994708,5.74549338959144,3.43197033994708,0.604870029161268,0.610137187664191,0.604870029161268,0.579079575373403,0.583113470700659,0.579079575373403
4.1805489806018,3.7746358337318,1,0,1,-0.421136347008704,0.386769521229772,0,0.0132888146757298,0,30,1,4.40714137593941,4.40714137593941,2.15755071338711,4.40714137593941,4.40714137593941,2.15755071338711,0.627580489278151,0.627580489278151,0.607758043278841,0.596542420964111,0.596542420964111,0.581290252117997
11.9044057973392,13.9689131689,1,1,1,1.81524107501004,-0.988334418519047,1,0.0132888146757298,0,30,1,12.707110480254,12.707110480254,6.6303055574246,12.707110480254,12.707110480254,6.6303055574246,0.912494050450186,0.912494050450186,0.5699012999253,0.857290758104243,0.857290758104243,0.552500507762838
2.88026186044768,4.08179020959878,0,1,0,-0.0445323145461294,0.292590302357675,0,0.0132888146757298,0,30,1,2.91075877831226,5.09636786334601,2.91075877831226,2.91075877831226,5.09636786334601,2.91075877831226,0.61064109837166,0.610864196160954,0.61064109837166,0.583499878635426,0.583670981646558,0.583499878635426
0.446720530904968,1.6061304890009,1,1,0,-0.5932352783106,1.18149610095683,0,0.0132888146757298,0,30,1,1.81335285078331,5.30928588735951,1.81335285078331,1.81335285078331,5.30928588735951,1.81335285078331,0.550389998544787,0.591109270972307,0.550389998544787,0.537788849160315,0.568581447292732,0.537788849160315
6.640127869665,8.45081410301357,1,0,1,1.2352493918744,-0.133829888034175,0,0.0132888146757298,0,30,1,7.58823263008456,7.58823263008456,5.47032219115332,7.58823263008456,7.58823263008456,5.47032219115332,0.766523719673054,0.766523719673054,0.613683630799555,0.70983244462778,0.70983244462778,0.58583479869583
0.801210787868802,0.520196541448499,0,0,0,-1.24962789008705,-0.315076438288127,1,0.0132888146757298,0,30,1,0.500567627230409,5.69984078919474,0.500567627230409,0.500567627230409,5.69984078919474,0.500567627230409,0.610025997472737,0.84178116919242,0.610025997472737,0.583028219615257,0.779806896778874,0.583028219615257
2.61100463462846,2.71153224979909,1,0,0,-0.0443572394759191,-1.09267984632924,1,0.0132888146757298,0,30,1,2.91110892845268,9.20505817502676,2.91110892845268,2.91110892845268,9.20505817502676,2.91110892845268,0.559814838855624,0.671455343268997,0.559814838855624,0.544886875259019,0.630906252923976,0.544886875259019
1.27639498485169,2.33090322725179,1,0,0,0.25209085549265,-0.06878468642747,0,0.0132888146757298,0,30,1,3.50400511838981,5.60873645147674,3.50400511838981,3.50400511838981,5.60873645147674,3.50400511838981,0.614274954471309,0.621377644355704,0.614274954471309,0.586288969898149,0.591754103107117,0.586288969898149
4.26139251279463,5.38619368258272,0,1,1,0.180432889481161,0.699399034632269,0,0.0132888146757298,0,30,1,5.94984819601139,5.94984819601139,3.36068918636684,5.94984819601139,5.94984819601139,3.36068918636684,0.596053195074977,0.596053195074977,0.592340902696477,0.572346760148006,0.572346760148006,0.569518821102149
5.47053867151656,7.62435060760363,1,1,1,0.947889236029181,0.438402072193136,0,0.0132888146757298,0,30,1,7.18779825636611,7.18779825636611,4.89560187946288,7.18779825636611,7.18779825636611,4.89560187946288,0.701836277003776,0.701836277003776,0.605834204152913,0.655337076238338,0.655337076238338,0.579817317609682
4.91819004129443,6.57545774231057,1,1,0,0.436799546831596,0.0355073986910196,0,0.0132888146757298,0,30,1,3.87342250106771,5.97468327642951,3.87342250106771,3.87342250106771,5.97468327642951,3.87342250106771,0.614430618967834,0.635600745792024,0.614430618967834,0.586408549828843,0.602756704994615,0.586408549828843
-1.53757825742372,1.0207833111783,0,0,0,-1.2840709119334,-1.50137831757635,0,0.0132888146757298,0,30,1,0.431681583537724,4.7858184360261,0.431681583537724,0.431681583537724,4.7858184360261,0.431681583537724,0.510037270250383,0.694373622436105,0.510037270250383,0.507515439515161,0.649278936262193,0.507515439515161
11.3162847647779,12.2628950742445,1,0,1,1.30847264593461,1.28896605599763,1,0.0132888146757298,0,30,1,12.3782021927878,12.3782021927878,5.61676869927374,12.3782021927878,12.3782021927878,5.61676869927374,0.808869713874536,0.808869713874536,0.537949803544793,0.748077669601528,0.748077669601528,0.528439481134238
2.57581305197964,3.61954731911589,1,1,0,-0.0692335991676123,-0.347587516457598,0,0.0132888146757298,0,30,1,2.86135620906929,5.08217329066645,2.86135620906929,2.86135620906929,5.08217329066645,2.86135620906929,0.609055500581166,0.609595415539303,0.609055500581166,0.582284302827233,0.582698125754746,0.582284302827233
6.1649926056942,7.0664418901189,1,1,0,1.63160723788782,1.18683578980618,1,0.0132888146757298,0,30,1,6.26303788318016,12.771617075145,6.26303788318016,6.26303788318016,12.771617075145,6.26303788318016,0.549798695175836,0.875587766851135,0.549798695175836,0.53734398866222,0.814894519398418,0.53734398866222
-0.41232482587791,0.204995104187002,0,1,0,-1.72204955208885,0.52451368437077,1,0.0132888146757298,0,30,1,-0.444275696773195,4.930838908319,-0.444275696773195,-0.444275696773195,4.930838908319,-0.444275696773195,0.602081138582131,0.910560770849297,0.602081138582131,0.576947309375041,0.85493319203661,0.576947309375041
3.00498128845484,3.44430890361524,1,0,0,0.312020350467884,-0.552742504736752,0,0.0132888146757298,0,30,1,3.62386410834028,6.02938838488294,3.62386410834028,3.62386410834028,6.02938838488294,3.62386410834028,0.600701830733083,0.611697132297713,0.600701830733083,0.575893647310965,0.584309945367436,0.575893647310965
5.11229790227096,6.54898600766844,1,1,1,0.93768128530277,-0.261070226509161,0,0.0132888146757298,0,30,1,7.0433436411796,7.0433436411796,4.87518597801005,7.0433436411796,7.0433436411796,4.87518597801005,0.704851962192889,0.704851962192889,0.611426201746827,0.657796642219208,0.657796642219208,0.584102082481007
2.3666780242189,1.43232423238394,1,0,0,-1.14882217918974,-0.497574485586447,0,0.0132888146757298,0,30,1,0.702179049025037,3.04975941773166,0.702179049025037,0.702179049025037,3.04975941773166,0.702179049025037,0.60332869235198,0.740068722928421,0.60332869235198,0.577900832384529,0.687066257057135,0.577900832384529
13.3536726568334,15.2272239432063,0,0,1,1.95658527149756,-1.09240973885146,1,0.0132888146757298,0,30,1,13.2063529879371,13.2063529879371,6.91299395039963,13.2063529879371,13.2063529879371,6.91299395039963,0.92847368253588,0.92847368253588,0.559842321944727,0.877505384783611,0.877505384783611,0.544907594840691
0.2700912567517,2.84315278483051,1,0,0,-0.978854177851997,-0.0238238239792465,0,0.0132888146757298,0,30,1,1.04211505170052,3.14268262628951,1.04211505170052,1.04211505170052,3.14268262628951,1.04211505170052,0.614461708342423,0.715238335198742,0.614461708342423,0.586432433405146,0.666320794979196,0.586432433405146
4.34119511957981,4.37574097837401,1,1,0,0.499358364341397,0.325667666593693,0,0.0132888146757298,0,30,1,3.99854013608731,6.20459956515189,3.99854013608731,3.99854013608731,6.20459956515189,3.99854013608731,0.609720383244465,0.637425422575398,0.609720383244465,0.582793922390873,0.604174311317367,0.582793922390873
1.99527474955366,2.72210041383157,1,0,0,-0.379180757706281,-0.646362189560383,0,0.0132888146757298,0,30,1,2.24146189199195,4.75924597208525,2.24146189199195,2.24146189199195,4.75924597208525,2.24146189199195,0.595596949673757,0.611867682778516,0.595596949673757,0.571998990630273,0.584440807760435,0.571998990630273
6.11824408231132,7.90438272901781,1,1,0,1.30834531701976,-0.311786526438752,1,0.0132888146757298,0,30,1,5.61651404144404,10.8137248795128,5.61651404144404,5.61651404144404,10.8137248795128,5.61651404144404,0.610118856305277,0.851274499633934,0.610118856305277,0.58309941550186,0.78937053040731,0.58309941550186
3.18713582093658,2.7022399431752,0,1,0,-0.324246375375202,0.00013879183047214,0,0.0132888146757298,0,30,1,2.35133065665411,4.45133067591728,2.35133065665411,2.35133065665411,4.45133067591728,2.35133065665411,0.614487161978707,0.626208785427707,0.614487161978707,0.586451987731357,0.595482229250276,0.586451987731357
5.64939111154222,8.78344686539936,1,0,0,1.40618762088505,2.67524191168919,0,0.0132888146757298,0,30,1,5.81219864917461,15.069117935233,5.81219864917461,5.81219864917461,15.069117935233,5.81219864917461,0.29146118306101,0.511954322775767,0.29146118306101,0.339187115307811,0.50895108134474,0.339187115307811
0.0867944054366717,0.456971830573755,0,1,0,-1.75257800992243,0.185261506009688,0,0.0132888146757298,0,30,1,-0.505332612440347,1.62898921316863,-0.505332612440347,-0.505332612440347,1.62898921316863,-0.505332612440347,0.612946833070922,0.873404813157256,0.612946833070922,0.585269066422821,0.812535679869405,0.585269066422821
4.21273610811248,3.10132111835792,1,0,0,0.102036384313548,-2.37448257619577,1,0.0132888146757298,0,30,1,3.20389617603161,13.9420636806889,3.20389617603161,3.20389617603161,13.9420636806889,3.20389617603161,0.354410285145411,0.469569082249653,0.354410285145411,0.389464567484211,0.477202674994579,0.389464567484211
7.5407755563676,6.2106465828077,1,1,0,1.66400795397992,2.09604661263107,0,0.0132888146757298,0,30,1,6.32783931536435,12.8212507176865,6.32783931536435,6.32783931536435,12.8212507176865,6.32783931536435,0.409989769014273,0.720414673745535,0.409989769014273,0.432254655124991,0.670601227154739,0.432254655124991
-1.96764819698124,0.360457599904952,1,0,0,-1.48434993432838,0.517288366179811,1,0.65748732096923,1,26,2,0.116298920287755,5.48388617407273,0.116298920287755,0.116298920287755,5.48388617407273,0.116298920287755,0.410691199849375,0.760768238634102,0.410691199849375,0.432788106965198,0.70481447072067,0.432788106965198
3.5035436901758,4.97530837208128,0,1,0,0.698279768664489,-0.373339979766852,1,0.65748732096923,1,26,2,3.59092998032683,8.83031272081914,3.59092998032683,3.59092998032683,8.83031272081914,3.59092998032683,0.416571375770514,0.590433464085541,0.416571375770514,0.437255015366236,0.568067279261801,0.437255015366236
3.9777683314034,5.03086281299278,1,0,0,0.71596106841105,-0.198040476782842,1,0.65748732096923,1,26,2,3.80159208280396,8.94081211324834,3.80159208280396,3.80159208280396,8.94081211324834,3.80159208280396,0.421181277073119,0.597853513471866,0.421181277073119,0.440750895962709,0.573719631726195,0.440750895962709
0.255459083259426,1.73211709756753,0,0,0,-0.646647419689544,-1.32129167337042,0,0.65748732096923,1,26,2,-0.0468760899848064,3.79893559613321,-0.0468760899848064,-0.0468760899848064,3.79893559613321,-0.0468760899848064,0.345001745295772,0.39102622188209,0.345001745295772,0.382094958243061,0.417778318628936,0.382094958243061
7.97084378481166,7.67353619685108,0,0,1,0.638694507205389,0.620713761754593,0,0.65748732096923,1,26,2,6.95109877296161,6.95109877296161,4.46581319893008,6.95109877296161,6.95109877296161,4.46581319893008,0.452494695796052,0.452494695796052,0.405314186050715,0.464380937083444,0.464380937083444,0.428695328939105
6.7349651152294,8.04926952973914,0,0,0,1.86195150181645,0.885590226597023,0,0.65748732096923,1,26,2,7.17720365299462,10.0614737024388,7.17720365299462,7.17720365299462,10.0614737024388,7.17720365299462,0.387253845169391,0.765689732998334,0.387253845169391,0.414884979692294,0.709102939778707,0.414884979692294
7.44761047353145,8.05512809528482,1,0,1,1.57383791861053,-0.826655894930008,0,0.65748732096923,1,26,2,7.67209033367829,7.67209033367829,4.88873036505576,7.67209033367829,7.67209033367829,4.88873036505576,0.675115029337998,0.675115029337998,0.391795797866781,0.633818124456703,0.633818124456703,0.418367978044782
8.81752334836216,7.65270478133362,0,0,1,1.46547479492608,0.661783865960701,0,0.65748732096923,1,26,2,8.69840176382346,8.69840176382346,6.16044387857757,8.69840176382346,8.69840176382346,6.16044387857757,0.650605728039855,0.650605728039855,0.40291478395469,0.614459019771776,0.614459019771776,0.426866359437853
2.62768408371509,2.62381947969711,0,0,0,-0.912511308000368,1.04736953662416,0,0.65748732096923,1,26,2,1.79005734338813,4.98704028963644,1.79005734338813,1.79005734338813,4.98704028963644,1.79005734338813,0.373299908843339,0.468927093825091,0.373299908843339,0.404138118988121,0.476721139389418,0.404138118988121
5.19377426491887,2.73261241087054,1,0,0,0.424764838436711,-1.06140131337787,1,0.65748732096923,1,26,2,2.35583878626026,8.58241153430052,2.35583878626026,2.35583878626026,8.58241153430052,2.35583878626026,0.37198952340931,0.508533253962795,0.37198952340931,0.403125079332192,0.506389187504319,0.403125079332192
6.95746687464043,5.17693960763304,0,0,0,0.842612227829428,1.24467674294616,0,0.65748732096923,1,26,2,5.49761162136972,9.14683181580078,5.49761162136972,5.49761162136972,9.14683181580078,5.49761162136972,0.353475923897898,0.433438494046678,0.353475923897898,0.388734610681499,0.450022654368852,0.388734610681499
-2.2199953120485,0.000439960587640176,1,0,0,-2.26590277035154,0.102120648063116,1,0.65748732096923,1,26,2,-1.86197446987525,3.24845415688558,-1.86197446987525,-1.86197446987525,3.24845415688558,-1.86197446987525,0.422508838331173,0.932758794588266,0.422508838331173,0.441756703570759,0.883172868634185,0.441756703570759
6.33680456890974,6.30547782325261,0,0,0,1.31702041864116,1.13750857719106,0,0.65748732096923,1,26,2,6.33925983723808,9.7331856004213,6.33925983723808,6.33925983723808,9.7331856004213,6.33925983723808,0.364612503820628,0.565668477197719,0.364612503820628,0.397408873226154,0.549303042941667,0.397408873226154
-0.0874830900972274,1.64070443557407,0,0,0,-1.37918308740807,1.11557239024915,0,0.65748732096923,1,26,2,0.924916638197719,4.26941839608393,0.924916638197719,0.924916638197719,4.26941839608393,0.924916638197719,0.366785002117294,0.587286013776689,0.366785002117294,0.399094636230129,0.56567425243828,0.399094636230129
6.34375640977294,6.06867044128014,0,0,0,0.441526067687778,1.9964929400585,0,0.65748732096923,1,26,2,5.44725549819876,11.5332395579022,5.44725549819876,5.44725549819876,11.5332395579022,5.44725549819876,0.255871808826352,0.273986549275411,0.255871808826352,0.309487934757162,0.324743632027832,0.309487934757162
7.71249483413946,4.85798339395277,0,0,1,-0.637266734806346,1.25761824893947,0,0.65748732096923,1,26,2,6.23239886215705,6.23239886215705,2.55079520209148,6.23239886215705,6.23239886215705,2.55079520209148,0.397085657550566,0.397085657550566,0.352073789110573,0.422415908167334,0.422415908167334,0.387638434247124
1.13187671243253,4.61888706577844,1,0,1,-0.823875189653434,-0.622051946111692,0,0.65748732096923,1,26,2,2.78485672100749,2.78485672100749,0.297908097346144,2.78485672100749,2.78485672100749,0.297908097346144,0.48424942211193,0.48424942211193,0.405238361934343,0.488205580422136,0.488205580422136,0.428637556628542
5.35216973341498,6.11488404748128,1,0,1,0.407608058666518,0.109149818202597,0,0.65748732096923,1,26,2,5.603990041114,5.603990041114,3.49207635830034,5.603990041114,5.603990041114,3.49207635830034,0.441701749770117,0.441701749770117,0.422440336669904,0.456256274923776,0.456256274923776,0.441704814266788
-0.731832804044837,1.8955307989079,1,1,0,-1.58903235689843,0.290679160729934,0,0.65748732096923,1,26,2,-0.319675130302219,1.86481924418044,-0.319675130302219,-0.319675130302219,1.86481924418044,-0.319675130302219,0.419095894650093,0.704361007908181,0.419095894650093,0.439170099115089,0.657395763906308,0.439170099115089
1.06334099137315,1.62425570849378,1,1,0,-1.44901146396875,0.33408073284363,0,0.65748732096923,1,26,2,0.00376822767083662,2.21537816372817,0.00376822767083662,0.00376822767083662,2.21537816372817,0.00376822767083662,0.417848236957912,0.659453534208976,0.417848236957912,0.438223829223435,0.621410327261647,0.438223829223435
6.97343334085668,7.57742329158629,1,0,1,-0.179238633583399,-0.427072212212163,1,0.65748732096923,1,26,2,7.06455161782953,7.06455161782953,1.78216094338574,7.06455161782953,7.06455161782953,1.78216094338574,0.535548094523991,0.535548094523991,0.414596184638956,0.526636625237303,0.526636625237303,0.435755543687334
4.19963578201981,3.63607015242429,1,0,0,-1.10291439164519,0.819422909701101,0,0.65748732096923,1,26,2,1.18130454917542,3.95275845411844,1.18130454917542,1.18130454917542,3.95275845411844,1.18130454917542,0.392332884985025,0.534216910003075,0.392332884985025,0.418779384932595,0.525637622739325,0.418779384932595
-0.351180838910206,0.0352880944269674,1,0,0,-1.87306411865425,0.577110326280453,1,0.65748732096923,1,26,2,-0.601307488263349,4.83174884043618,-0.601307488263349,-0.601307488263349,4.83174884043618,-0.601307488263349,0.40769767037249,0.854800941741889,0.40769767037249,0.430510535625194,0.792976809420721,0.430510535625194
5.93197051903982,8.4576170199747,1,0,1,-0.697829777007115,0.0700509517601755,1,0.65748732096923,1,26,2,6.34700895635316,6.34700895635316,1.24210182051065,6.34700895635316,6.34700895635316,1.24210182051065,0.596498645640733,0.596498645640733,0.422763554821507,0.57268635969834,0.57268635969834,0.44194963922537
-0.139684971202679,3.4164534877362,1,0,0,-1.25482559255082,0.795993585035945,0,0.65748732096923,1,26,2,0.854052822699006,3.58765861011738,0.854052822699006,0.854052822699006,3.58765861011738,0.854052822699006,0.394041873718164,0.577721664640961,0.394041873718164,0.420087834173511,0.558417897456389,0.420087834173511
9.94573345454795,9.68325324002249,0,1,1,1.55699231051961,0.721501272176619,0,0.65748732096923,1,26,2,9.02376040173303,9.02376040173303,6.40319631598055,9.02376040173303,9.02376040173303,6.40319631598055,0.67640310854277,0.67640310854277,0.399160735259432,0.634844893757654,0.634844893757654,0.424001385264867
-2.95434777618349,-0.615664257262056,0,1,0,-1.80547238489344,-0.360318039848796,1,1.15757917999874,1,30,3,-2.31125236760224,2.91857672223824,-2.31125236760224,-2.31125236760224,2.91857672223824,-2.31125236760224,0.360839010823961,0.810056246294736,0.360839010823961,0.394475955764277,0.749187477147654,0.394475955764277
3.78896871787241,6.32031186651088,0,0,1,-0.850115087052937,0.792749196226055,0,1.15757917999874,1,30,3,3.48098075227067,3.48098075227067,0.752529464153616,3.48098075227067,3.48098075227067,0.752529464153616,0.419673807113042,0.419673807113042,0.339326813394391,0.439608281850936,0.439608281850936,0.377628269955052
3.24342797575511,4.0900741291004,1,0,0,0.341527528479241,-0.186200542567066,0,1.15757917999874,1,30,3,2.15686495642485,4.29153559847712,2.15686495642485,2.15686495642485,4.29153559847712,2.15686495642485,0.365008840675025,0.377905532877028,0.365008840675025,0.397716563553862,0.407693295166256,0.397716563553862
8.05901491577178,9.74294691190299,1,0,1,0.561825560206798,-0.202019190415266,1,1.15757917999874,1,30,3,7.7224541253278,7.7224541253278,2.58164237203176,7.7224541253278,7.7224541253278,2.58164237203176,0.516723013737607,0.516723013737607,0.364739146192259,0.512522849777619,0.512522849777619,0.397507197522418
-0.303811696024055,1.07889206325586,1,1,0,-1.0972576546667,0.3361530852774,1,1.15757917999874,1,30,3,-0.198351782022559,5.01464711471896,-0.198351782022559,-0.198351782022559,5.01464711471896,-0.198351782022559,0.361575070830905,0.616109912514576,0.361575070830905,0.395048543630251,0.587699113782887,0.395048543630251
7.54536178692984,6.86189722266619,1,0,1,0.80220200292846,0.207320674097374,0,1.15757917999874,1,30,3,5.61471698389592,5.61471698389592,3.47173512198773,5.61471698389592,5.61471698389592,3.47173512198773,0.437612548870644,0.437612548870644,0.36464386256382,0.453173035120019,0.453173035120019,0.397433220589009
8.65659334434073,9.57847301885683,1,1,1,0.247826339059617,0.819051839971103,1,1.15757917999874,1,30,3,8.74556087668382,8.74556087668382,2.97471496012377,8.74556087668382,8.74556087668382,2.97471496012377,0.45708174008428,0.45708174008428,0.33752526460963,0.467828853036169,0.467828853036169,0.376206732253781
7.69405706416258,10.4824695851055,1,0,1,1.85259658336887,-0.0605678265257526,0,1.15757917999874,1,30,3,7.40830424385548,7.40830424385548,5.30463578224542,7.40830424385548,7.40830424385548,5.30463578224542,0.746050715355485,0.746050715355485,0.366371571884213,0.69214968463699,0.69214968463699,0.398773987303975
2.28454331937683,5.29959671393101,0,0,0,0.0978131202708556,0.559066710048464,0,1.15757917999874,1,30,3,2.41470339262361,4.82725897890802,2.41470339262361,2.41470339262361,4.82725897890802,2.41470339262361,0.352888292065705,0.353924717014437,0.352888292065705,0.388275319529079,0.389085275578827,0.388275319529079
8.18484952506721,8.82822864062621,0,0,1,1.31790516887806,0.30486518075373,0,1.15757917999874,1,30,3,6.7936287389793,6.7936287389793,4.60068596054329,6.7936287389793,6.7936287389793,4.60068596054329,0.563651396258319,0.563651396258319,0.362453025572841,0.547780577291987,0.547780577291987,0.395731199495436
6.4063322918035,5.00406403284491,1,0,1,-0.795492450005503,0.525569582663688,0,1.15757917999874,1,30,3,2.9708185109074,2.9708185109074,0.594595124686117,2.9708185109074,2.9708185109074,0.594595124686117,0.425555898297854,0.425555898297854,0.354463138212629,0.444063742426927,0.444063742426927,0.389505845904414
4.47799911224422,3.74803235740704,0,0,0,0.151687179984513,1.47507604804358,0,1.15757917999874,1,30,3,3.43846085004604,7.7143101975579,3.43846085004604,3.43846085004604,7.7143101975579,3.43846085004604,0.27674734983782,0.278948210384993,0.27674734983782,0.327042478362252,0.328870385010582,0.327042478362252
-0.476424155075568,-0.480500333391736,0,0,0,-0.766934493652664,-0.721085861020508,0,1.15757917999874,1,30,3,-0.594944406292402,2.02502041267128,-0.594944406292402,-0.594944406292402,2.02502041267128,-0.594944406292402,0.343957117600858,0.409221004825732,0.343957117600858,0.381273995489759,0.431669842086624,0.381273995489759
-1.45363544379443,3.48120221051462,1,0,0,-0.980230859844568,0.405214264808441,0,1.15757917999874,1,30,3,0.104762987152739,2.36896158755698,0.104762987152739,0.104762987152739,2.36896158755698,0.104762987152739,0.359337817899549,0.469067911657147,0.359337817899549,0.393307414769174,0.476826765620958,0.393307414769174
5.41999714641048,6.80149052906325,1,0,0,0.352344777478763,1.08142430774239,0,1.15757917999874,1,30,3,3.44612430473335,6.71560283810945,3.44612430473335,3.44612430473335,6.71560283810945,3.44612430473335,0.316683734184448,0.329579831795651,0.316683734184448,0.359627026341455,0.369915971074114,0.359627026341455
2.6353113600224,4.91505436461886,1,0,1,-0.23337927959251,-0.773067952064806,0,1.15757917999874,1,30,3,3.11781798929328,3.11781798929328,0.420183930783608,3.11781798929328,3.11781798929328,0.420183930783608,0.346465632121499,0.346465632121499,0.340639183267968,0.383244478805171,0.383244478805171,0.378662722818585
9.61756826070291,10.4748438182518,1,0,1,1.15556270244689,-0.83680017490333,1,1.15757917999874,1,30,3,8.93457020474214,8.93457020474214,3.13433567202389,8.93457020474214,8.93457020474214,3.13433567202389,0.604457274076483,0.604457274076483,0.336279039533317,0.578763845364349,0.578763845364349,0.375222354412153
-0.657939214117156,2.66540126562597,1,0,0,-0.400739435842407,1.14644093478058,1,1.15757917999874,1,30,3,2.0049725051292,8.41929932206977,2.0049725051292,2.0049725051292,8.41929932206977,2.0049725051292,0.310754706448271,0.438604125218084,0.310754706448271,0.354861703737981,0.453920952847973,0.354861703737981
4.9698519580893,7.29309714864757,0,0,1,-1.07528971690945,-0.415343051634686,1,1.15757917999874,1,30,3,4.36659780712106,4.36659780712106,-0.90591204342015,4.36659780712106,4.36659780712106,-0.90591204342015,0.60807268639968,0.60807268639968,0.358975191968716,0.581531265547157,0.581531265547157,0.393024991834301
5.09204208919384,5.18322611700442,0,0,0,0.597239962988203,1.41855571166659,0,1.15757917999874,1,30,3,4.27304607967643,8.38534638677833,4.27304607967643,4.27304607967643,8.38534638677833,4.27304607967643,0.283031714445788,0.318699109267078,0.283031714445788,0.33225112006469,0.361241686359425,0.33225112006469
6.13843011154826,5.35327651943558,1,1,1,-0.331807945479816,1.08584504252434,0,1.15757917999874,1,30,3,5.36129904997284,5.36129904997284,2.08223959359815,5.36129904997284,5.36129904997284,2.08223959359815,0.327706457587646,0.327706457587646,0.316289769418483,0.368427516758123,0.368427516758123,0.35931109205148
4.41711173725877,3.46235379994904,0,0,0,0.554755944784476,-0.193194716757951,1,1.15757917999874,1,30,3,2.57632761484444,7.71365181342762,2.57632761484444,2.57632761484444,7.71365181342762,2.57632761484444,0.364892296529702,0.515956793359408,0.364892296529702,0.397626093214267,0.511948881973523,0.397626093214267
2.81734218734576,6.50628886925059,1,0,0,1.47482875892953,-0.609997075691906,0,1.15757917999874,1,30,3,3.9996708842006,6.47176731655327,3.9996708842006,3.9996708842006,6.47176731655327,3.9996708842006,0.350314048313852,0.601178330855888,0.350314048313852,0.386261347860108,0.57625758253662,0.386261347860108
8.63011816266166,11.010941270573,1,1,1,1.1120135189819,0.206592425895676,1,1.15757917999874,1,30,3,9.23331033633036,9.23331033633036,4.0906299058929,9.23331033633036,9.23331033633036,4.0906299058929,0.622886252104669,0.622886252104669,0.364657097003008,0.592917307977166,0.592917307977166,0.397443495864014
3.74388259852951,4.51203166927178,1,0,1,-0.303759051455807,-0.210601012872873,0,1.15757917999874,1,30,3,2.98624411287203,2.98624411287203,0.841891326248947,2.98624411287203,2.98624411287203,0.841891326248947,0.374766713211938,0.374766713211938,0.364583674167728,0.405271274027139,0.405271274027139,0.397386489110529
5.79873018894432,6.84288910458493,0,0,0,0.625937528278617,1.65455150864142,0,1.15757917999874,1,30,3,4.56643700723209,9.4039777019797,4.56643700723209,4.56643700723209,9.4039777019797,4.56643700723209,0.255806822990861,0.29296376993992,0.255806822990861,0.309432639953904,0.340417638910605,0.309432639953904
-1.64864469673727,1.43435568995116,1,0,0,-0.33877974250303,-2.21029607273733,1,1.15757917999874,1,30,3,-1.22784511570995,8.75756361344809,-1.22784511570995,-1.22784511570995,8.75756361344809,-1.22784511570995,0.185426909631781,0.279709972482406,0.185426909631781,0.246566170422562,0.329502104019053,0.246566170422562
-0.114228190090807,1.63759797482774,1,1,0,-0.447119128741968,-0.786061380463132,0,1.15757917999874,1,30,3,-0.0202891959136333,2.69760329794197,-0.0202891959136333,-0.0202891959136333,2.69760329794197,-0.0202891959136333,0.339776201425572,0.361351748861525,0.339776201425572,0.377982595231956,0.394874844803519,0.377982595231956
0.919535062023376,2.60308736067739,0,0,0,-0.982170512930719,-0.348483771640224,1,1.15757917999874,1,30,3,-0.652814355468226,4.56862658362837,-0.652814355468226,-0.652814355468226,4.56862658362837,-0.652814355468226,0.36120578458402,0.588619888259003,0.36120578458402,0.394761302502383,0.566688083586901,0.394761302502383
4.9076196231355,5.28197572006299,0,0,0,0.381917760728909,2.23707749547951,1,1.15757917999874,1,30,3,4.66092345897076,14.7654391797516,4.66092345897076,4.66092345897076,14.7654391797516,4.66092345897076,0.181984574635775,0.27812302243124,0.181984574635775,0.24330644633294,0.328185514800108,0.24330644633294
-2.55355824759799,0.354718160339375,1,1,0,-1.33979091539048,1.4128373083929,0,-0.395342465370521,0,24,4,0.164122504293793,4.2602317642807,0.164122504293793,0.164122504293793,4.2602317642807,0.164122504293793,0.570006644432338,0.756666256421002,0.570006644432338,0.552580130953586,0.701261093130823,0.552580130953586
3.55511765529122,5.29609204559729,1,0,0,0.615220470122592,0.207956581460096,1,-0.395342465370521,0,24,4,4.07414527531994,9.21739121509251,4.07414527531994,4.07414527531994,9.21739121509251,4.07414527531994,0.65737737286831,0.787378790109806,0.65737737286831,0.61977558064317,0.728356057260486,0.61977558064317
0.712103041997956,1.70912662784586,1,0,0,-0.237555715242793,-1.28491664575365,1,-0.395342465370521,0,24,4,2.36859290458917,9.11960369112399,2.36859290458917,2.36859290458917,9.11960369112399,2.36859290458917,0.58591944144726,0.700145109249777,0.58591944144726,0.564636051368221,0.653960700614905,0.564636051368221
-1.47406797262539,0.137643949183163,1,1,0,-1.68050384640305,-0.173956783161864,0,-0.395342465370521,0,24,4,-0.517303357731351,1.61295760467667,-0.517303357731351,-0.517303357731351,1.61295760467667,-0.517303357731351,0.657932113117923,0.881906732972572,0.657932113117923,0.620212156322394,0.821805601039353,0.620212156322394
14.7276366070332,14.2482188501425,1,1,1,1.49127746029807,-1.65262280227807,1,-0.395342465370521,0,24,4,13.6574213822803,13.6574213822803,5.8262592556709,13.6574213822803,13.6574213822803,5.8262592556709,0.842950945806052,0.842950945806052,0.535688416404493,0.780974357728575,0.780974357728575,0.526741941889517
7.06538085254794,8.15114668774604,1,0,1,1.07428602043984,0.328910074020539,0,-0.395342465370521,0,24,4,7.20045821274663,7.20045821274663,4.99227637595443,7.20045821274663,7.20045821274663,4.99227637595443,0.766589882578063,0.766589882578063,0.654597054640787,0.709890353761494,0.709890353761494,0.617589887546214
5.23055471143669,5.21175107046169,1,0,0,1.06787594746522,0.239880595555863,0,-0.395342465370521,0,24,4,4.97945623000521,7.13699893012944,4.97945623000521,4.97945623000521,7.13699893012944,4.97945623000521,0.65676611544589,0.767148446952791,0.65676611544589,0.61929471145905,0.710379444161585,0.61929471145905
4.90559666449586,4.09778108048302,0,0,0,0.983780378509003,1.48135228345914,0,-0.395342465370521,0,24,4,4.81126509209276,9.10566967980238,4.81126509209276,4.81126509209276,9.10566967980238,4.81126509209276,0.560798206352759,0.668758630579833,0.560798206352759,0.545628321812264,0.6287655764632,0.545628321812264
10.3801535928957,12.0740342394916,1,0,1,0.308924757202061,1.76047793808215,1,-0.395342465370521,0,24,4,11.6608364199528,11.6608364199528,3.46155384947888,11.6608364199528,11.6608364199528,3.46155384947888,0.643690343577493,0.643690343577493,0.518359872713588,0.609052834962467,0.609052834962467,0.513749100400449
10.1028028782953,11.1599970863657,1,0,1,1.00496308172166,-0.0351080129433405,1,-0.395342465370521,0,24,4,9.95486307109092,9.95486307109092,4.85363049851809,9.95486307109092,9.95486307109092,4.85363049851809,0.83498547239304,0.83498547239304,0.659170762004037,0.773082725017108,0.773082725017108,0.621187542481884
6.13596790246741,6.23684670802112,1,0,1,-0.966923763855748,0.380804122665531,1,-0.395342465370521,0,24,4,6.15486858720233,6.15486858720233,0.909856807363262,6.15486858720233,6.15486858720233,0.909856807363262,0.825979781366609,0.825979781366609,0.653015616503513,0.764317003903874,0.764317003903874,0.616348426915227
2.79780609260314,5.54527207038274,1,0,0,0.469917413597378,-1.08440649083155,0,-0.395342465370521,0,24,4,3.78353916226951,7.0594765996271,3.78353916226951,3.78353916226951,7.0594765996271,3.78353916226951,0.607542878099364,0.632169394347177,0.607542878099364,0.581125456598403,0.600094731274526,0.581125456598403
2.71826007443588,2.58794900504071,1,1,0,-0.10373585037411,1.36338637252777,0,-0.395342465370521,0,24,4,2.63623263432654,6.59505503512098,2.63623263432654,2.63623263432654,6.59505503512098,2.63623263432654,0.576355419485323,0.577596785030667,0.576355419485323,0.557383133145152,0.558323298584018,0.557383133145152
-1.23594406525267,0.72057687315208,1,0,0,-1.0500967081223,-1.78040997558813,0,-0.395342465370521,0,24,4,0.743510918830156,6.01337060000388,0.743510918830156,0.743510918830156,6.01337060000388,0.743510918830156,0.51503155468187,0.641408438628315,0.51503155468187,0.511255831043262,0.607273851917678,0.511255831043262
-0.582173936893725,1.79141514733606,1,0,0,-1.03029857764098,2.2607348410378,0,-0.395342465370521,0,24,4,0.783107179792791,7.994029201275,0.783107179792791,0.783107179792791,7.994029201275,0.783107179792791,0.42396625718254,0.548536883144328,0.42396625718254,0.442860429033924,0.536394847366916,0.442860429033924
3.97542454822045,4.61574713191888,1,1,1,0.0630530657558163,0.279648296885398,0,-0.395342465370521,0,24,4,5.14801363653729,5.14801363653729,2.96981046658639,5.14801363653729,5.14801363653729,2.96981046658639,0.656307402813765,0.656307402813765,0.655881900344856,0.618933974349017,0.618933974349017,0.618599450944921
6.40990597089309,7.65678169662927,1,0,1,0.967309531946021,-0.206952071514339,0,-0.395342465370521,0,24,4,6.92115255887088,6.92115255887088,4.7783233989668,6.92115255887088,6.92115255887088,4.7783233989668,0.749729894158481,0.749729894158481,0.657395184804772,0.695294141836238,0.695294141836238,0.619789595993083
5.88923103895377,9.42872936354857,1,0,1,0.0765372389384751,1.0296403543978,0,-0.395342465370521,0,24,4,6.15693807235614,6.15693807235614,2.99677881295171,6.15693807235614,6.15693807235614,2.99677881295171,0.613413159212919,0.613413159212919,0.612755531812773,0.58562710160136,0.58562710160136,0.585122211351782
6.06080245065857,10.3102764217539,0,1,1,-0.162862535419751,-0.982095484568517,1,-0.395342465370521,0,24,4,8.58249080504513,8.58249080504513,2.51797926423526,8.58249080504513,8.58249080504513,2.51797926423526,0.724029093455417,0.724029093455417,0.617043410191098,0.673603375907242,0.673603375907242,0.588416958811596
2.79972839219329,1.33947616295195,1,1,0,-0.273602807599952,0.149173918858684,0,-0.395342465370521,0,24,4,2.29649871987485,4.41875157794251,2.29649871987485,2.29649871987485,4.41875157794251,2.29649871987485,0.658274027401846,0.666219115907144,0.658274027401846,0.62048131975564,0.626753470030626,0.62048131975564
2.93140873805833,3.80585850119702,1,0,0,-0.13273495763435,-0.177688184331525,0,-0.395342465370521,0,24,4,2.57823441980606,4.70980751065709,2.57823441980606,2.57823441980606,4.70980751065709,2.57823441980606,0.657876075476738,0.659754876490904,0.657876075476738,0.620168047917178,0.621647789134391,0.620168047917178
9.89079464587849,11.1062927064114,1,0,1,0.905229978823819,0.289297606653196,1,-0.395342465370521,0,24,4,9.83785739793766,9.83785739793766,4.6541642927224,9.83785739793766,9.83785739793766,4.6541642927224,0.819583061255412,0.819583061255412,0.655646771286962,0.758184952719377,0.758184952719377,0.618414636004645
2.79690391246662,4.00699934122369,1,1,0,0.245777119070066,0.151976619243658,1,-0.395342465370521,0,24,4,3.33525857321489,8.45835546601162,3.33525857321489,3.33525857321489,8.45835546601162,3.33525857321489,0.658237997870166,0.76144153098813,0.658237997870166,0.620452953532325,0.705399519901442,0.620452953532325
4.77346651715349,9.10144607227174,1,0,1,-0.245076177094423,1.52930267342127,0,-0.395342465370521,0,24,4,6.79231864781936,6.79231864781936,2.35355198088591,6.79231864781936,6.79231864781936,2.35355198088591,0.561067853382269,0.561067853382269,0.554068790883132,0.545831662244463,0.545831662244463,0.540557725786344
-0.960449259500733,-0.707472157988199,1,1,0,-1.89335649798828,-0.838231954821156,0,0.96132366622714,0,22,5,-1.71085618722495,1.09177662285834,-1.71085618722495,-1.71085618722495,1.09177662285834,-1.71085618722495,0.471423838134664,0.830792419074404,0.471423838134664,0.478593668904765,0.768981474289574,0.478593668904765
5.43285583334875,3.15893346664384,0,1,0,0.290320291548705,0.535794191135457,0,0.96132366622714,0,22,5,2.65649739184902,5.04357280710352,2.65649739184902,2.65649739184902,5.04357280710352,2.65649739184902,0.491013082422388,0.500959764698302,0.491013082422388,0.493271095193834,0.500718577984906,0.493271095193834
3.84800050601926,5.10099272177951,1,1,1,-0.0696869906174649,0.268525566777222,0,0.96132366622714,0,22,5,4.10858880752971,4.10858880752971,1.93648282751668,4.10858880752971,4.10858880752971,1.93648282751668,0.501733769996668,0.501733769996668,0.501160626120793,0.5012980819757,0.5012980819757,0.500868964334362
2.96034094901903,3.3078389750559,1,1,0,0.00952991835409192,-0.929428841238252,0,0.96132366622714,0,22,5,2.09491664545979,5.05875461638527,2.09491664545979,2.09491664545979,5.05875461638527,2.09491664545979,0.463844027426971,0.46385469277249,0.463844027426971,0.472907118698766,0.472915124016874,0.472907118698766
0.332621495618687,1.61891524243753,0,1,0,-0.533175066699162,-0.581682954826021,0,0.96132366622714,0,22,5,1.00950667535329,3.44786173528842,1.00950667535329,1.00950667535329,3.44786173528842,1.00950667535329,0.488593190656794,0.522128376946638,0.488593190656794,0.491458945567406,0.516572829915165,0.491458945567406
4.25501220933385,6.24137477657515,1,1,1,0.582171857904931,0.0714698195831408,0,0.96132366622714,0,22,5,5.34530845967272,5.34530845967272,3.24020052456147,5.34530845967272,5.34530845967272,3.24020052456147,0.54421387294941,0.54421387294941,0.504323428466349,0.533144727526968,0.533144727526968,0.503237009400968
8.65731485201244,8.06441910055805,1,1,1,-0.206735796000618,0.780747776514871,1,0.96132366622714,0,22,5,7.37195230728329,7.37195230728329,1.66238521675037,7.37195230728329,7.37195230728329,1.66238521675037,0.597644752231672,0.597644752231672,0.475805690927498,0.573560387480755,0.573560387480755,0.481878791458944
6.74828368641009,8.02656142405562,0,1,1,0.660129421105626,0.52753169728817,0,0.96132366622714,0,22,5,5.7744053426066,5.7744053426066,3.39611565096286,5.7744053426066,5.7744053426066,3.39611565096286,0.542757903111111,0.542757903111111,0.491427724862313,0.532050654800129,0.532050654800129,0.493581586198656
9.60996882297825,8.14054582403465,1,0,1,1.29345637892054,-1.38791312988199,0,0.96132366622714,0,22,5,8.68907242269151,8.68907242269151,4.66276956659268,8.68907242269151,8.68907242269151,4.66276956659268,0.609370950149874,0.609370950149874,0.414435417409695,0.58252607025442,0.58252607025442,0.435633453283057
0.143283307999564,5.54014136483953,1,1,1,-1.30541074348665,-0.565783100896012,0,0.96132366622714,0,22,5,1.88514583903781,1.88514583903781,-0.534964678221696,1.88514583903781,1.88514583903781,-0.534964678221696,0.682221037073069,0.682221037073069,0.489454099789329,0.639495186778953,0.639495186778953,0.492103662157116
10.3673057381636,11.9234394017736,1,1,1,1.19403569880759,-1.13400789012369,1,0.96132366622714,0,22,5,10.8499021012296,10.8499021012296,4.4639282063668,10.8499021012296,10.8499021012296,4.4639282063668,0.715758976997204,0.715758976997204,0.444078924324523,0.666750331100902,0.666750331100902,0.458047328450326
4.23697582073449,5.06610759836946,1,1,1,-0.144895844036805,-0.785399696821334,0,0.96132366622714,0,22,5,4.50291780444504,4.50291780444504,1.786065120678,4.50291780444504,4.50291780444504,1.786065120678,0.477935248890888,0.477935248890888,0.475462523883822,0.483474844996451,0.483474844996451,0.481621566955178
0.722810320100626,1.71981517746404,1,1,0,-0.523062678030315,0.188010187448072,0,0.96132366622714,0,22,5,1.02973145269098,3.16507928327524,1.02973145269098,1.02973145269098,3.16507928327524,1.02973145269098,0.502895908498577,0.535130975914249,0.502895908498577,0.502168190446737,0.526323574554088,0.502168190446737
5.6149483220629,6.64219050711591,1,1,1,-0.436313974248378,-0.284700168595836,1,0.96132366622714,0,22,5,6.38428304625335,6.38428304625335,1.20322886025485,6.38428304625335,6.38428304625335,1.20322886025485,0.637751513154987,0.637751513154987,0.500738192774276,0.604427806810166,0.604427806810166,0.500552685666624
4.58441598964173,5.0801461331394,1,1,1,-0.834361285521188,-0.0798573611300656,1,0.96132366622714,0,22,5,5.51351143583589,5.51351143583589,0.407134237709234,5.51351143583589,5.51351143583589,0.407134237709234,0.694211064344595,0.694211064344595,0.504263512181886,0.649147409921138,0.649147409921138,0.503192148168928
-4.09209405419821,-3.93964017424948,0,1,0,-2.52185193402944,0.153289382878256,0,0.96132366622714,0,22,5,-2.96784705930727,-0.844349424404077,-2.96784705930727,-2.96784705930727,-0.844349424404077,-2.96784705930727,0.503455321475578,0.956132166666738,0.503455321475578,0.502587034076575,0.916441973798099,0.502587034076575
10.7422360476255,12.0771073751484,1,0,1,0.503550592167484,1.22463048811241,1,0.96132366622714,0,22,5,9.68267782550101,9.68267782550101,3.08295799308658,9.68267782550101,9.68267782550101,3.08295799308658,0.581026842885016,0.581026842885016,0.434131132069659,0.560922965931322,0.560922965931322,0.450545655402922
7.80479346907373,8.59109874226483,1,1,1,0.504505329983592,-0.254401943227587,1,0.96132366622714,0,22,5,8.24958781743677,8.24958781743677,3.08486746871879,8.24958781743677,8.24958781743677,3.08486746871879,0.64545499897077,0.64545499897077,0.501509291153948,0.610430218612435,0.610430218612435,0.501130012612522
-1.12375719756208,-2.75597522816221,1,1,0,-2.07001023690895,1.47779417121561,0,0.96132366622714,0,22,5,-2.06416366506629,2.21971194741255,-2.06416366506629,-2.06416366506629,2.21971194741255,-2.06416366506629,0.402664102647568,0.837977477249979,0.402664102647568,0.426675178173978,0.776031211535498,0.426675178173978
1.79640278279932,2.26019803315988,1,1,1,-1.25166392104746,-0.33270908330948,0,0.96132366622714,0,22,5,1.78322430077333,1.78322430077333,-0.427471033343301,1.78322430077333,1.78322430077333,-0.427471033343301,0.676668020165418,0.676668020165418,0.499338868121791,0.635056187258706,0.635056187258706,0.499505003466647
6.47495929259679,6.98083496716711,1,0,1,0.460403995339324,0.617244889813452,0,0.96132366622714,0,22,5,5.47765605343108,5.47765605343108,2.99666479943026,5.47765605343108,5.47765605343108,2.99666479943026,0.511593905156624,0.511593905156624,0.486581567070853,0.508681162845879,0.508681162845879,0.489952385266432
7.82759277192498,9.05202522558801,0,1,1,-0.567579821072289,-1.33416552027423,1,0.96132366622714,0,22,5,7.82069480209563,7.82069480209563,0.940697166607031,7.82069480209563,7.82069480209563,0.940697166607031,0.576010412359647,0.576010412359647,0.421164294132076,0.557121899474187,0.557121899474187,0.440738026422494
5.32203296509816,8.04320849392401,1,1,1,1.36713548127212,-0.0496515590477579,0,-0.844434235745618,1,26,6,7.07401550231306,7.07401550231306,4.97155022499719,7.07401550231306,7.07401550231306,4.97155022499719,0.783819476197245,0.783819476197245,0.598310918240701,0.72515457289778,0.72515457289778,0.574068587846637
4.42327939575627,4.54575114254014,0,1,0,0.913904863959066,1.06970331542649,1,-0.844434235745618,1,26,6,5.18444386484534,11.4287090478798,5.18444386484534,5.18444386484534,11.4287090478798,5.18444386484534,0.545522179632776,0.741396629896466,0.545522179632776,0.534128072499522,0.688191642163223,0.534128072499522
4.49530056170401,3.90759290959571,1,0,1,-0.438110135487231,0.173895059018819,0,-0.844434235745618,1,26,6,3.71484510109623,3.71484510109623,1.58460560954507,3.71484510109623,3.71484510109623,1.58460560954507,0.618690926448689,0.618690926448689,0.59704744578502,0.58968464576242,0.58968464576242,0.573104829847036
7.50457326992671,7.55426864991032,1,0,1,0.0406429211240953,-2.07342621501309,0,-0.844434235745618,1,26,6,6.69388671783934,6.69388671783934,0.294790448735812,6.69388671783934,6.69388671783934,0.294790448735812,0.398271710089592,0.398271710089592,0.398084465828752,0.423322282905516,0.423322282905516,0.423179220964477
6.93990960445683,8.07402955534696,0,1,1,-0.572083358646784,-1.66059366707966,1,-0.844434235745618,1,26,6,7.33974176427255,7.33974176427255,-0.51782956287251,7.33974176427255,7.33974176427255,-0.51782956287251,0.623638065202986,0.623638065202986,0.469516171386387,0.593497315202417,0.593497315202417,0.477162989578596
4.97220117670081,8.14078743036208,1,0,1,0.911206105081279,0.261855612259648,0,-0.844434235745618,1,26,6,6.53976700559479,6.53976700559479,4.37119864392292,6.53976700559479,6.53976700559479,4.37119864392292,0.685567537401063,0.685567537401063,0.595301817989765,0.642179686285664,0.642179686285664,0.571774060840414
10.534047252825,10.2614177284233,0,1,1,0.388764060436775,1.83643476797594,0,-0.844434235745618,1,26,6,10.3733863673811,10.3733863673811,4.90089371035021,10.3733863673811,10.3733863673811,4.90089371035021,0.458379859825347,0.458379859825347,0.440717088045298,0.468804114236293,0.468804114236293,0.455514113105607
2.59027374234739,3.97565113553145,0,1,0,-0.884693455516009,1.15152942098293,0,-0.844434235745618,1,26,6,1.66907333145162,5.0950933388409,1.66907333145162,1.66907333145162,5.0950933388409,1.66907333145162,0.536997580776033,0.626747543313178,0.536997580776033,0.527724616304559,0.595898546557961,0.527724616304559
4.20334232382303,5.67611925315978,1,0,1,0.0371624416088419,-0.129432286872763,0,-0.844434235745618,1,26,6,4.34857613473075,4.34857613473075,2.23182341784564,4.34857613473075,4.34857613473075,2.23182341784564,0.597818180194986,0.597818180194986,0.59766112496627,0.5736926783971,0.5736926783971,0.573572876228503
7.78561691983185,10.9708670519868,1,1,1,2.30903449319241,0.193356574249072,0,-0.844434235745618,1,26,6,9.23574314693994,9.23574314693994,7.09835638213461,9.23574314693994,9.23574314693994,7.09835638213461,0.951159529246446,0.951159529246446,0.596722110873619,0.908980283540565,0.908980283540565,0.572856745385932
3.31940640119481,4.71620525901038,1,0,1,-0.330481088761373,-0.603725256831372,0,-0.844434235745618,1,26,6,3.4867275728827,3.4867275728827,1.0222433871466,3.4867275728827,3.4867275728827,1.0222433871466,0.594259075212594,0.594259075212594,0.581750336292544,0.570979551694074,0.570979551694074,0.561471665600081
-1.60762461969555,-1.65761296767441,0,0,0,-1.56906406249072,0.113934359360911,1,-0.844434235745618,1,26,6,-0.737262944119806,4.37571809412318,-0.737262944119806,-0.737262944119806,4.37571809412318,-0.737262944119806,0.597832692911666,0.886585785243771,0.597832692911666,0.573703749106683,0.827006506910167,0.573703749106683
12.5362704018439,13.2784751668568,1,1,1,1.62464581919569,-2.5856618242531,0,-0.844434235745618,1,26,6,11.7362077050389,11.7362077050389,2.950560635639,11.7362077050389,11.7362077050389,2.950560635639,0.5944632904012,0.5944632904012,0.296027099048138,0.571135127281416,0.571135127281416,0.342921006365028
5.05229398300903,5.36406204235471,1,0,1,-1.34735729404183,-1.18398291797406,1,-0.844434235745618,1,26,6,4.91004886549737,4.91004886549737,-1.591766684557,4.91004886549737,4.91004886549737,-1.591766684557,0.813650016709435,0.813650016709435,0.533436275315053,0.752563216426262,0.752563216426262,0.525051868678579
1.54401547651688,2.143328049909,0,0,0,0.252304992324812,-1.26000610292903,0,-0.844434235745618,1,26,6,1.53153470322131,5.21915008263971,1.53153470322131,1.53153470322131,5.21915008263971,1.53153470322131,0.524693308839405,0.532183067950307,0.524693308839405,0.518495235029265,0.524111639507391,0.518495235029265
5.16609758889372,8.07966890114368,1,0,1,-0.748490691140798,-1.07711475387777,1,-0.844434235745618,1,26,6,5.97301087836252,5.97301087836252,-0.287165314658655,5.97301087836252,5.97301087836252,-0.287165314658655,0.71484639493924,0.71484639493924,0.5447768715223,0.665997584009821,0.665997584009821,0.533567859228437
5.00730766348479,7.38519345783221,0,0,1,0.269342979256045,0.62449051582916,0,-0.844434235745618,1,26,6,5.94009570020254,5.94009570020254,3.45010729584197,5.94009570020254,5.94009570020254,3.45010729584197,0.588903922242653,0.588903922242653,0.580576548113493,0.566904028676387,0.566904028676387,0.560581524843022
8.15474515279826,6.4402044700456,1,0,1,0.442300985587027,0.755987165862149,0,-0.844434235745618,1,26,6,6.5990365534852,6.5990365534852,3.92751995853692,6.5990365534852,6.5990365534852,3.92751995853692,0.594669432697964,0.594669432697964,0.572197618963705,0.571292183040003,0.571292183040003,0.554236674256049
7.4399708291893,7.84742905905686,1,0,1,-0.42694774361852,1.58504876021976,0,-0.844434235745618,1,26,6,7.63046366675761,7.63046366675761,3.01808409448343,7.63046366675761,7.63046366675761,3.01808409448343,0.502568946840441,0.502568946840441,0.481063989494199,0.501923388985253,0.501923388985253,0.485819246866113
3.17407223843322,4.44967229039395,1,0,0,0.183559890894369,0.752818158175064,0,-0.844434235745618,1,26,6,3.40686876146452,6.07360394074261,3.40686876146452,3.40686876146452,6.07360394074261,3.40686876146452,0.572418846075361,0.576311670145073,0.572418846075361,0.554403995202327,0.557350005380063,0.554403995202327
4.13103097968187,6.31658294053265,1,0,1,0.423805198839517,0.443449889950519,0,-0.844434235745618,1,26,6,5.8746389140274,5.8746389140274,3.57799110913027,5.8746389140274,5.8746389140274,3.57799110913027,0.609844073625416,0.609844073625416,0.589452173767106,0.582888745047297,0.582888745047297,0.567320913770243
11.1520161706771,9.81016471122883,1,1,1,2.18026084540621,0.858718343890259,0,-0.844434235745618,1,26,6,10.343568050337,10.343568050337,7.50617085620339,10.343568050337,10.343568050337,7.50617085620339,0.927337352843517,0.927337352843517,0.564506170913075,0.876021336359032,0.876021336359032,0.548425655340176
4.0220025458375,6.46793891144613,0,0,1,-0.750077571585873,-1.89066180012445,0,-0.844434235745618,1,26,6,4.57071592065434,4.57071592065434,-1.10388612179548,4.57071592065434,4.57071592065434,-1.10388612179548,0.497310277371347,0.497310277371347,0.431324842395667,0.497986177506412,0.497986177506412,0.448426080557688
5.84720439364753,8.55126346902269,1,0,1,-0.254305787150531,1.00904362239591,0,-0.844434235745618,1,26,6,5.90553190149343,5.90553190149343,2.78736286959556,5.90553190149343,5.90553190149343,2.78736286959556,0.558965620934832,0.558965620934832,0.551421688404863,0.544246712344958,0.544246712344958,0.538565152898105
5.76120864296634,6.37009684830273,1,0,1,-0.564450377004131,0.0292903190654954,1,-0.844434235745618,1,26,6,6.28817830934891,6.28817830934891,1.18732038655795,6.28817830934891,6.28817830934891,1.18732038655795,0.735935351718971,0.735935351718971,0.598384000222907,0.68357415931816,0.68357415931816,0.574124348180436
5.03919507038271,6.79527077319486,0,1,1,0.612692050118934,-0.97314827681226,0,-0.844434235745618,1,26,6,5.58618421358899,5.58618421358899,2.53916664492632,5.58618421358899,5.58618421358899,2.53916664492632,0.598034738950101,0.598034738950101,0.5547445972868,0.573857882010053,0.573857882010053,0.54106660565656
4.62173107264302,3.9146553038647,0,0,1,0.741514478539539,-0.0849377781373086,0,0.735557187608669,1,29,7,5.9642612288539,5.9642612288539,3.85704680269899,5.9642612288539,5.9642612288539,3.85704680269899,0.477755094668965,0.477755094668965,0.413678619796849,0.483339835216287,0.483339835216287,0.435058634323723
4.33885239407527,4.26422009866611,0,1,1,-0.162029099583451,-1.0275108627867,0,0.735557187608669,1,29,7,4.2631651349483,4.2631651349483,1.10738656180362,4.2631651349483,4.2631651349483,1.10738656180362,0.369393238985366,0.369393238985366,0.36650112307335,0.401115884140631,0.401115884140631,0.398874472616823
1.86292157507585,0.214715728934218,1,0,0,0.896406048566574,-1.19846949548136,1,0.735557187608669,1,29,7,3.05329822540901,9.58962735700836,3.05329822540901,3.05329822540901,9.58962735700836,3.05329822540901,0.349917985624791,0.557989121295178,0.349917985624791,0.385951201531723,0.543510755017894,0.385951201531723
6.88145059613813,6.34479725277343,0,1,1,-0.00759482266112362,-0.592327670468716,1,0.735557187608669,1,29,7,7.30229037716916,7.30229037716916,1.85143830796626,7.30229037716916,7.30229037716916,1.85143830796626,0.51464961000514,0.51464961000514,0.398005835382635,0.510969745949651,0.510969745949651,0.423119140987602
8.75102155184286,8.48098026408531,0,1,1,0.581727340221259,0.150679802035765,1,0.735557187608669,1,29,7,8.89579450897704,8.89579450897704,3.77309010623551,8.89579450897704,8.89579450897704,3.77309010623551,0.56964398193504,0.56964398193504,0.412968302661045,0.552306027136499,0.552306027136499,0.434518984567426
4.56351790349324,2.91112031148758,0,1,0,0.571703962344346,0.934883446707648,0,0.735557187608669,1,29,7,4.53724699515357,7.51125405408154,4.53724699515357,4.53724699515357,7.51125405408154,4.53724699515357,0.374532706500671,0.411401732934413,0.374532706500671,0.405090552974086,0.433328346741957,0.405090552974086
4.99502241056729,3.13468666104868,0,1,1,-0.346108829119136,-0.181509945432621,0,0.735557187608669,1,29,7,3.71817388037729,3.71817388037729,1.58522802008633,3.71817388037729,3.71817388037729,1.58522802008633,0.426285744530335,0.426285744530335,0.412498853930891,0.444616027924113,0.444616027924113,0.434162257809886
2.2513117624897,3.07718695616368,1,0,0,-0.423316041542554,0.941978712602562,0,0.735557187608669,1,29,7,2.55430225327468,5.54162614827106,2.55430225327468,2.55430225327468,5.54162614827106,2.55430225327468,0.373941999237162,0.394001134221667,0.373941999237162,0.404634259749431,0.420056653956548,0.404634259749431
-0.206721512170484,-0.297617811667289,0,1,0,-1.08061997930363,1.16693838992971,1,0.735557187608669,1,29,7,1.46465405507968,7.92639926097143,1.46465405507968,1.46465405507968,7.92639926097143,1.46465405507968,0.353142325044647,0.60330664146567,0.353142325044647,0.388473891040928,0.577883974345132,0.388473891040928
2.7012831234493,1.31430076941484,1,0,0,-0.567171975770073,1.31638850885796,0,0.735557187608669,1,29,7,2.64100018107504,6.47387888732832,2.64100018107504,2.64100018107504,6.47387888732832,2.64100018107504,0.337229174331557,0.372110324596531,0.337229174331557,0.375972930627052,0.403218497751344,0.375972930627052
10.4451727204773,12.2884267057547,0,1,1,0.0232014758772042,2.12043471652843,0,0.735557187608669,1,29,7,11.2220366790991,11.2220366790991,4.62579329204007,11.2220366790991,11.2220366790991,4.62579329204007,0.231074073874309,0.231074073874309,0.231028263825764,0.288061683731682,0.288061683731682,0.288021457779305
3.86990399485835,2.92390143975037,0,0,1,-0.0269543059274253,0.0327240227367897,0,0.735557187608669,1,29,7,4.53884189630324,4.53884189630324,2.43777103463917,4.53884189630324,4.53884189630324,2.43777103463917,0.414043766887346,0.414043766887346,0.413960437556147,0.435335996972215,0.435335996972215,0.435272703741757
4.36477641265301,4.38010878939774,0,0,1,0.110779354556278,0.447681914508547,0,0.735557187608669,1,29,7,5.42861534395637,5.42861534395637,3.12819624737833,5.42861534395637,5.42861534395637,3.12819624737833,0.406243362454014,0.406243362454014,0.4048442699757,0.429403158908439,0.429403158908439,0.428337261483484
13.119427842483,11.7496810961907,0,0,1,-0.762257394353792,2.30802838888986,1,0.735557187608669,1,29,7,13.669464267861,13.669464267861,3.2424692239395,13.669464267861,13.669464267861,3.2424692239395,0.352594153970522,0.352594153970522,0.203925231228262,0.388045360369292,0.388045360369292,0.263747364520823
4.92795823412364,3.62684992815546,1,0,0,0.711994351468628,0.106943149887121,0,0.735557187608669,1,29,7,3.9898874765816,6.10132431388938,3.9898874765816,3.9898874765816,6.10132431388938,3.9898874765816,0.413484960459083,0.472504135247653,0.413484960459083,0.434911518351368,0.47940371714065,0.434911518351368
3.28612250741217,2.89362330061595,1,0,1,0.00322417468146288,-1.18464815212803,0,0.735557187608669,1,29,7,4.78414706533247,4.78414706533247,1.28075582099212,4.78414706533247,4.78414706533247,1.28075582099212,0.351341452100865,0.351341452100865,0.351340328861044,0.387065525263425,0.387065525263425,0.387064646351695
-2.17949661438242,-2.0202513109488,0,0,0,-1.74756939729225,-0.174535601551628,0,0.735557187608669,1,29,7,-1.21071877237891,0.91974390383008,-1.21071877237891,-1.21071877237891,0.91974390383008,-1.21071877237891,0.412612664420971,0.749043896977079,0.412612664420971,0.434248745918397,0.694706786589467,0.434248745918397
5.53409191462773,4.12619725634373,0,1,1,0.596332096572635,-0.49775711574886,0,0.735557187608669,1,29,7,5.50162484743226,5.50162484743226,3.15386270115364,5.50162484743226,5.50162484743226,3.15386270115364,0.443689826584406,0.443689826584406,0.402688204086738,0.457754231787143,0.457754231787143,0.426693559859957
2.23445645014837,-0.00898916259224558,1,0,0,-0.973256487053527,1.16008092029796,0,0.735557187608669,1,29,7,1.67252356994813,5.11831131158749,1.67252356994813,1.67252356994813,5.11831131158749,1.67252356994813,0.353833855050162,0.461521319626732,0.353833855050162,0.389014288198627,0.471163423935688,0.389014288198627
3.97040409830821,-0.0508154069592164,1,1,0,-0.609055400490083,0.98948418455662,1,0.735557187608669,1,29,7,2.23032900733368,8.30940795882136,2.23032900733368,2.23032900733368,8.30940795882136,2.23032900733368,0.369881749153537,0.528738876039069,0.369881749153537,0.401494140189483,0.52152834184841,0.401494140189483
6.41937270016103,5.58628106088988,0,0,1,-0.402692820991245,0.833939540765001,0,0.735557187608669,1,29,7,5.28296468019108,5.28296468019108,2.48750952253974,5.28296468019108,5.28296468019108,2.48750952253974,0.400765320217736,0.400765320217736,0.382486771990689,0.425226473051833,0.425226473051833,0.411221632293454
3.86673704497222,1.08408641296614,1,0,0,0.213595490855143,-0.249052535596979,0,0.735557187608669,1,29,7,2.63709406987053,4.79912123535782,2.63709406987053,2.63709406987053,4.79912123535782,2.63709406987053,0.411166651920532,0.416398521197267,0.411166651920532,0.433149622456092,0.43712383151307,0.433149622456092
5.27630927297786,2.62028100772474,0,1,0,0.779736253019236,0.521489586339271,0,0.735557187608669,1,29,7,4.53991771613497,6.91186910479527,4.53991771613497,4.53991771613497,6.91186910479527,4.53991771613497,0.401587970756158,0.472133079226152,0.401587970756158,0.425854258764168,0.479125495729684,0.425854258764168
12.3650004333304,12.5115036365455,1,1,1,3.45583771920839,0.254258236546591,0,0.735557187608669,1,29,7,11.7895365495724,11.7895365495724,9.6248892987206,11.7895365495724,11.7895365495724,9.6248892987206,0.995793435232027,0.995793435232027,0.411046687580407,0.98936237345859,0.98936237345859,0.433058411878504
4.41773188581316,0.999313054570219,0,1,0,0.425937071423824,1.00101610318089,0,0.735557187608669,1,29,7,4.31184586978577,7.41387910861323,4.31184586978577,4.31184586978577,7.41387910861323,4.31184586978577,0.368868717740766,0.389079861605262,0.368868717740766,0.400709634955282,0.416286104265653,0.400709634955282
6.42732610527861,5.98730251413682,0,1,1,0.321606030933314,0.0111405791721715,0,0.735557187608669,1,29,7,5.21343237730032,5.21343237730032,3.11330826479603,5.21343237730032,5.21343237730032,3.11330826479603,0.425912215832949,0.425912215832949,0.414003871639076,0.444333387807885,0.444333387807885,0.435305694550199
6.20855105653515,7.41620103357226,1,1,1,-0.795204677999117,0.408520581511891,1,0.735557187608669,1,29,7,6.5439559147897,6.5439559147897,1.27706684927088,6.5439559147897,6.5439559147897,1.27706684927088,0.596785631411964,0.596785631411964,0.406373397584829,0.572905180599174,0.572905180599174,0.429502197812984
3.68777410887907,1.01441917997125,1,0,1,-1.5535814791789,-0.0148820628901874,0,0.735557187608669,1,29,7,1.43713207830512,1.43713207830512,-0.663089397490752,1.43713207830512,1.43713207830512,-0.663089397490752,0.688701261058556,0.688701261058556,0.413999404837161,0.644700078904793,0.644700078904793,0.435302301766852
4.5714162142353,3.18733547109945,1,1,0,0.274917828266154,1.06954648777333,0,0.735557187608669,1,29,7,4.07833776806287,7.32226745757114,4.07833776806287,4.07833776806287,7.32226745757114,4.07833776806287,0.362631212084274,0.370946473625968,0.362631212084274,0.395869707475351,0.402318219143517,0.395869707475351
6.06247127167937,6.91233406421744,1,0,1,-1.09597627296271,0.0119254128639124,1,-0.601844565128366,1,26,8,5.55789820183592,5.55789820183592,0.457755986363946,5.55789820183592,5.55789820183592,0.457755986363946,0.791085495860289,0.791085495860289,0.570572780462732,0.731708780795835,0.731708780795835,0.553008076436091
7.73699588880466,7.79124642297957,0,1,1,0.875388796670366,0.117218335563048,0,-0.601844565128366,1,26,8,6.6195191865214,6.6195191865214,4.50577904832923,6.6195191865214,6.6195191865214,4.50577904832923,0.655731242102812,0.655731242102812,0.569942914426609,0.618481028063259,0.618481028063259,0.552531961235035
1.08456432718081,3.55725081740658,0,1,0,-0.514994930346811,-0.0712780893751438,0,-0.601844565128366,1,26,8,1.53651516935668,3.64159573538165,1.53651516935668,1.53651516935668,3.64159573538165,1.53651516935668,0.570344057411212,0.600762034251378,0.570344057411212,0.552835175352739,0.575939624949778,0.552835175352739
5.42558132521914,6.99222490083367,1,1,0,0.793036084935355,0.564521999767881,0,-0.601844565128366,1,26,8,4.78837728906404,7.20706237728597,4.78837728906404,4.78837728906404,7.20706237728597,4.78837728906404,0.555764499832401,0.627474890411861,0.555764499832401,0.541834727387684,0.596460776774189,0.541834727387684
9.32792084977209,13.3291595370952,1,0,1,0.767400544026929,-0.283652178832257,1,-0.601844565128366,1,26,8,9.06939058720334,9.06939058720334,3.88893202864705,9.06939058720334,9.06939058720334,3.88893202864705,0.735552020627285,0.735552020627285,0.566849375659168,0.683251123241084,0.683251123241084,0.550194732639184
7.61856782887561,6.60897141413865,0,1,1,0.246409703900084,0.493612711411469,0,-0.601844565128366,1,26,8,5.96786874750407,5.96786874750407,3.62421523863708,5.96786874750407,5.96786874750407,3.62421523863708,0.566320259716236,0.566320259716236,0.559262000406232,0.549795166551005,0.549795166551005,0.54447011677311
4.68699108833851,9.5127845034649,1,0,1,0.203901869113304,-0.492705924796152,0,-0.601844565128366,1,26,8,4.89564006118514,4.89564006118514,2.5528809328559,4.89564006118514,4.89564006118514,2.5528809328559,0.564139278283045,0.564139278283045,0.55930365770836,0.548148753353518,0.548148753353518,0.544501518366574
8.64317590389811,10.5692544168208,1,1,1,1.47375353762465,-1.119577884707,0,-0.601844565128366,1,26,8,7.81916694989274,7.81916694989274,4.46571230996775,7.81916694989274,7.81916694989274,4.46571230996775,0.745991385953075,0.745991385953075,0.511854720152915,0.692099091543248,0.692099091543248,0.508876488017306
2.52641422515909,4.0266317342318,1,0,0,-0.209149409807588,0.515930644651674,0,-0.601844565128366,1,26,8,2.73541494446195,5.10159937455264,2.73541494446195,2.73541494446195,5.10159937455264,2.73541494446195,0.558212323482551,0.563302362297672,0.558212323482551,0.543678961167202,0.547517209100018,0.543678961167202
2.23478316329079,5.42989256597531,0,0,1,-1.25762322222137,-0.420404154593384,0,-0.601844565128366,1,26,8,1.9788721735887,1.9788721735887,-0.29786747961068,1.9788721735887,1.9788721735887,-0.29786747961068,0.731278768104728,0.731278768104728,0.562376394932852,0.679659277241864,0.679659277241864,0.546818617640445
3.09343277532234,5.87279588464448,1,0,1,-1.04909341800927,0.0975866283622597,0,-0.601844565128366,1,26,8,2.74670606180429,2.74670606180429,0.637182911769176,2.74670606180429,2.74670606180429,0.637182911769176,0.690803474827162,0.690803474827162,0.570138271668586,0.646394492428597,0.646394492428597,0.552679622806622
0.562884611966805,2.02338943701521,0,0,0,-0.925962092343642,-0.0987840529123059,0,-0.601844565128366,1,26,8,0.687074881825858,2.79683317093564,0.687074881825858,0.687074881825858,2.79683317093564,0.687074881825858,0.570127379104611,0.665590540549561,0.570127379104611,0.552671389409647,0.626255995718918,0.552671389409647
5.20240250441854,7.16043272349224,0,0,1,0.0814477709988367,-0.908895847323118,0,-0.601844565128366,1,26,8,4.81787447538121,4.81787447538121,1.8917828141,4.81787447538121,4.81787447538121,1.8917828141,0.532770308420266,0.532770308420266,0.531990506512739,0.52455220296466,0.52455220296466,0.52396718180079
8.08931145430903,9.25532772004244,1,1,1,2.19143026936704,-0.473870682944212,0,-0.601844565128366,1,26,8,8.87132639936932,8.87132639936932,6.54677297521531,8.87132639936932,8.87132639936932,6.54677297521531,0.9277130005806,0.9277130005806,0.560151445859297,0.876511081634667,0.876511081634667,0.545140653411939
2.94478694542553,6.39457502541531,0,0,1,-0.00662963239130716,-0.771362608499582,0,-0.601844565128366,1,26,8,4.54816151993453,4.54816151993453,1.85316124614325,4.54816151993453,4.54816151993453,1.85316124614325,0.542846633914669,0.542846633914669,0.542841482870217,0.53211732297303,0.53211732297303,0.532113452692544
6.80170790901922,11.4712564577259,1,1,1,-0.650455284764831,1.69288152680146,0,-0.601844565128366,1,26,8,7.99560194048288,7.99560194048288,3.02975407669724,7.99560194048288,7.99560194048288,3.02975407669724,0.48567554551491,0.48567554551491,0.436072442924537,0.489273791111285,0.489273791111285,0.452011018884201
6.37033058338181,8.45352867758448,1,0,1,-0.61348887071139,0.690042806661625,0,-0.601844565128366,1,26,8,4.67700725968975,4.67700725968975,2.10084818466429,4.67700725968975,4.67700725968975,2.10084818466429,0.591964264769517,0.591964264769517,0.548407298946788,0.569232123936828,0.569232123936828,0.536297386335254
8.91303038366982,8.82611985654034,1,0,1,-0.77677903409161,0.765365710531631,1,-0.601844565128366,1,26,8,7.53537543263145,7.53537543263145,1.84959076177386,7.53537543263145,7.53537543263145,1.84959076177386,0.717781479805073,0.717781479805073,0.54327346876727,0.66842101820126,0.66842101820126,0.532438040435043
3.26360588107722,4.26721116636963,0,0,0,-0.547112077413026,1.4151505214896,1,-0.601844565128366,1,26,8,2.958709486089,10.0613604845613,2.958709486089,2.958709486089,10.0613604845613,2.958709486089,0.476504596808303,0.627124910749703,0.476504596808303,0.482402638490434,0.596190220500979,0.482402638490434
7.55682698372551,9.07448277745011,1,1,1,0.129731084835994,1.30976858442517,0,-0.601844565128366,1,26,8,8.0225076182697,8.0225076182697,4.2070138735226,8.0225076182697,8.0225076182697,4.2070138735226,0.492031459352147,0.492031459352147,0.490045737265491,0.494033664879161,0.494033664879161,0.492546713760593
0.972463526416924,6.29848749984748,1,1,1,-1.99441187130216,-1.17835214555378,1,-0.601844565128366,1,26,8,3.95912101019854,3.95912101019854,-2.52939276873265,3.95912101019854,3.95912101019854,-2.52939276873265,0.917559944726922,0.917559944726922,0.50548063533874,0.863553896959687,0.863553896959687,0.504103456573221
-0.159044196595778,2.46578010811138,0,1,0,-2.09588356400784,1.73556823977978,0,-0.601844565128366,1,26,8,0.181584231189554,5.29378134612183,0.181584231189554,0.181584231189554,5.29378134612183,0.181584231189554,0.42928290039523,0.859081646884612,0.42928290039523,0.446882814335138,0.797395724917389,0.446882814335138
6.19501747905797,10.8505453649862,1,1,1,-0.450642480295628,0.193074971038106,1,-0.601844565128366,1,26,8,7.06685107431366,7.06685107431366,1.9295731298723,7.06685107431366,7.06685107431366,1.9295731298723,0.700009351850642,0.700009351850642,0.568852116545842,0.653850303018844,0.653850303018844,0.551707621405658
8.83372329564088,9.60577555457264,0,0,1,-1.45615971198932,1.45558271752994,1,-0.601844565128366,1,26,8,8.39976746054858,8.39976746054858,1.18104641297675,8.39976746054858,8.39976746054858,1.18104641297675,0.796729473767602,0.796729473767602,0.471039467456359,0.736851597505547,0.736851597505547,0.478305429969628
3.72932353992931,4.89724921519979,1,1,0,-0.433724432521008,0.158752293940741,0,-0.601844565128366,1,26,8,1.92908654832417,4.05428883915562,1.92908654832417,1.92908654832417,4.05428883915562,1.92908654832417,0.569411811192399,0.591065209023074,0.569411811192399,0.552130564453252,0.568547920236054,0.552130564453252
8.50639780974634,8.99483680209441,0,1,1,-0.154899797093918,-0.21748312051411,1,-0.601844565128366,1,26,8,7.25779931243206,7.25779931243206,2.1105004047235,7.25779931243206,7.25779931243206,2.1105004047235,0.681415936733001,0.681415936733001,0.568387527460483,0.638850413319778,0.638850413319778,0.551356594894804
9.94783422005488,9.1298825000375,1,1,1,0.322452166430734,0.786763775914676,1,0.679207766294598,0,25,9,8.90257838215809,8.90257838215809,3.18358114306657,8.90257838215809,8.90257838215809,3.18358114306657,0.635619182676786,0.635619182676786,0.508637625958416,0.602771021539593,0.602771021539593,0.506467342444298
3.54717019868569,1.49630984272337,0,1,0,-0.24506793917666,-0.762238701606,1,0.679207766294598,0,25,9,2.04854093185178,7.72954877007779,2.04854093185178,2.04854093185178,7.72954877007779,2.04854093185178,0.510430440563748,0.632462068970889,0.510430440563748,0.50780986748501,0.600321588109921,0.50780986748501
4.47059746839911,4.3561387317541,1,0,0,0.267040918208747,2.06400556213648,0,0.679207766294598,0,25,9,3.0727586466226,9.43287760715293,3.0727586466226,3.0727586466226,9.43287760715293,3.0727586466226,0.342066046758891,0.349717859338438,0.342066046758891,0.379786392330438,0.385794458728809,0.379786392330438
4.00065558999141,1.87700350844982,0,0,0,0.0729785342311076,-1.52235926642763,0,0.679207766294598,0,25,9,2.68463387866732,7.1022116147454,2.68463387866732,2.68463387866732,7.1022116147454,2.68463387866732,0.428911935268659,0.429528504152667,0.428911935268659,0.446602352254691,0.447068483185943,0.446602352254691
-0.282130958042601,-0.630333162518825,1,1,0,-1.11725242073396,-0.697318060751429,0,0.679207766294598,0,25,9,0.30417196873718,2.89042444658731,0.30417196873718,0.30417196873718,2.89042444658731,0.30417196873718,0.514900974226488,0.657003339383328,0.514900974226488,0.511158022663281,0.61948130982789,0.511158022663281
5.17894080428678,5.03562105090813,1,0,0,1.19757272575827,-1.02948531393298,0,0.679207766294598,0,25,9,4.93382226172164,8.09366227332533,4.93382226172164,4.93382226172164,8.09366227332533,4.93382226172164,0.487829038026768,0.652338222496133,0.487829038026768,0.490886667540676,0.615817043237687,0.490886667540676
2.72357216252467,4.22201947680531,0,1,0,0.283668436681336,-0.867875204181141,1,0.679207766294598,0,25,9,3.10601368356778,8.95922105360023,3.10601368356778,3.10601368356778,8.95922105360023,3.10601368356778,0.502302518088388,0.627109548521419,0.502302518088388,0.50172391007462,0.596178345654899,0.50172391007462
4.87068667320351,5.36082056400996,1,1,0,1.42848082653417,-1.32491396054514,0,0.679207766294598,0,25,9,5.39563846327345,9.25103546612087,5.39563846327345,5.39563846327345,9.25103546612087,5.39563846327345,0.455105690177277,0.686784236093913,0.455105690177277,0.466343865867672,0.643157488861515,0.466343865867672
3.58696685584038,3.21839019701145,0,0,1,-0.309748475779031,0.32301397368032,0,0.679207766294598,0,25,9,4.12351788583979,4.12351788583979,1.91917985864704,4.12351788583979,4.12351788583979,1.91917985864704,0.544148729894418,0.544148729894418,0.532889654203423,0.533095770731938,0.533095770731938,0.524641743331226
0.951387246179168,3.32130407516443,0,0,0,-0.143749052885197,1.42030199043562,0,0.679207766294598,0,25,9,2.25117870443471,6.36843644847008,2.25117870443471,2.25117870443471,6.36843644847008,2.25117870443471,0.442866712334193,0.445276429054788,0.442866712334193,0.457134119977379,0.458949221335529,0.457134119977379
2.06966012469652,1.6317587732909,1,0,0,-0.519316149126957,-0.661346776133344,1,0.679207766294598,0,25,9,1.50004451195119,7.03742407025316,1.50004451195119,1.50004451195119,7.03742407025316,1.50004451195119,0.517205941954148,0.661371695136107,0.517205941954148,0.512884620786169,0.622922688366185,0.512884620786169
3.26886576307142,2.95148955882594,1,1,0,-0.15675181325323,0.633091088223401,0,0.679207766294598,0,25,9,2.22517318369864,4.72597750968653,2.22517318369864,2.22517318369864,4.72597750968653,2.22517318369864,0.518930469562593,0.521825814848869,0.518930469562593,0.514176594908778,0.516346089593947,0.514176594908778
-0.271512545069699,0.0123459969088351,0,0,0,-1.21834809396115,-0.451117092311869,1,0.679207766294598,0,25,9,0.101980622282805,5.40548725325872,0.101980622282805,0.101980622282805,5.40548725325872,0.101980622282805,0.528224697016129,0.784733123518367,0.528224697016129,0.521142772029091,0.725974720465831,0.521142772029091
12.8760603793555,13.5869128423311,0,0,1,0.884288832412135,-2.41938174113143,0,0.679207766294598,0,25,9,12.2606624843495,12.2606624843495,4.30725447502937,12.2606624843495,12.2606624843495,4.30725447502937,0.357665253473695,0.357665253473695,0.277449078556806,0.392004279118654,0.392004279118654,0.32762574159836
0.588937187543661,0.676431831540462,0,0,0,-1.11777787513831,2.04155670204705,0,0.679207766294598,0,25,9,0.303121059928489,6.57107482760173,0.303121059928489,0.303121059928489,6.57107482760173,0.303121059928489,0.346012346146626,0.488558249261192,0.346012346146626,0.382888650769707,0.491432778195849,0.382888650769707
1.23789146566609,0.696659460799559,1,0,0,-1.25723652803093,-0.189451122861157,1,0.679207766294598,0,25,9,0.0242037541432458,5.1600954820966,0.0242037541432458,0.0242037541432458,5.1600954820966,0.0242037541432458,0.536106269882096,0.797686887036761,0.536106269882096,0.527055568139319,0.737728650480196,0.527055568139319
10.5488625819125,11.082274538854,1,1,1,-0.184772935841408,-1.9641228425978,1,0.679207766294598,0,25,9,11.1269094793367,11.1269094793367,2.16913093852229,11.1269094793367,11.1269094793367,2.16913093852229,0.477804699357691,0.477804699357691,0.359440316598556,0.483377009784519,0.483377009784519,0.393387232783906
2.23074644048086,4.4853143371222,1,1,0,0.0793186476549009,-2.39521488155362,0,0.679207766294598,0,25,9,2.69731410551491,10.5343684343308,2.69731410551491,2.69731410551491,10.5343684343308,2.69731410551491,0.28191810163374,0.28252542781054,0.28191810163374,0.331330531968464,0.33183271558104,0.331330531968464
-0.590205637354142,1.16021498250242,1,1,0,-1.38147411760287,1.1689931871446,0,0.679207766294598,0,25,9,-0.224271425000637,3.24227364658986,-0.224271425000637,-0.224271425000637,3.24227364658986,-0.224271425000637,0.47337155276432,0.689177581653605,0.47337155276432,0.480054072828347,0.645083741185974,0.480054072828347
4.42517804660844,4.28877351890254,1,0,0,1.22276789864918,0.63160235339433,0,0.679207766294598,0,25,9,4.98421260750346,7.48313414031671,4.98421260750346,4.98421260750346,7.48313414031671,4.98421260750346,0.519019232254182,0.686497263722009,0.519019232254182,0.514243098021257,0.642926775936645,0.514243098021257
3.57869466495777,5.61766526361626,1,1,0,0.871750594162408,1.21474629061592,0,0.679207766294598,0,25,9,4.28217799852992,7.85778654909505,4.28217799852992,4.28217799852992,7.85778654909505,4.28217799852992,0.468239544653503,0.557644568553923,0.468239544653503,0.476205388997292,0.543251115156482,0.476205388997292
0.126661991273465,-0.412112557851406,0,1,0,-0.828133255128114,-0.562123199439124,1,0.679207766294598,0,25,9,0.882410299948876,6.29839279129655,0.882410299948876,0.882410299948876,6.29839279129655,0.882410299948876,0.522928113361783,0.708946475070197,0.522928113361783,0.517172181480049,0.661147027085714,0.517172181480049
2.83058859882459,3.00685024255186,0,1,0,0.187583017777878,1.90049757152747,0,0.679207766294598,0,25,9,2.91384284576086,8.62573386514268,2.91384284576086,2.91384284576086,8.62573386514268,2.91384284576086,0.370237783254184,0.374131585976287,0.370237783254184,0.401769757563228,0.404780721472848,0.401769757563228
7.83308988055626,4.6926662883487,0,0,0,0.899073609008627,-1.54401870181242,0,0.679207766294598,0,25,9,4.33682402822236,8.82081777976887,4.33682402822236,4.33682402822236,8.82081777976887,4.33682402822236,0.425839549143931,0.520704939158448,0.425839549143931,0.44427839913192,0.515506153876623,0.44427839913192
0.491906441438063,1.97120049148933,1,1,0,-0.64938794491638,-0.0981959478054918,0,0.679207766294598,0,25,9,1.23990092037234,3.34954336453776,1.23990092037234,1.23990092037234,3.34954336453776,1.23990092037234,0.537339103537934,0.586343979076634,0.537339103537934,0.527980997319345,0.564958525793767,0.527980997319345
3.33075576954074,6.97508780386686,1,1,1,-0.756054032985596,1.01941338789583,0,0.861154609735475,0,26,10,3.8855083275814,3.8855083275814,0.74630467216015,3.8855083275814,3.8855083275814,0.74630467216015,0.534737423140678,0.534737423140678,0.46737140506422,0.526028226440081,0.526028226440081,0.475554110399084
4.81417541347801,5.52814441496021,0,1,1,-0.483168671781623,0.567956014674689,0,0.861154609735475,0,26,10,3.71464942917325,3.71464942917325,1.2920753945681,3.71464942917325,3.71464942917325,1.2920753945681,0.528680994826818,0.528680994826818,0.501158482217575,0.521484937104984,0.521484937104984,0.500867359178384
5.07062926566696,5.94827087727828,1,1,0,0.590498914108046,-0.273165937446025,0,0.861154609735475,0,26,10,3.43941056634743,5.6140301957282,3.43941056634743,3.43941056634743,5.6140301957282,3.43941056634743,0.512861433427201,0.553817938838294,0.512861433427201,0.509630440986857,0.540368853479664,0.509630440986857
10.955337150817,9.89371423172677,0,0,1,0.675663456165569,0.758376016859867,1,0.861154609735475,0,26,10,9.28487383341072,9.28487383341072,3.60973965046248,9.28487383341072,9.28487383341072,3.60973965046248,0.656015882762119,0.656015882762119,0.489236984457885,0.618704775799242,0.618704775799242,0.491941071284127
4.20030122712567,8.63655751606422,1,1,0,0.889913045168668,-1.08045622176239,0,0.861154609735475,0,26,10,4.03823882846868,7.30562447561374,4.03823882846868,4.03823882846868,7.30562447561374,4.03823882846868,0.46134942308267,0.554535641500728,0.46134942308267,0.471034354919647,0.54090925491567,0.471034354919647
11.0845138236067,10.8292469851712,1,1,1,1.14561598885392,0.204061094785884,1,0.861154609735475,0,26,10,9.6912856462444,9.6912856462444,4.54964471583919,9.6912856462444,9.6912856462444,4.54964471583919,0.760406826096763,0.760406826096763,0.51441721686091,0.704500637463246,0.704500637463246,0.510795681315976
6.93936029667064,7.98327960230909,1,1,1,0.045894320396495,0.620653419489715,0,0.861154609735475,0,26,10,4.83541204604861,4.83541204604861,2.35020137892433,4.83541204604861,4.83541204604861,2.35020137892433,0.498450072226266,0.498450072226266,0.498201486042636,0.498839555568603,0.498839555568603,0.498653436756302
5.7023416095949,4.86622195614672,0,0,1,-0.481840849873589,-0.227756680454372,0,0.861154609735475,0,26,10,3.44660414387576,3.44660414387576,1.29473103838416,3.44660414387576,3.44660414387576,1.29473103838416,0.541249804640719,0.541249804640719,0.513934536989836,0.530917688050477,0.530917688050477,0.510434156711687
8.35075802896317,8.80025791662385,0,1,1,-0.366691705037324,-1.09529420296522,1,0.861154609735475,0,26,10,7.82469871910591,7.82469871910591,1.52502932805669,7.82469871910591,7.82469871910591,1.52502932805669,0.592614102784943,0.592614102784943,0.459834360223914,0.569726805956282,0.569726805956282,0.469896620702759
4.95446720624497,7.36001127264202,1,1,1,-0.323486385364039,0.795647097777473,0,0.861154609735475,0,26,10,4.34449427160498,4.34449427160498,1.61143996740326,4.34449427160498,4.34449427160498,1.61143996740326,0.49885130930193,0.49885130930193,0.486504178600146,0.499139964976468,0.499139964976468,0.489894423936811
0.827651297988018,2.27750582561201,1,1,0,-1.28221407335065,-0.502324403922666,0,0.861154609735475,0,26,10,-0.306015408569959,2.0463143982063,-0.306015408569959,-0.306015408569959,2.0463143982063,-0.306015408569959,0.504474522090293,0.689110512210862,0.504474522090293,0.503350138213067,0.645029709584018,0.503350138213067
0.656557328615869,2.00984905943487,1,1,1,-3.38116343363303,-1.15723833780856,0,0.861154609735475,0,26,10,-1.06471355864079,-1.06471355864079,-4.50391412913471,-1.06471355864079,-1.06471355864079,-4.50391412913471,0.995476787911028,0.995476787911028,0.45329468031194,0.988610276042129,0.988610276042129,0.464982458028798
0.963200439249804,2.29590518867627,1,1,0,-0.588069515883862,0.671408361321058,1,0.861154609735475,0,26,10,1.08227370636362,6.63306289401545,1.08227370636362,1.08227370636362,6.63306289401545,1.08227370636362,0.49510573869597,0.64946337541897,0.49510573869597,0.496335580703187,0.613564389109213,0.496335580703187
6.93737106638503,6.66444623624421,1,1,1,-0.946365296244221,-0.74348985650736,1,0.861154609735475,0,26,10,6.01845931237223,6.01845931237223,0.3656821456429,6.01845931237223,6.01845931237223,0.3656821456429,0.702335480546579,0.702335480546579,0.490292012796485,0.655743757961145,0.655743757961145,0.492731135816632
1.16188125799105,3.0525745851494,0,1,0,-0.472464338219348,0.161207201232416,0,0.861154609735475,0,26,10,1.31348406169265,3.43947182342183,1.31348406169265,1.31348406169265,3.43947182342183,1.31348406169265,0.515155570091152,0.541414673873582,0.515155570091152,0.511348722705104,0.531041533470862,0.511348722705104
7.65246768200466,10.3523883031916,1,0,1,0.827693586888087,-1.48422479665045,0,0.861154609735475,0,26,10,8.21672315889959,8.21672315889959,3.91379991190752,8.21672315889959,8.21672315889959,3.91379991190752,0.493243950839511,0.493243950839511,0.413233661904099,0.494941558508782,0.494941558508782,0.43472060146974
2.0534215057856,4.9786183195588,0,1,1,-0.470578298895279,0.0462332935628961,0,0.861154609735475,0,26,10,3.41939365777446,3.41939365777446,1.31725614034078,3.41939365777446,3.41939365777446,1.31725614034078,0.542324583983982,0.542324583983982,0.516280453735481,0.531725093097767,0.531725093097767,0.512191329265132
5.95183758033651,8.45366363076389,1,1,1,-0.558110315811447,0.199165392149741,1,0.861154609735475,0,26,10,6.28185895993861,6.28185895993861,1.14219210650845,6.28185895993861,6.28185895993861,1.14219210650845,0.663381173658263,0.663381173658263,0.514510336587358,0.624509165441769,0.624509165441769,0.510865428588806
9.88223497050873,11.3016339658338,1,1,1,0.426885429660602,0.852098612254274,1,0.861154609735475,0,26,10,8.9382556424582,8.9382556424582,3.11218359745254,8.9382556424582,8.9382556424582,3.11218359745254,0.619401924990809,0.619401924990809,0.482117058179435,0.59023203407046,0.59023203407046,0.486608198953777
6.27401815361755,4.96275449044408,1,1,1,-0.332250849658816,-0.759045941494762,0,0.861154609735475,0,26,10,4.27006178011338,4.27006178011338,1.59391103881371,4.27006178011338,4.27006178011338,1.59391103881371,0.502215942826302,0.502215942826302,0.489189015137393,0.501659090076149,0.501659090076149,0.491905148366183
10.3473411043703,11.3574212700417,0,1,1,-0.197718727305875,2.30831861669677,0,0.861154609735475,0,26,10,9.2913101197085,9.2913101197085,1.86297528351959,9.2913101197085,9.2913101197085,1.86297528351959,0.283912747710221,0.283912747710221,0.280140609218253,0.332978721636357,0.332978721636357,0.329859009471363
3.89869363440247,4.43393298062968,0,0,1,-0.81619861087129,-0.0115168838150712,0,0.861154609735475,0,26,10,2.72614815500157,2.72614815500157,0.626015516388762,2.72614815500157,2.72614815500157,0.626015516388762,0.593929986474719,0.593929986474719,0.516375005736578,0.570728869657431,0.570728869657431,0.512262157135868
2.9422429119706,4.52071184952499,1,1,1,-1.43507046080472,-0.662139467394705,0,0.861154609735475,0,26,10,1.92670049080365,1.92670049080365,-0.611728183478098,1.92670049080365,1.92670049080365,-0.611728183478098,0.722773570537456,0.722773570537456,0.495689217606599,0.672559271509312,0.672559271509312,0.496772452293387
9.43800911511669,8.83800684431982,0,1,1,0.499097249495105,-0.738804068909451,1,0.861154609735475,0,26,10,8.90243868935871,8.90243868935871,3.25660723712155,8.90243868935871,8.90243868935871,3.25660723712155,0.63478947296424,0.63478947296424,0.490619798475849,0.602126883102048,0.602126883102048,0.49297659367075
8.24810610052155,7.28560578692153,0,0,1,0.883019182848726,-0.110703510853325,0,0.861154609735475,0,26,10,6.13670637114405,6.13670637114405,4.02445110382879,6.13670637114405,6.13670637114405,4.02445110382879,0.606267231402825,0.606267231402825,0.515803274183298,0.580148747745992,0.580148747745992,0.51183388562434
0.842654787424898,4.06971568962595,0,1,0,-0.884939045515687,1.56443440930791,0,0.861154609735475,0,26,10,0.488534647099968,5.03598966812655,0.488534647099968,0.488534647099968,5.03598966812655,0.488534647099968,0.402065569514183,0.49327082348928,0.402065569514183,0.426218633893595,0.494961679963099,0.426218633893595
-2.96707536770082,0.712934965153425,0,1,0,-0.327852152964371,-0.660697772412085,0,-1.6271154495087,1,27,11,-0.963906764370727,1.57261478209957,-0.963906764370727,-0.963906764370727,1.57261478209957,-0.963906764370727,0.665290433396219,0.676557137980083,0.665290433396219,0.626018558864231,0.634967742467075,0.626018558864231
-2.22770605218221,1.79365449732653,0,1,0,-1.20263002674064,2.56866078705058,0,-1.6271154495087,1,27,11,0.515896047539395,9.2139142864707,0.515896047539395,0.515896047539395,9.2139142864707,0.515896047539395,0.382670970130885,0.551078235035811,0.382670970130885,0.411363334129621,0.538306700946057,0.411363334129621
0.236551019344884,1.25007732936652,1,1,0,0.0198948438555648,-0.156339851511421,0,-1.6271154495087,1,27,11,0.23594515016981,2.36038729934042,0.23594515016981,0.23594515016981,2.36038729934042,0.23594515016981,0.682489769004578,0.682530523525775,0.682489769004578,0.639710494743594,0.639743151247699,0.639710494743594
3.54953141202395,5.21626739811869,1,1,1,1.31964972680622,-0.427506186645116,0,-1.6271154495087,1,27,11,4.84705012055727,4.84705012055727,2.56428858093743,4.84705012055727,4.84705012055727,2.56428858093743,0.827583534239946,0.827583534239946,0.675934977895425,0.765866408482102,0.765866408482102,0.634471616368472
-0.695115159840727,0.0704049442539247,0,1,0,-0.277473365302593,0.217221672442248,0,-1.6271154495087,1,27,11,0.014770255807164,2.16195551078577,0.014770255807164,0.014770255807164,2.16195551078577,0.014770255807164,0.681552323581353,0.689441069568318,0.681552323581353,0.638959611521653,0.645296037881939,0.638959611521653
2.98732931950865,4.27396350140355,0,1,1,0.210922450681927,-0.97469449695212,0,-1.6271154495087,1,27,11,2.84967508077058,2.84967508077058,-0.200354281618165,2.84967508077058,2.84967508077058,-0.200354281618165,0.648084445744877,0.648084445744877,0.643259714236316,0.612485328458358,0.612485328458358,0.608716931332788
-0.568494518892746,-0.0410171685277536,0,1,0,-0.238333287884445,0.542978479811612,0,-1.6271154495087,1,27,11,0.418807218012824,2.81363284755135,0.418807218012824,0.418807218012824,2.81363284755135,0.418807218012824,0.671254848900379,0.677179849393571,0.671254848900379,0.630746954223183,0.635464542642455,0.630746954223183
-2.62788684602467,-1.40916213305415,0,1,0,-0.881690762100922,0.0730349659527018,0,-1.6271154495087,1,27,11,-1.33785124427904,0.767482861972671,-1.33785124427904,-1.33785124427904,0.767482861972671,-1.33785124427904,0.683276288376745,0.757583023063308,0.683276288376745,0.640340916991605,0.702053627496372,0.640340916991605
-2.5851785328088,-1.40191634747863,1,1,0,-1.44785512871716,1.54563942714519,0,-1.6271154495087,1,27,11,-0.997575516319035,3.49142572242668,-0.997575516319035,-0.997575516319035,3.49142572242668,-0.997575516319035,0.578627399861971,0.78828224804558,0.578627399861971,0.559104118669085,0.729171461463439,0.559104118669085
-0.973418254166727,0.914977248258622,1,1,0,-0.0326084609120941,-0.861483260994947,0,-1.6271154495087,1,27,11,-0.574204868849034,2.26794854012545,-0.574204868849034,-0.574204868849034,2.26794854012545,-0.574204868849034,0.652254050999604,0.652368415270702,0.652254050999604,0.615751030656271,0.615840723170279,0.615751030656271
-1.12905478128202,1.9889906388274,1,1,1,-0.849595496377216,-0.0965323935469491,0,-1.6271154495087,1,27,11,0.666090430672623,0.666090430672623,-1.44322807233128,0.666090430672623,0.666090430672623,-1.44322807233128,0.752527218819784,0.752527218819784,0.683112366383079,0.697694335595918,0.697694335595918,0.640209495466934
-1.59834839398471,0.892624754532235,1,1,0,-0.841095945553792,0.154328324855043,1,-1.6271154495087,1,27,11,-1.17536825228244,3.94844897957012,-1.17536825228244,-1.17536825228244,3.94844897957012,-1.17536825228244,0.682515507463021,0.829608839938953,0.682515507463021,0.639731118788774,0.767830158811591,0.639731118788774
-2.73268539989499,-0.0231125398697473,1,1,0,-0.210874821489994,0.142668076680111,0,-1.6271154495087,1,27,11,0.0734137476702237,2.19376792777383,0.0734137476702237,0.0734137476702237,2.19376792777383,0.0734137476702237,0.682658120758806,0.687218743635906,0.682658120758806,0.639845401421165,0.643506916040586,0.639845401421165
-1.27433702827156,0.285189852130618,1,1,0,0.0773446257792284,-0.75619124261686,0,-1.6271154495087,1,27,11,-0.249006677088302,2.42281851832213,-0.249006677088302,-0.249006677088302,2.42281851832213,-0.249006677088302,0.659547548808466,0.660184568031659,0.659547548808466,0.621484406909818,0.621986475169016,0.621484406909818
1.04533350298294,1.18952070753196,0,1,0,-1.18135539404495,2.32147145438532,0,-1.6271154495087,1,27,11,0.311255980265521,7.80048569379139,0.311255980265521,0.311255980265521,7.80048569379139,0.311255980265521,0.437922719550087,0.60098801040641,0.437922719550087,0.453407007229865,0.576112213640156,0.453407007229865
-1.21249723054809,-0.495951188184858,0,1,0,-0.870791389425132,0.753834841095194,0,-1.6271154495087,1,27,11,-0.635252623784969,2.03301434386405,-0.635252623784969,-0.635252623784969,2.03301434386405,-0.635252623784969,0.659699159360283,0.735507598415206,0.659699159360283,0.621603879648225,0.683213697230595,0.621603879648225
1.6907955935033,3.00480916720793,1,1,1,-0.317544028265697,-0.0235818730703849,0,-1.6271154495087,1,27,11,1.79438148910583,1.79438148910583,-0.306174615631678,1.79438148910583,1.79438148910583,-0.306174615631678,0.69375080195889,0.69375080195889,0.683472802643039,0.64877510907426,0.64877510907426,0.640498491348367
-3.21423581515437,-0.407754772228451,0,1,0,-0.862746058244323,0.270546690783618,0,-1.6271154495087,1,27,11,-1.10245011173493,1.07074540015904,-1.10245011173493,-1.10245011173493,1.07074540015904,-1.10245011173493,0.680478483420182,0.752257097772266,0.680478483420182,0.638100156258809,0.697462202546299,0.638100156258809
-3.74389565504619,-3.86095625964445,0,1,0,-1.6539337356357,-0.523150227189537,0,-1.6271154495087,1,27,11,-3.47852238449084,-1.10483622428238,-3.47852238449084,-3.47852238449084,-1.10483622428238,-3.47852238449084,0.672140221714284,0.884209994232824,0.672140221714284,0.631450585528342,0.82435659024241,0.631450585528342
-2.48501225307822,-1.8849435460097,1,1,0,-1.12697649947365,-0.285701244577661,0,-1.6271154495087,1,27,11,-2.18715892955487,-0.00553372840164079,-2.18715892955487,-2.18715892955487,-0.00553372840164079,-2.18715892955487,0.680130067535516,0.795933238745836,0.680130067535516,0.637821453998655,0.736123235644862,0.637821453998655
-0.182150903037722,2.20312602915256,0,1,1,-0.333912634800575,0.489889001409364,0,-1.6271154495087,1,27,11,2.51455027948018,2.51455027948018,0.174559045778314,2.51455027948018,2.51455027948018,0.174559045778314,0.685087158361153,0.685087158361153,0.673549028372525,0.641793893341568,0.641793893341568,0.632571150423057
-1.637942842539,2.14740420133206,1,1,0,-0.150842210475651,-0.848803502193204,1,-1.6271154495087,1,27,11,-0.797992609174406,5.02247477616104,-0.797992609174406,-0.797992609174406,5.02247477616104,-0.797992609174406,0.653186534579828,0.753991947378869,0.653186534579828,0.616482540355564,0.698954431020589,0.616482540355564
1.35184594575523,4.0174252985535,0,1,0,0.865448946560733,0.636616257151692,0,-1.6271154495087,1,27,11,2.72000946424326,5.22528972311309,2.72000946424326,2.72000946424326,5.22528972311309,2.72000946424326,0.666609900573332,0.740668486589531,0.666609900573332,0.627062860306297,0.687574336489,0.627062860306297
3.70676645034986,7.74412669913321,1,0,1,-0.354790500031086,0.627642401088876,1,-1.6271154495087,1,27,11,5.76449169864141,5.76449169864141,0.270556714996805,5.76449169864141,5.76449169864141,0.270556714996805,0.774153591340826,0.774153591340826,0.667088449496054,0.716545256404951,0.716545256404951,0.627441851286179
2.52015432270706,5.65699504343163,0,1,1,0.243912409988567,0.605861602740553,0,-1.6271154495087,1,27,11,3.91325001836314,3.91325001836314,1.44618173668779,3.91325001836314,3.91325001836314,1.44618173668779,0.674452907314637,0.674452907314637,0.66822038518273,0.633290712506002,0.633290712506002,0.628338810285669
-1.02440216087825,1.17069899223442,0,1,0,-0.133095522731189,1.52183472365056,0,-1.6271154495087,1,27,11,1.60813899215829,6.02411991826687,1.60813899215829,1.60813899215829,6.02411991826687,1.60813899215829,0.581989839143649,0.584025610798755,0.581989839143649,0.561653333361009,0.563198078063714,0.561653333361009
4.54056937159696,5.07956862921728,0,0,0,1.19178325718297,2.31999357432355,0,-1.6271154495087,1,27,11,5.05605540265958,12.5384255875622,5.05605540265958,5.05605540265958,12.5384255875622,5.05605540265958,0.438241819509951,0.604102345988623,0.438241819509951,0.453647696694814,0.578492392565059,0.453647696694814
-3.3112145339056,-1.21459389411156,0,1,0,-0.137437437646578,0.936777095530659,1,1.95825103981856,1,28,12,-0.172844914712965,5.80470641199789,-0.172844914712965,-0.172844914712965,5.80470641199789,-0.172844914712965,0.250685313263895,0.352046347732724,0.250685313263895,0.305061417056479,0.387616971444466,0.305061417056479
2.86238573621022,3.76621974145646,1,1,1,-1.15277814831116,0.608268276103653,1,1.95825103981856,1,28,12,2.93795514024498,2.93795514024498,-2.53203515546913,2.93795514024498,2.93795514024498,-2.53203515546913,0.526254675499865,0.526254675499865,0.269332751005408,0.519665698870056,0.519665698870056,0.320853355263715
2.50961865269843,0.668398901090093,0,0,1,0.900509604427608,-0.858847594161739,0,1.95825103981856,1,28,12,2.94504366974042,2.94504366974042,0.107424479743009,2.94504366974042,2.94504366974042,0.107424479743009,0.335780522764191,0.335780522764191,0.255742870985408,0.374828344911181,0.374828344911181,0.309378220683902
-0.373425137978553,-0.665561332301266,1,0,0,-0.228751716632521,0.655274039926382,0,1.95825103981856,1,28,12,-0.636976528289128,1.89240753911231,-0.636976528289128,-0.636976528289128,1.89240753911231,-0.636976528289128,0.267107805106036,0.272023202088692,0.267107805106036,0.318986549335675,0.323104750595268,0.318986549335675
6.0466202138136,6.2543674579433,0,0,1,0.441889594202147,0.390353550604282,1,1.95825103981856,1,28,12,5.69176149852748,5.69176149852748,0.439385604058107,5.69176149852748,5.69176149852748,0.439385604058107,0.403909081169762,0.403909081169762,0.277579988820702,0.427624475559958,0.427624475559958,0.327734505061497
-3.07110794084039,-2.73875117268744,0,0,1,-1.34177669906675,-0.593342354131984,0,1.95825103981856,1,28,12,-1.65958773800907,-1.65958773800907,-4.11164288721596,-1.65958773800907,-1.65958773800907,-4.11164288721596,0.464801299448961,0.464801299448961,0.270006821264987,0.47362559195764,0.47362559195764,0.321418034539419
-4.24061818601422,-2.58051687580875,0,0,0,-1.08820445597343,-0.63477692271462,0,1.95825103981856,1,28,12,-3.64593296961196,-1.14299122800091,-3.64593296961196,-3.64593296961196,-1.14299122800091,-3.64593296961196,0.268096973228962,0.391298961393716,0.268096973228962,0.319817053896679,0.417987317857267,0.319817053896679
1.01944208306827,-0.152318372129904,0,0,1,0.0412375625055602,-1.49097351815465,0,1.95825103981856,1,28,12,2.07975650374445,2.07975650374445,-2.24324552809399,2.07975650374445,2.07975650374445,-2.24324552809399,0.205537123445069,0.205537123445069,0.20540374199278,0.265219321632522,0.265219321632522,0.265097664642513
-0.626074721524743,-3.12448344874629,1,0,0,-0.222065523328416,0.363550085619982,1,1.95825103981856,1,28,12,-0.91532809598732,4.31684056876698,-0.91532809598732,-0.91532809598732,4.31684056876698,-0.91532809598732,0.278353332610672,0.388308807760623,0.278353332610672,0.328376720308026,0.415694605228294,0.328376720308026
-1.84713845854015,-0.73519253108802,1,0,1,-0.381549185715787,-0.284399438509644,0,1.95825103981856,1,28,12,0.298638095732914,0.298638095732914,-1.88224494489169,0.298638095732914,0.298638095732914,-1.88224494489169,0.294521563246393,0.294521563246393,0.280321753415033,0.341691558055279,0.341691558055279,0.330009092731707
7.06677439842307,6.46310086494997,1,1,1,1.24087238347577,-0.381093713834965,1,1.95825103981856,1,28,12,6.51113633689062,6.51113633689062,1.2659039181661,6.51113633689062,6.51113633689062,1.2659039181661,0.561477596632809,0.561477596632809,0.277853229229673,0.546140673994033,0.546140673994033,0.327961472825184
-2.13688905001604,-1.25679789937556,1,1,1,-1.0143134307708,-1.03155437572136,0,1.95825103981856,1,28,12,-0.730823942143532,-0.730823942143532,-3.89492837221343,-0.730823942143532,-0.730823942143532,-3.89492837221343,0.345082233584519,0.345082233584519,0.244043027399288,0.382158190089529,0.382158190089529,0.299351438540817
9.96038478302494,8.19528202298458,1,1,1,1.5764197597381,0.67120498750694,1,1.95825103981856,1,28,12,8.53981350728687,8.53981350728687,2.98929737203267,8.53981350728687,8.53981350728687,2.98929737203267,0.654014755049535,0.654014755049535,0.266318888565322,0.617132623937783,0.617132623937783,0.318323530063541
3.02603257676852,2.6434211322905,1,0,1,0.937054571797042,0.535649522914394,0,1.95825103981856,1,28,12,3.96193194295643,3.96193194295643,1.57501153155801,3.96193194295643,3.96193194295643,1.57501153155801,0.362432042500489,0.362432042500489,0.272463389542199,0.395714888012213,0.395714888012213,0.32347248810649
-1.61145453569112,-1.81091130172053,0,0,0,-1.40138126126861,1.41353116440755,0,1.95825103981856,1,28,12,-2.22397849308014,1.87409185967121,-2.22397849308014,-2.22397849308014,1.87409185967121,-2.22397849308014,0.212545772838797,0.407366578770305,0.212545772838797,0.271575898425692,0.430258479349896,0.271575898425692
0.42147890790905,-0.404272932084129,1,0,1,-0.0122683655387058,-0.457401359124028,0,1.95825103981856,1,28,12,0.9925307781766,0.9925307781766,-1.31668522515191,0.9925307781766,0.9925307781766,-1.31668522515191,0.27542582378864,0.27542582378864,0.275411501555735,0.325942902594515,0.325942902594515,0.325930977517142
1.80588387420584,-1.23860341711098,0,0,1,-0.257356494096208,-0.706261474224675,0,1.95825103981856,1,28,12,0.543083672606452,0.543083672606452,-2.05572159736756,0.543083672606452,0.543083672606452,-2.05572159736756,0.270715649986527,0.270715649986527,0.264521484186006,0.322011389609273,0.322011389609273,0.316810801207675
3.41719140423779,3.21104484161472,0,0,1,0.0966430889433721,-1.83176011821215,0,1.95825103981856,1,28,12,2.98212405539672,2.98212405539672,-2.47322107527588,2.98212405539672,2.98212405539672,-2.47322107527588,0.172722218720412,0.172722218720412,0.17207910290741,0.234429359436489,0.234429359436489,0.233807030394834
-0.06824443273813,-0.407405339870545,1,0,1,-0.0100948481238564,-0.350622558233545,0,1.95825103981856,1,28,12,1.01737678891051,1.01737678891051,-1.20555938943173,1.01737678891051,1.01737678891051,-1.20555938943173,0.278716853408586,0.278716853408586,0.278707087991859,0.32867842691262,0.32867842691262,0.328670323499758
1.31057130362065,3.40662837754279,1,0,1,0.886415189631281,0.0685792810559554,0,1.95825103981856,1,28,12,3.1113656431582,3.1113656431582,1.00666252536805,3.1113656431582,3.1113656431582,1.00666252536805,0.364684643117486,0.364684643117486,0.283260641833456,0.397464882543016,0.397464882543016,0.332440240812854
1.27679032235725,3.431844571291,1,1,1,-0.92095999291042,-0.124462220834274,1,1.95825103981856,1,28,12,2.31436150280942,2.31436150280942,-2.80112934160558,2.31436150280942,2.31436150280942,-2.80112934160558,0.486279653725354,0.486279653725354,0.282843385773925,0.489726261128391,0.489726261128391,0.332095506401626
-1.85657745620338,-2.78277781042022,0,1,1,-1.25764096575171,-1.2338669063507,0,1.95825103981856,1,28,12,-0.961468430217143,-0.961468430217143,-4.58389597280459,-0.961468430217143,-0.961468430217143,-4.58389597280459,0.385641781831133,0.385641781831133,0.228217518458661,0.413647061810343,0.413647061810343,0.285548468003358
0.317310585717114,0.599373900481125,0,1,0,0.750680391973693,-0.438678704177884,0,1.95825103981856,1,28,12,0.227934944819034,2.52037395031822,0.227934944819034,0.227934944819034,2.52037395031822,0.227934944819034,0.276050506155714,0.332683459516307,0.276050506155714,0.326462857282229,0.372377461949964,0.326462857282229
1.11668399062723,0.61706082860443,1,0,0,0.0860647361338061,1.26711341606401,0,1.95825103981856,1,28,12,0.604495753381157,4.31007216255057,0.604495753381157,0.604495753381157,4.31007216255057,0.604495753381157,0.22542235463065,0.226042828084443,0.22542235463065,0.28307955617395,0.283628447714095,0.28307955617395
0.730716627187874,0.702060240133546,1,0,1,-1.08418310184907,-0.149374798089632,1,1.95825103981856,1,28,12,1.96982469356609,1.96982469356609,-3.15248813673823,1.96982469356609,1.96982469356609,-3.15248813673823,0.524562458716995,0.524562458716995,0.282579704007314,0.51839715250798,0.51839715250798,0.331877580492931
-2.90953961941423,-2.65123890726988,0,0,0,-0.727668211781769,0.483458772449637,1,1.95825103981856,1,28,12,-1.80662478606437,3.52710759859414,-1.80662478606437,-1.80662478606437,3.52710759859414,-1.80662478606437,0.274479302009914,0.43865936314396,0.274479302009914,0.325154419826994,0.453962612001041,0.325154419826994
3.1568879775468,0.946083101234781,1,1,1,0.253318512163177,0.123170539347072,0,1.95825103981856,1,28,12,1.91023141048601,1.91023141048601,-0.204939571277043,1.91023141048601,1.91023141048601,-0.204939571277043,0.289097585256081,0.289097585256081,0.282855752534421,0.337247952315817,0.337247952315817,0.332105725795978
-0.21091438323538,0.172824622137794,1,0,1,-0.516262669067115,-0.905081545643596,0,1.95825103981856,1,28,12,0.146818585536305,0.146818585536305,-2.77235401872829,0.146818585536305,0.146818585536305,-2.77235401872829,0.277561678277239,0.277561678277239,0.252787489796436,0.327719293091809,0.327719293091809,0.306858871296274
6.0772741633591,5.4725216597724,1,1,1,-0.470612053465509,0.204617064892032,1,-1.44706213711304,1,25,13,5.31127227253987,5.31127227253987,0.169404129294844,5.31127227253987,5.31127227253987,0.169404129294844,0.77884365500213,0.77884365500213,0.662941165334582,0.720707504905219,0.720707504905219,0.624161593235634
2.63909423729647,2.54917255323056,1,0,1,-0.0318215631627041,-0.0900385689146935,0,-1.44706213711304,1,25,13,2.86043641998594,2.86043641998594,0.752329476093728,2.86043641998594,2.86043641998594,0.752329476093728,0.66447884158997,0.66447884158997,0.664371691602135,0.6253766982266,0.6253766982266,0.62529198402841
8.87170869151826,5.68498532003363,1,1,1,0.448606927424043,-1.0766576532499,1,-1.44706213711304,1,25,13,6.9857590752336,6.9857590752336,0.726567372932012,6.9857590752336,6.9857590752336,0.726567372932012,0.737965567896973,0.737965567896973,0.614114223683459,0.685287355265702,0.685287355265702,0.586165507063542
6.66302781167492,6.04870412354842,1,1,1,-1.22731791457858,-1.77486331067982,1,-1.44706213711304,1,25,13,4.92665180309417,4.92665180309417,-3.32348796850315,4.92665180309417,4.92665180309417,-3.32348796850315,0.782255162696192,0.782255162696192,0.522057255482707,0.723752953997695,0.723752953997695,0.516519530900793
4.9925454886451,3.3605084879786,1,1,1,-1.03157567344593,-0.198285488012893,1,-1.44706213711304,1,25,13,3.7838914711856,3.7838914711856,-1.35542566357091,3.7838914711856,3.7838914711856,-1.35542566357091,0.840936378850454,0.840936378850454,0.66304935648924,0.778965637449228,0.778965637449228,0.624247046032141
12.4608854184894,8.76686221784859,1,1,1,-0.462347004104067,-3.30990244511814,0,-1.44706213711304,1,25,13,9.7268689142066,9.7268689142066,-3.32858528199244,9.7268689142066,9.7268689142066,-3.32858528199244,0.215462050396044,0.215462050396044,0.198611470571724,0.274200571914416,0.274200571914416,0.258867351359497
1.0930236032716,-0.2543809170717,1,1,1,-1.11794408166345,-0.150405815940967,0,-1.44706213711304,1,25,13,0.642339101534837,0.642339101534837,-1.48028280793403,0.642339101534837,0.642339101534837,-1.48028280793403,0.781805160238497,0.781805160238497,0.663757016409305,0.723350358750381,0.723350358750381,0.624806135419759
6.43877584974031,4.44346247261585,1,1,1,-1.46968300823414,0.812241903502229,1,-1.44706213711304,1,25,13,4.53862396817271,4.53862396817271,-1.22111294163222,4.53862396817271,4.53862396817271,-1.22111294163222,0.888624348287718,0.888624348287718,0.636277171659065,0.829295726173948,0.829295726173948,0.603282057022936
5.90836843686676,3.51157035379661,1,1,1,-1.22270613152987,-2.40707489074565,0,-1.44706213711304,1,25,13,3.94753354718662,3.94753354718662,-3.94647598247157,3.94753354718662,3.94753354718662,-3.94647598247157,0.573196907553546,0.573196907553546,0.398613065079327,0.554992550812914,0.554992550812914,0.423583063572646
11.66622250968,8.84911886862263,0,0,1,0.273151679021678,2.05773742286856,0,-1.44706213711304,1,25,13,9.8443352537195,9.8443352537195,3.51005195224575,9.8443352537195,9.8443352537195,3.51005195224575,0.479706160252949,0.479706160252949,0.470920961508968,0.484801880379002,0.484801880379002,0.478216560070268
0.322221357823455,-4.8404814034691,1,1,0,-0.880826551874825,-1.33315750036252,1,-1.44706213711304,1,25,13,-2.18879943277834,4.6885094879945,-2.18879943277834,-2.18879943277834,4.6885094879945,-2.18879943277834,0.586057123371748,0.767089378145312,0.586057123371748,0.564740628055088,0.710327704819828,0.564740628055088
4.07016889796723,1.56343854349771,1,1,0,0.365929800461887,-0.557881649141562,0,-1.44706213711304,1,25,13,1.07998912311604,3.49122105756495,1.07998912311604,1.07998912311604,3.49122105756495,1.07998912311604,0.651427024161861,0.665709581145342,0.651427024161861,0.61510261136121,0.626350191330392,0.61510261136121
1.50336507905959,0.395086319116569,1,1,1,-2.03533189625818,1.03950213080116,0,-1.44706213711304,1,25,13,1.05541418955878,1.05541418955878,-2.12515049038136,1.05541418955878,1.05541418955878,-2.12515049038136,0.922371568215989,0.922371568215989,0.617635877677161,0.869623820591931,0.869623820591931,0.588872720741101
1.69445189446236,2.24539869475473,1,1,0,-0.746444033267278,1.82394403664595,0,-1.44706213711304,1,25,13,1.23706714144523,6.66383899026156,1.23706714144523,1.23706714144523,6.66383899026156,1.23706714144523,0.513729003581924,0.578859839909485,0.513729003581924,0.510280216161143,0.55928025537228,0.510280216161143
0.082736561590266,1.86616484740893,0,0,1,-0.90276508904978,-0.589850345829278,0,-1.44706213711304,1,25,13,0.95855407787991,0.95855407787991,-1.48936935259501,0.95855407787991,0.95855407787991,-1.48936935259501,0.732225907834437,0.732225907834437,0.649845113812388,0.680453935196565,0.680453935196565,0.613863275700605
7.66006305500095,6.27886278148297,0,1,1,1.2325181831253,-1.51197325775687,0,-1.44706213711304,1,25,13,6.24513741199948,6.24513741199948,1.85907427982755,6.24513741199948,6.24513741199948,1.85907427982755,0.725520128041983,0.725520128041983,0.56254942202445,0.674845102311695,0.674845102311695,0.546949145060666
2.63597913774121,0.814381208462773,1,1,1,-0.259589177327861,-0.369884763943242,0,-1.44706213711304,1,25,13,2.25376279133221,2.25376279133221,0.0169480527348663,2.25376279133221,2.25376279133221,0.0169480527348663,0.666052645699039,0.666052645699039,0.658902840758881,0.626621698867722,0.626621698867722,0.620976497043742
4.41870480310288,3.38977520011675,1,1,1,-0.356671954079454,0.385710468661168,0,-1.44706213711304,1,25,13,2.82715029747091,2.82715029747091,0.578377731836091,2.82715029747091,2.82715029747091,0.578377731836091,0.671839532806646,0.671839532806646,0.658392663103083,0.631211568175521,0.631211568175521,0.620574727012802
5.16422139104081,7.01948504429457,1,0,1,0.579519304938689,0.360855467379385,0,-1.44706213711304,1,25,13,4.65612191692819,4.65612191692819,2.42590524859059,4.65612191692819,4.65612191692819,2.42590524859059,0.694063025186774,0.694063025186774,0.659184195348003,0.649027646812927,0.649027646812927,0.621198125116153
-1.03283113623155,-1.73967616512227,1,1,0,-2.0340266091246,1.26210633869017,0,-1.44706213711304,1,25,13,-1.89993570822519,1.79297670193672,-1.89993570822519,-1.89993570822519,1.79297670193672,-1.89993570822519,0.594491532433728,0.914662158650217,0.594491532433728,0.571156643613306,0.859955832236232,0.571156643613306
3.97088259031401,3.30639338152341,1,1,1,-3.41066694489104,-2.32329960144971,1,-1.44706213711304,1,25,13,2.2590987181984,2.2590987181984,-8.23862231989796,2.2590987181984,2.2590987181984,-8.23862231989796,0.997088410249411,0.997088410249411,0.416710874990436,0.992498929365669,0.992498929365669,0.437360879542014
5.37740108236983,3.65090441866838,1,1,1,-1.92186846373757,1.09046520219187,1,-1.44706213711304,1,25,13,4.44185380324191,4.44185380324191,-1.84726055394944,4.44185380324191,4.44185380324191,-1.84726055394944,0.938456824373434,0.938456824373434,0.61277098728947,0.890894326563498,0.890894326563498,0.585134075490896
1.58587634053482,-0.151520385890075,1,1,1,-1.52037926212857,-1.55042829802936,0,-1.44706213711304,1,25,13,0.818652256377554,0.818652256377554,-3.68517565095267,0.818652256377554,0.818652256377554,-3.68517565095267,0.79061941783384,0.79061941783384,0.557065707097098,0.731286146875134,0.731286146875134,0.542814955550268
3.53379249450093,4.12976427087423,1,1,1,0.522531636396866,-1.17987717006683,0,-1.44706213711304,1,25,13,4.26330741050564,4.26330741050564,0.771197274060733,4.26330741050564,4.26330741050564,0.771197274060733,0.634091389785532,0.634091389785532,0.603616116401176,0.601585160314134,0.601585160314134,0.578120583870127
6.29470267877178,6.86913790790435,1,1,1,0.691270616614382,0.73401012067339,0,-1.44706213711304,1,25,13,5.66133338248695,5.66133338248695,3.02256252523598,5.66133338248695,5.66133338248695,3.02256252523598,0.691896893961249,0.691896893961249,0.64156671015321,0.647276978883306,0.647276978883306,0.607397164259987
9.60451165090948,10.2906199696292,1,1,1,0.672462877302164,1.46561556597355,0,-0.630751781657835,1,26,14,9.6607224977373,9.6607224977373,5.41269351051334,9.6607224977373,9.6607224977373,5.41269351051334,0.52638371096087,0.52638371096087,0.473061529423613,0.519762437205937,0.519762437205937,0.479821636209283
5.44422815887811,5.06154894136723,1,0,0,1.01767699305492,1.14572279556852,0,-0.630751781657835,1,26,14,5.78322897161384,9.19590969589919,5.78322897161384,5.78322897161384,9.19590969589919,5.78322897161384,0.512470069487108,0.631679776778355,0.512470069487108,0.509337334361405,0.599715300830171,0.509337334361405
4.54029493883597,1.80583580427886,0,1,0,-0.31690441638848,1.16158829497852,0,-0.630751781657835,1,26,14,3.12993165213703,6.57921901916813,3.12993165213703,3.12993165213703,6.57921901916813,3.12993165213703,0.510742798890021,0.52258251986233,0.510742798890021,0.508043782208449,0.516913176035173,0.508043782208449
9.35795272612239,10.2679763205703,1,1,1,1.1788275886029,-0.213114776991285,1,-0.630751781657835,1,26,14,9.89211049832203,9.89211049832203,4.74669259014998,9.89211049832203,9.89211049832203,4.74669259014998,0.806475992589603,0.806475992589603,0.571822439747113,0.745845755038917,0.745845755038917,0.553952938417365
1.29614226119762,1.20099501271373,1,1,1,-1.1343724525965,-0.769550724544554,0,-0.630751781657835,1,26,14,2.25606487784496,2.25606487784496,-0.436143439802092,2.25606487784496,2.25606487784496,-0.436143439802092,0.688976351419375,0.688976351419375,0.546358117364005,0.644921637719908,0.644921637719908,0.534756495383067
7.16079780166042,6.59166942583965,1,1,1,1.21372731039508,-0.328119500046593,0,-0.630751781657835,1,26,14,6.90914971698986,6.90914971698986,4.70148731067903,6.90914971698986,6.90914971698986,4.70148731067903,0.726381853205681,0.726381853205681,0.568939429663841,0.675563626087829,0.675563626087829,0.551773596887265
-0.273868669336356,1.24023191036727,1,0,0,-1.21619500524873,0.328810702861879,0,-0.630751781657835,1,26,14,0.498572882299894,2.70668936061642,0.498572882299894,0.498572882299894,2.70668936061642,0.498572882299894,0.568918381579367,0.726932664148762,0.568918381579367,0.551757692405552,0.676023244689085,0.551757692405552
4.85363012448993,5.03604211714119,0,0,1,-0.414538786324103,0.906004567126054,0,-0.630751781657835,1,26,14,5.59992346006659,5.59992346006659,2.67907918441332,5.59992346006659,5.59992346006659,2.67907918441332,0.555751198480512,0.555751198480512,0.535633972990978,0.54182470862274,0.54182470862274,0.526701079895163
1.46825956613167,0.813362229962878,0,1,0,0.297758103198068,-1.53217099652319,1,-0.630751781657835,1,26,14,1.66549739980842,9.11304536239527,1.66549739980842,1.66549739980842,9.11304536239527,1.66549739980842,0.463678618912788,0.591123718802364,0.463678618912788,0.472782962940238,0.568592440867199,0.472782962940238
-3.26746788719515,-4.20081992022809,1,1,0,-2.0054426413653,-0.405051919001352,1,-0.630751781657835,1,26,14,-1.81378501179649,3.45028204529019,-1.81378501179649,-1.81378501179649,3.45028204529019,-1.81378501179649,0.566323051159785,0.936199677199992,0.566323051159785,0.549797274387801,0.887809230599722,0.549797274387801
5.28723652992835,4.43518062460731,1,0,0,1.32928942153962,0.308975420457484,1,-0.630751781657835,1,26,14,5.5697064534722,10.7651722639191,5.5697064534722,5.5697064534722,10.7651722639191,5.5697064534722,0.569504702486243,0.831953623531234,0.569504702486243,0.552200765578868,0.770113717990623,0.552200765578868
1.58075698266792,2.64238493667441,0,1,1,-1.23866517256614,-0.696044291565847,0,-0.630751781657835,1,26,14,2.01325520905875,2.01325520905875,-0.571222446762654,2.01325520905875,2.01325520905875,-0.571222446762654,0.717813890537169,0.717813890537169,0.551397631886179,0.668447818383693,0.668447818383693,0.538547049562318
3.63514593263627,1.87791006089977,0,1,0,0.730732680229564,0.626860306162536,1,-0.630751781657835,1,26,14,4.69047785655713,10.1834316999993,4.69047785655713,4.69047785655713,10.1834316999993,4.69047785655713,0.555671165541444,0.721303933759168,0.555671165541444,0.541764427298389,0.671338819683052,0.541764427298389
0.800179161229504,1.74901538535557,0,1,0,-1.24133732955392,0.966875210764118,1,-0.630751781657835,1,26,14,1.08635274159174,7.1212004147819,1.08635274159174,1.08635274159174,7.1212004147819,1.08635274159174,0.530274310472048,0.790670847103177,0.530274310472048,0.522679857434697,0.731332767144543,0.522679857434697
0.952055088511348,-0.0695632802082689,1,0,0,-0.727786712273265,0.497680723335052,1,-0.630751781657835,1,26,14,1.64425948872399,6.99194559110329,1.64425948872399,1.64425948872399,6.99194559110329,1.64425948872399,0.562437859903793,0.726432089811473,0.562437859903793,0.546864984687361,0.675605534456018,0.546864984687361
5.96575184740924,5.71627138120902,0,1,1,-1.09162426777581,0.295433001295256,1,-0.630751781657835,1,26,14,5.90161731393342,5.90161731393342,0.714336655679097,5.90161731393342,5.90161731393342,0.714336655679097,0.78985519530247,0.78985519530247,0.569883961181785,0.730593826563458,0.730593826563458,0.552487402732627
12.4668880556696,10.100281450297,1,1,1,1.19725010687549,-0.107791479297295,1,-0.630751781657835,1,26,14,10.0004799273982,10.0004799273982,4.88886092438915,10.0004799273982,10.0004799273982,4.88886092438915,0.810743643517891,0.810743643517891,0.57338598913624,0.749831492794197,0.749831492794197,0.555135599145402
3.83955453128646,3.12722832424554,1,0,0,-0.451318169590136,1.96773792963961,0,-0.630751781657835,1,26,14,3.66725378039481,9.63924634013719,3.66725378039481,3.66725378039481,9.63924634013719,3.66725378039481,0.393238320387203,0.416443079099163,0.393238320387203,0.419472730282977,0.437157648382288,0.419472730282977
6.94767123059502,5.32716427532864,1,0,1,-0.0742293581954826,-0.888615684776382,1,-0.630751781657835,1,26,14,7.45471562399872,7.45471562399872,1.56507778876812,7.45471562399872,7.45471562399872,1.56507778876812,0.651194115817241,0.651194115817241,0.537099771977134,0.614920063817981,0.614920063817981,0.52780132988628
9.8555923799272,9.86127749095772,1,1,1,1.18955599920398,-0.418724867468459,1,-0.630751781657835,1,26,14,9.83786983551145,9.83786983551145,4.56253932087497,9.83786983551145,9.83786983551145,4.56253932087497,0.804474053383152,0.804474053383152,0.565800159192898,0.743986240648939,0.743986240648939,0.549402461819396
4.67091420646035,3.81919288900028,1,1,1,-0.364007655936412,-0.148934518875468,0,-0.630751781657835,1,26,14,3.84738385009984,3.84738385009984,1.72520235918717,3.84738385009984,3.84738385009984,1.72520235918717,0.588147822497581,0.588147822497581,0.572897513334008,0.566329229291358,0.566329229291358,0.554766062071519
3.81258680338838,1.37087817826239,0,1,0,-0.3631771759331,1.30353331985079,1,-0.630751781657835,1,26,14,3.17933115792006,9.97853027388127,3.17933115792006,3.17933115792006,9.97853027388127,3.17933115792006,0.494225674214718,0.625224315520336,0.494225674214718,0.495676635606365,0.594721790938435,0.495676635606365
3.04564293948845,2.00289595385604,1,1,0,-0.743898068030834,1.06598300519174,0,-0.630751781657835,1,26,14,2.18033905906554,5.41665882642314,2.18033905906554,2.18033905906554,5.41665882642314,2.18033905906554,0.520786922905857,0.585307969756583,0.520786922905857,0.515567586356055,0.564171665131011,0.515567586356055
5.36063414750695,5.85206161749358,1,0,1,-0.251209231287894,-0.780619546747865,1,-0.630751781657835,1,26,14,7.02848105737666,7.02848105737666,1.31911418061181,7.02848105737666,7.02848105737666,1.31911418061181,0.665037193520238,0.665037193520238,0.545554598123121,0.625818240949073,0.625818240949073,0.534152441623628
11.1707126492082,11.0110378193321,0,1,1,0.429890249771503,1.7297327289467,0,-0.630751781657835,1,26,14,10.2836407320146,10.2836407320146,5.19166541842517,10.2836407320146,10.2836407320146,5.19166541842517,0.455121366265479,0.455121366265479,0.433570968176348,0.466355648309634,0.466355648309634,0.450122690926232
12.7546199113177,11.1655780199091,1,0,1,0.818014033849233,1.72709326594418,0,-0.630751781657835,1,26,14,11.0481246728478,11.0481246728478,5.96527352357811,11.0481246728478,11.0481246728478,5.96527352357811,0.512597314450163,0.512597314450163,0.433994512312621,0.509432632109944,0.509432632109944,0.4504425031819
-0.794699447166778,1.01641550341676,0,0,0,-1.30293216861874,-1.22766408968625,0,0.941759488064603,0,24,15,-0.492775270597192,3.11438384650798,-0.492775270597192,-0.492775270597192,3.11438384650798,-0.492775270597192,0.436057506970086,0.632964234568664,0.436057506970086,0.451999747480993,0.600710908534405,0.451999747480993
2.85729678297745,0.774450088325136,0,0,0,-0.208988600254622,-1.22928845335775,0,0.941759488064603,0,24,15,1.69511186613105,5.30626196768974,1.69511186613105,1.69511186613105,5.30626196768974,1.69511186613105,0.435872041067703,0.440952258738407,0.435872041067703,0.451859782324956,0.455691381781171,0.451859782324956
3.52134298017695,5.49964813317173,0,0,0,0.97841434553463,1.3615287176767,0,0.941759488064603,0,24,15,4.06991775770956,8.02367820676791,4.06991775770956,4.06991775770956,8.02367820676791,4.06991775770956,0.420019244309687,0.532298867894912,0.420019244309687,0.439870159831009,0.524198513153589,0.439870159831009
1.09301165632275,0.484331796280782,1,0,0,-0.395466955627092,0.216062893439666,0,0.941759488064603,0,24,15,1.32215515538611,3.46883832930763,1.32215515538611,1.32215515538611,3.46883832930763,1.32215515538611,0.504669688709939,0.523112105927611,0.504669688709939,0.503496266376523,0.51731007813436,0.503496266376523
3.17913612409709,6.09793133896934,0,0,1,0.361825267684524,0.506346231150568,0,0.941759488064603,0,24,15,5.19312610780973,5.19312610780973,2.83673960200934,5.19312610780973,5.19312610780973,2.83673960200934,0.510219778056999,0.510219778056999,0.49477013923664,0.507652111025277,0.507652111025277,0.496084303214948
2.0158150757092,-0.382975821381232,0,0,0,-0.473566802750661,1.68797284689215,0,0.941759488064603,0,24,15,1.16595546113897,6.11520779298416,1.16595546113897,1.16595546113897,6.11520779298416,1.16595546113897,0.37494318200625,0.400127432775833,0.37494318200625,0.405407544907061,0.424739544672625,0.405407544907061
1.32368734434445,2.31171139253613,0,0,0,-0.311019247445431,2.0777539499542,0,0.941759488064603,0,24,15,1.49105057174944,7.90811204829971,1.49105057174944,1.49105057174944,7.90811204829971,1.49105057174944,0.312256097449317,0.322211626507043,0.312256097449317,0.356070587416886,0.364049745289274,0.356070587416886
4.15123624513147,5.17450280018515,1,0,0,1.56151523957244,-0.397278469784323,0,0.941759488064603,0,24,15,5.23611954578518,7.49394972833935,5.23611954578518,5.23611954578518,7.49394972833935,5.23611954578518,0.499422691950945,0.760303348305732,0.499422691950945,0.499567762863183,0.704410809492374,0.499567762863183
2.38752924528216,0.813679094462002,1,0,0,-0.056062141565724,0.418510796565171,0,0.941759488064603,0,24,15,2.00096478350885,4.27611607035046,2.00096478350885,2.00096478350885,4.27611607035046,2.00096478350885,0.498604985145739,0.498975922588587,0.498604985145739,0.498955540185383,0.49923326382396,0.498955540185383
2.57518440960801,4.36350985426375,1,1,0,0.221032721134599,1.0324838612491,1,0.941759488064603,0,24,15,2.55515450890949,8.72117743264934,2.55515450890949,2.55515450890949,8.72117743264934,2.55515450890949,0.456651784816258,0.579684026814541,0.456651784816258,0.46750578699941,0.559904904031589,0.46750578699941
3.514304358231,3.80735572497239,0,0,0,0.60509429804026,0.0501513085226568,0,0.941759488064603,0,24,15,3.32327766272082,5.42579281646735,3.32327766272082,3.32327766272082,5.42579281646735,3.32327766272082,0.506754549707503,0.549809690440567,0.506754549707503,0.505057311916688,0.537352260362077,0.505057311916688
-0.437068976068275,0.790107755077383,1,1,0,-1.24317018050752,0.392085170489582,1,0.941759488064603,0,24,15,-0.373251294374753,4.88047948654309,-0.373251294374753,-0.373251294374753,4.88047948654309,-0.373251294374753,0.499616219955716,0.769665894835705,0.499616219955716,0.499712658382933,0.712588391887638,0.499712658382933
-0.719172995409647,0.918664246520001,0,0,0,-1.09704687559502,-0.419196136083468,0,0.941759488064603,0,24,15,-0.081004684549734,2.19472071595757,-0.081004684549734,-0.081004684549734,2.19472071595757,-0.081004684549734,0.498577882084943,0.637186227540397,0.498577882084943,0.49893524790113,0.603988396114864,0.49893524790113
-1.24529706199131,-0.428539238700425,0,0,0,-1.6873501267861,-0.366036909548463,1,0.941759488064603,0,24,15,-1.2616111869319,3.97237183221989,-1.2616111869319,-1.2616111869319,3.97237183221989,-1.2616111869319,0.500548489473498,0.862689383910522,0.500548489473498,0.500410653674658,0.801156437817918,0.500410653674658
8.75754960086271,10.3268804931192,1,0,1,1.44732045763803,0.166575011314658,1,0.941759488064603,0,24,15,10.1354772163108,10.1354772163108,5.00772998191635,10.1354772163108,10.1354772163108,5.00772998191635,0.816756089840131,0.816756089840131,0.505563543939808,0.755498615241945,0.755498615241945,0.504165534323872
-0.961164937260494,-0.859373409856749,1,0,0,-1.05714200185032,-0.0664369086688325,0,0.941759488064603,0,24,15,-0.00119493706033913,2.10321892577313,-0.00119493706033913,-0.00119493706033913,2.10321892577313,-0.00119493706033913,0.50666492913748,0.63527406309254,0.50666492913748,0.504990206711563,0.602503054786443,0.504990206711563
1.50482760536612,1.68584245200941,0,1,0,-0.337952565226979,1.10893720613874,1,0.941759488064603,0,24,15,1.43718393618634,7.76692566334513,1.43718393618634,1.43718393618634,7.76692566334513,1.43718393618634,0.448988490700139,0.579668934442045,0.448988490700139,0.46174350190582,0.559893464127554,0.46174350190582
4.03120557443409,5.50221339157979,0,1,1,0.286341197639538,-0.159396614671904,0,0.941759488064603,0,24,15,4.81117874268824,4.81117874268824,2.68577146191937,4.81117874268824,4.81117874268824,2.68577146191937,0.51534643110479,0.51534643110479,0.505673997258698,0.511491685259027,0.511491685259027,0.504248236331809
0.603472736766041,1.95997174457238,0,0,0,-0.314420722374634,-1.34646966639816,0,0.941759488064603,0,24,15,1.48424762189103,5.3972281844214,1.48424762189103,1.48424762189103,5.3972281844214,1.48424762189103,0.421898565648718,0.433332760346152,0.421898565648718,0.441294390118164,0.449942808119285,0.441294390118164
3.7257086906733,7.07673626712891,1,0,0,1.45834473747571,0.648880897755911,1,0.941759488064603,0,24,15,5.02977854159171,10.5508249610642,5.02977854159171,5.02977854159171,10.5508249610642,5.02977854159171,0.48699933714454,0.80755315238697,0.48699933714454,0.490265276864995,0.746848948857277,0.490265276864995
4.56456572513396,7.31085628145134,0,0,0,1.8493319909891,-1.86230760461977,0,0.941759488064603,0,24,15,5.81175304861851,11.3799426628431,5.81175304861851,5.81175304861851,11.3799426628431,5.81175304861851,0.347877056007605,0.729232805666042,0.347877056007605,0.384351781749234,0.677945477779331,0.384351781749234
9.2174370868563,9.99580073253129,1,0,1,2.50552435822592,0.284066394156584,0,0.941759488064603,0,24,15,9.30483149938125,9.30483149938125,7.12413778309213,9.30483149938125,9.30483149938125,7.12413778309213,0.95432737512031,0.95432737512031,0.503064181692532,0.913706130152984,0.913706130152984,0.50229417963906
0.342007095616442,2.65220590633876,0,0,0,0.0244912361105687,1.32382590483735,0,0.941759488064603,0,24,15,2.16207153886143,6.01458656517985,2.16207153886143,2.16207153886143,6.01458656517985,2.16207153886143,0.424689047451306,0.424758310581252,0.424689047451306,0.443407630747348,0.443460061534101,0.443407630747348
2.10977882129293,3.75961709967824,1,0,0,-0.157533590922393,1.87187920700584,0,0.941759488064603,0,24,15,1.79802188479551,7.40195365041631,1.79802188479551,1.79802188479551,7.40195365041631,1.79802188479551,0.34634050840811,0.349009621338704,0.34634050840811,0.383146267436668,0.385239595219562,0.383146267436668
4.97238839397383,5.96170769562401,0,0,1,-0.125837715506289,0.128368834851132,0,-0.318951821557346,1,20,16,4.89144169712484,4.89144169712484,2.77496313936381,4.89144169712484,4.89144169712484,2.77496313936381,0.538660755687076,0.538660755687076,0.53680199495527,0.528973281095988,0.528973281095988,0.527577795737453
2.5372865930961,4.735562536516,1,0,1,-1.68509976482066,0.950287124488525,0,-0.318951821557346,1,20,16,3.48140294934112,3.48140294934112,0.478357330372454,3.48140294934112,3.48140294934112,0.478357330372454,0.790636168339071,0.790636168339071,0.495011785084171,0.731301330677066,0.731301330677066,0.496265233830698
8.23723214903347,11.3443888585183,0,1,1,0.185615963531761,-1.32184241274647,1,-0.318951821557346,1,20,16,8.79492661397772,8.79492661397772,1.9476592498423,8.79492661397772,8.79492661397772,1.9476592498423,0.576665198595911,0.576665198595911,0.455270997587585,0.557617715725391,0.557617715725391,0.466468112406127
8.83888705267378,12.4456831816977,0,0,1,1.07607937072767,-1.63433123903362,0,-0.318951821557346,1,20,16,8.18713583682814,8.18713583682814,3.41609723794698,8.18713583682814,8.18713583682814,3.41609723794698,0.548068332729551,0.548068332729551,0.412415434589605,0.536042459043767,0.536042459043767,0.434098862717348
4.48613736805074,5.85690326239614,1,0,1,-0.715051324491209,-0.759465503558012,0,-0.318951821557346,1,20,16,3.38548943407945,3.38548943407945,0.70870158298482,3.38548943407945,3.38548943407945,0.70870158298482,0.570311951297952,0.570311951297952,0.510412459377398,0.552810905903044,0.552810905903044,0.507796402064799
5.46907317260077,7.76964695565158,1,0,1,0.402401637041095,-0.451478482263554,0,-0.318951821557346,1,20,16,5.55542734729089,5.55542734729089,3.25159452734389,5.55542734729089,5.55542734729089,3.25159452734389,0.546999196575094,0.546999196575094,0.527992788439502,0.53523849558208,0.53523849558208,0.520968876741739
4.83179079964829,7.9226233167296,0,0,1,-0.215640851689275,-0.544529155713043,0,-0.318951821557346,1,20,16,4.31897087785522,4.31897087785522,1.92245887643366,4.31897087785522,4.31897087785522,1.92245887643366,0.529102201217095,0.529102201217095,0.523628635199045,0.521800803405048,0.521800803405048,0.517697212734854
6.19840042638304,8.42400694721572,1,0,1,-0.118657422524144,0.776487356429746,0,-0.318951821557346,1,20,16,6.14037486160196,6.14037486160196,3.43744224690671,6.14037486160196,6.14037486160196,3.43744224690671,0.510839714060482,0.510839714060482,0.509178645851833,0.508116359353536,0.508116359353536,0.506872468719936
4.50121993787146,5.62851912097977,1,1,0,-0.508438198153288,0.575256243834531,1,-0.318951821557346,1,20,16,2.45664958305321,7.88756932912382,2.45664958305321,2.45664958305321,7.88756932912382,2.45664958305321,0.522007506212234,0.664506494152062,0.522007506212234,0.516482248576608,0.625398561732866,0.516482248576608
8.82699100443494,10.2284433058822,1,0,1,-0.603833965211631,0.877611244810293,1,-0.318951821557346,1,20,16,8.43841454692975,8.43841454692975,2.56821304991228,8.43841454692975,8.43841454692975,2.56821304991228,0.657104079572946,0.657104079572946,0.501283047618816,0.619560560029028,0.619560560029028,0.50096062222927
3.18768247291711,6.97938705579507,0,1,0,0.350003693511055,0.848208558961594,0,-0.318951821557346,1,20,16,4.44648568150895,7.26594344100466,4.44648568150895,4.44648568150895,7.26594344100466,4.44648568150895,0.503678542344324,0.518129062368827,0.503678542344324,0.502754164823859,0.513576180859002,0.502754164823859
9.76517279813355,12.1774876845059,1,0,1,0.0425332049060942,-1.70334301987236,1,-0.318951821557346,1,20,16,9.28137056881297,9.28137056881297,1.27999312546508,9.28137056881297,9.28137056881297,1.27999312546508,0.518899756581437,0.518899756581437,0.401899282905514,0.514153584115508,0.514153584115508,0.426091776301246
2.75255456475167,5.24901678094903,0,1,0,-0.251302913870286,-0.684177271233659,0,-0.318951821557346,1,20,16,1.71148663655102,4.27958517502376,1.71148663655102,1.71148663655102,4.27958517502376,1.71148663655102,0.515540227392418,0.522983039444828,0.515540227392418,0.511636848098451,0.517213346620434,0.511636848098451
3.54671901255551,6.70436190140215,0,0,1,-0.729111402286156,-0.642507319958949,0,-0.318951821557346,1,20,16,3.31035526719482,3.31035526719482,0.79753961099399,3.31035526719482,3.31035526719482,0.79753961099399,0.580230070201706,0.580230070201706,0.518147245175404,0.560318837200051,0.560318837200051,0.513589803035093
7.27990856246189,9.12266732012735,1,0,1,0.528926792430196,0.495342188226771,0,-0.318951821557346,1,20,16,6.7968293920497,6.7968293920497,4.45146550861241,6.7968293920497,6.7968293920497,4.45146550861241,0.558817918865641,0.558817918865641,0.526037605285392,0.544135383395054,0.544135383395054,0.519502963416153
12.3959929463346,15.4135990204628,1,1,1,2.11041604800604,0.0682683459515548,1,-0.318951821557346,1,20,16,12.2920307445478,12.2920307445478,7.18737017748889,12.2920307445478,12.2920307445478,7.18737017748889,0.941402455496033,0.941402455496033,0.537356987363857,0.894975283519783,0.894975283519783,0.527994423047778
7.74747120973265,9.99611888848932,1,1,1,-0.0564149537907455,0.873245977815332,0,-0.318951821557346,1,20,16,6.52124434352975,6.52124434352975,3.65868580575909,6.52124434352975,6.52124434352975,3.65868580575909,0.502019478459486,0.502019478459486,0.501643860239495,0.501511994883373,0.501511994883373,0.501230765689622
2.55375593081037,7.16519144450706,1,1,1,-0.697023272501343,-0.337533077540681,0,-0.318951821557346,1,20,16,3.38061869141597,3.38061869141597,1.16669011298188,3.38061869141597,3.38061869141597,1.16669011298188,0.588702142246525,0.588702142246525,0.532222390106873,0.566750617361161,0.566750617361161,0.52414113902826
6.78804875481621,7.13480340427762,0,1,1,0.6332719349401,-1.16058780104897,0,-0.318951821557346,1,20,16,6.45118984830017,6.45118984830017,3.00422580435648,6.45118984830017,6.45118984830017,3.00422580435648,0.521373168970635,0.521373168970635,0.474076882107825,0.516006887079554,0.516006887079554,0.480582858418001
7.17909297212545,11.0060961331221,1,0,1,-0.87906561055729,0.844681941488866,1,-0.318951821557346,1,20,16,7.79830803817694,7.79830803817694,1.98482045589954,7.79830803817694,7.79830803817694,1.98482045589954,0.701635725476824,0.701635725476824,0.503960372085167,0.655173746153256,0.655173746153256,0.502965178177886
3.22174207883316,2.96215649944179,0,0,0,-0.462584636887139,0.902326863438186,0,0.473814568558104,0,30,17,1.85033048084782,4.76452424933001,1.85033048084782,1.85033048084782,4.76452424933001,1.85033048084782,0.523647584923502,0.548771226332722,0.523647584923502,0.517711415746772,0.536571104280464,0.517711415746772
8.57359335700814,8.5984605697117,0,1,1,0.976706413937712,0.753902042072059,0,0.473814568558104,0,30,17,7.39728087153794,7.39728087153794,4.72891258249752,7.39728087153794,7.39728087153794,4.72891258249752,0.643878346832602,0.643878346832602,0.535213947994967,0.609199509970076,0.609199509970076,0.526385844313687
6.43563200744705,9.38572937283915,1,1,1,0.623208803812451,-0.177991072069291,0,0.473814568558104,0,30,17,6.15359818398338,6.15359818398338,4.021917362247,6.15359818398338,6.15359818398338,4.021917362247,0.604937909039056,0.604937909039056,0.560324856753773,0.579131504151433,0.579131504151433,0.545271400898669
2.40817115744807,3.99192656598606,1,1,0,-0.693094133028481,-0.598218404808597,0,0.473814568558104,0,30,17,1.38931148856514,3.84717674841688,1.38931148856514,1.38931148856514,3.84717674841688,1.38931148856514,0.545090219410554,0.600578988440428,0.545090219410554,0.533803379308884,0.57579983565867,0.533803379308884
0.86489589706311,4.35948938166922,1,1,0,-0.74415830161775,0.0406655682257884,1,0.473814568558104,0,30,17,1.2871831513866,6.38883683982572,1.2871831513866,1.2871831513866,6.38883683982572,1.2871831513866,0.561722289022716,0.728129621042601,0.561722289022716,0.546325225509451,0.677022956943751,0.546325225509451
5.04288364983879,8.3431429905091,0,1,1,0.448096045987577,-0.22680940968466,0,0.473814568558104,0,30,17,5.82313435491876,5.82313435491876,3.67169184659725,5.82313435491876,5.82313435491876,3.67169184659725,0.582642360940597,0.582642360940597,0.559404669309478,0.562148355638318,0.562148355638318,0.544577662938199
8.6972052941066,11.1993739108731,1,1,1,1.64737058315869,0.271392287717249,0,0.473814568558104,0,30,17,8.24389469477189,8.24389469477189,6.07024092093949,8.24389469477189,8.24389469477189,6.07024092093949,0.821658705949954,0.821658705949954,0.558369955189039,0.760166462912826,0.760166462912826,0.543797758229681
2.21062084362177,6.22436210110187,0,0,1,-0.41194676514241,-0.0988976088291441,0,0.473814568558104,0,30,17,4.0613869613694,4.0613869613694,1.95160622433728,4.0613869613694,4.0613869613694,1.95160622433728,0.580983308994143,0.580983308994143,0.561344155578499,0.560889953734782,0.560889953734782,0.546040034843972
4.21702058854688,4.0782127552865,1,0,0,0.223263906607598,0.408909914079519,0,0.473814568558104,0,30,17,3.22202756783729,5.48923488566981,3.22202756783729,3.22202756783729,5.48923488566981,3.22202756783729,0.554006550535185,0.559816909800928,0.554006550535185,0.54051086266339,0.544888436546156,0.54051086266339
7.95949622487766,10.0009754363627,0,1,1,0.892808370567496,0.334019225250048,0,0.473814568558104,0,30,17,6.77268533859373,6.77268533859373,4.56111649575709,6.77268533859373,6.77268533859373,4.56111649575709,0.646685409759809,0.646685409759809,0.556602566374837,0.611391467897298,0.611391467897298,0.542466029349064
-1.39955395132575,0.976423401615411,0,1,0,-1.43699234642683,-0.931479042040164,0,0.473814568558104,0,30,17,-0.0984849382315661,2.8691682675285,-0.0984849382315661,-0.0984849382315661,2.8691682675285,-0.0984849382315661,0.521128647127149,0.743417206194577,0.521128647127149,0.515823653248102,0.689907378790388,0.515823653248102
5.21592483692719,7.21319016206588,0,1,0,1.12426769959336,-2.08148008745056,1,0.473814568558104,0,30,17,5.02403515380881,14.456594508262,5.02403515380881,5.02403515380881,14.456594508262,5.02403515380881,0.361131138042481,0.622354137215181,0.361131138042481,0.394703232997972,0.592506924253656,0.394703232997972
2.32457545243224,4.09050767573611,0,1,0,-0.69899183962307,-0.278462524932203,0,0.473814568558104,0,30,17,1.37751607537596,3.55505745316758,1.37751607537596,1.37751607537596,3.55505745316758,1.37751607537596,0.558188800850433,0.61415605915817,0.558188800850433,0.543661234008428,0.586197641450854,0.543661234008428
1.05990662892656,4.08571309690706,1,0,0,-0.93184903112117,-0.0256702879622205,1,0.473814568558104,0,30,17,0.911801692379757,6.01246065606382,0.911801692379757,0.911801692379757,6.01246065606382,0.911801692379757,0.561768566665035,0.756871059311985,0.561768566665035,0.546360130179721,0.701438062662201,0.546360130179721
3.37924461028797,4.8834849812323,1,0,1,-0.910064047034572,-0.315359301199489,0,0.473814568558104,0,30,17,3.15482314940598,3.15482314940598,0.955371660552953,3.15482314940598,3.15482314940598,0.955371660552953,0.650570750456147,0.650570750456147,0.557167560244742,0.614431617685595,0.614431617685595,0.542891695623199
5.81366545298982,7.41122533850781,0,1,1,-0.26222009027813,-0.868429439390504,0,0.473814568558104,0,30,17,5.10522926526594,5.10522926526594,2.25105957406584,5.10522926526594,5.10522926526594,2.25105957406584,0.534560647385282,0.534560647385282,0.526474469533685,0.525895567264186,0.525895567264186,0.519830479984436
5.88018318155252,6.58610831137813,1,1,0,1.13798433754906,1.55117425593964,0,0.473814568558104,0,30,17,5.05146842972023,9.55761000201014,5.05146842972023,5.05146842972023,9.55761000201014,5.05146842972023,0.448682938398154,0.600047658685135,0.448682938398154,0.461513574780809,0.575394125148193,0.461513574780809
0.0202697134355942,1.68478280134761,0,0,0,-1.53742955279379,-0.050647476479175,0,0.473814568558104,0,30,17,-0.299359350965485,1.80320581590822,-0.299359350965485,-0.299359350965485,1.80320581590822,-0.299359350965485,0.561679883356109,0.79782412991497,0.561679883356109,0.546293241597366,0.737854486505779,0.546293241597366
2.43166587223452,4.42368790042357,1,1,0,-0.28338840340077,-0.044983194378654,0,0.473814568558104,0,30,17,2.20872294782056,4.31074643559707,2.20872294782056,2.20872294782056,4.31074643559707,2.20872294782056,0.561705084564032,0.57102396657029,0.561705084564032,0.546312249235213,0.553349178429491,0.546312249235213
-0.669524464868757,2.14025846388746,0,1,0,-1.3746154139307,-0.0137812531174274,0,0.473814568558104,0,30,17,0.0262689267606931,2.12645884969818,0.0262689267606931,0.0262689267606931,2.12645884969818,0.0262689267606931,0.561790387522087,0.758751125102736,0.561790387522087,0.546376588582012,0.703064784977601,0.546376588582012
1.4108860030562,2.1416942562349,1,0,0,-1.07722053935011,0.0111552759915547,0,0.473814568558104,0,30,17,0.621058675921872,2.72118311610432,0.621058675921872,0.621058675921872,2.72118311610432,0.621058675921872,0.561793433912733,0.689574091782793,0.561793433912733,0.546378886331939,0.645403233743445,0.546378886331939
2.68380262416696,4.29138546596957,1,1,0,-0.529742523258957,1.11010031528359,0,0.473814568558104,0,30,17,1.71601470810418,5.0483374180969,1.71601470810418,1.71601470810418,5.0483374180969,1.71601470810418,0.503924915449352,0.536980821562186,0.503924915449352,0.502938630811829,0.527712035491543,0.502938630811829
4.06132159261065,5.87012940966285,0,1,0,0.631598131496716,-2.04798377339791,0,0.473814568558104,0,30,17,4.03869601761553,10.3329335537167,4.03869601761553,4.03869601761553,10.3329335537167,4.03869601761553,0.367200810092819,0.412056901292875,0.367200810092819,0.399417056497644,0.433826372090719,0.399417056497644
12.2981182639485,13.924395036207,1,1,1,0.843621156705945,0.760559520661979,1,0.473814568558104,0,30,17,10.1411928525036,10.1411928525036,4.46274206803399,10.1411928525036,10.1411928525036,4.46274206803399,0.721204388410282,0.721204388410282,0.53474018259447,0.671256219089642,0.671256219089642,0.526030297262866
3.72161387614353,7.99537234719935,1,0,1,-0.855992832131335,-1.30874516272861,0,0.473814568558104,0,30,17,4.87632799132497,4.87632799132497,1.06351409035943,4.87632799132497,4.87632799132497,1.06351409035943,0.567327571891443,0.567327571891443,0.481249913567313,0.550555893724245,0.550555893724245,0.485958544253897
3.50428991081265,4.49491283720749,0,0,0,0.255968809982292,0.00165092299551075,0,0.473814568558104,0,30,17,3.28743737458668,5.38744010013342,3.28743737458668,3.28743737458668,5.38744010013342,3.28743737458668,0.561799096312786,0.569404943765874,0.561799096312786,0.546383157219835,0.552125374574517,0.546383157219835
4.27512876311292,6.30427225407993,0,1,0,0.731363929776831,-0.639640043998311,0,0.473814568558104,0,30,17,4.23822761417576,6.74736700006192,4.23822761417576,4.23822761417576,6.74736700006192,4.23822761417576,0.542687390775301,0.604431338818497,0.542687390775301,0.531997675828586,0.578744008443708,0.531997675828586
4.51386886828317,5.49925093575605,1,1,0,0.113563124262542,-1.74912689291735,0,0.473814568558104,0,30,17,3.00262600314718,8.16207089067389,3.00262600314718,3.00262600314718,8.16207089067389,3.00262600314718,0.418370217790845,0.419854335022935,0.418370217790845,0.438619764904128,0.439745144678284,0.438619764904128
6.56801927938597,7.85640232764231,1,1,1,-1.18108468690401,-0.832815548291266,1,0.473814568558104,0,30,17,6.20691211828977,6.20691211828977,0.413330380814087,6.20691211828977,6.20691211828977,0.413330380814087,0.778175832798849,0.778175832798849,0.529326271949876,0.720113120138391,0.720113120138391,0.521968842042995
-0.444065589001259,0.84407115846994,1,1,1,-2.78182264097935,0.133625945650284,0,0.473814568558104,0,30,17,-0.670289633985676,-0.670289633985676,-2.78814552733661,-0.670289633985676,-0.670289633985676,-2.78814552733661,0.982168759695012,0.982168759695012,0.560968369341458,0.960547523171292,0.960547523171292,0.545756639960645
5.10913897076258,4.75330731124849,1,1,1,0.242362695490786,-1.00120941207251,0,-0.328323015118661,0,23,18,6.47934967554754,6.47934967554754,3.37692938872496,6.47934967554754,6.47934967554754,3.37692938872496,0.614418027506597,0.614418027506597,0.607812180535148,0.586398876874407,0.586398876874407,0.581331718375158
5.2012875426677,7.7436568615052,1,1,1,1.10052753877313,0.202413627925394,0,-0.328323015118661,0,23,18,7.23423035205958,7.23423035205958,5.09325907528966,7.23423035205958,7.23423035205958,5.09325907528966,0.768037908837199,0.768037908837199,0.650281066716221,0.711159040277607,0.711159040277607,0.614204697148324
13.4480375049434,11.809861028574,1,1,1,1.72677974886034,-1.12841184508146,1,-0.328323015118661,0,23,18,12.7190767875842,12.7190767875842,6.34576349546408,12.7190767875842,12.7190767875842,6.34576349546408,0.908898831042615,0.908898831042615,0.595528619248155,0.85292035324084,0.85292035324084,0.571946911477975
0.829753193360121,-0.855059875824251,1,1,1,-2.07492640551282,0.401640912875166,0,-0.328323015118661,0,23,18,1.00366660961296,1.00366660961296,-1.25764881328224,1.00366660961296,1.00366660961296,-1.25764881328224,0.935674254165632,0.935674254165632,0.645073391534286,0.88709613186069,0.88709613186069,0.610132235562785
1.40676919249485,4.53540419719057,0,1,1,-0.567946287604215,-0.606936112095567,0,-0.328323015118661,0,23,18,4.22468286670064,4.22468286670064,1.75631142253496,4.22468286670064,4.22468286670064,1.75631142253496,0.670662843139313,0.670662843139313,0.636036685325295,0.630276724140056,0.630276724140056,0.603095258536298
2.36827921688005,5.86589645515458,0,0,1,-0.20343265469753,0.790172070326609,0,-0.328323015118661,0,23,18,5.20971058907257,5.20971058907257,2.48533868834833,5.20971058907257,5.20971058907257,2.48533868834833,0.629319824568164,0.629319824568164,0.624736483140611,0.597887841778349,0.597887841778349,0.594345113589765
8.56515262974936,9.24897325056613,0,1,1,-0.341141282787011,-1.4639579828043,1,-0.328323015118661,0,23,18,9.45309440758579,9.45309440758579,2.20992143216937,9.45309440758579,9.45309440758579,2.20992143216937,0.679402607849894,0.679402607849894,0.555377660679722,0.637239792903985,0.637239792903985,0.541543366462015
5.54746516138534,6.81678819463385,1,1,1,0.00194997506057973,1.0811282783195,0,-0.328323015118661,0,23,18,6.16494230204664,6.16494230204664,2.89610394786455,6.16494230204664,6.16494230204664,2.89610394786455,0.600280835356547,0.600280835356547,0.600280403802987,0.575572162609038,0.575572162609038,0.575571833089525
14.2469754017098,15.3416808841569,1,1,1,1.77534321499541,1.72232596410241,1,-0.328323015118661,0,23,18,14.5092971543555,14.5092971543555,6.44289042773422,14.5092971543555,14.5092971543555,6.44289042773422,0.886212918161598,0.886212918161598,0.516724929047128,0.826589347631487,0.826589347631487,0.512524284551178
5.8122603413097,9.23507854046595,0,0,1,1.34131088822546,0.807403147555091,0,-0.328323015118661,0,23,18,8.32672561687617,8.32672561687617,5.5748257741943,8.32672561687617,8.32672561687617,5.5748257741943,0.796099950917805,0.796099950917805,0.623513365206788,0.736275658893969,0.736275658893969,0.593401096835079
7.98103399791482,7.97780850905817,0,1,1,0.533394886456968,0.707431570543256,1,-0.328323015118661,0,23,18,9.55945319765863,9.55945319765863,3.95899377065733,9.55945319765863,9.55945319765863,3.95899377065733,0.758485871045373,0.758485871045373,0.630223172977805,0.702835037073945,0.702835037073945,0.598587090322583
5.3490359619164,5.75236853836508,1,1,1,0.504873774879159,0.495700700047549,0,-0.328323015118661,0,23,18,6.24767073152934,6.24767073152934,3.90195154750171,6.24767073152934,6.24767073152934,3.90195154750171,0.668709035862322,0.668709035862322,0.641401206376293,0.628726246719976,0.628726246719976,0.607268217404965
6.64751480723629,9.01162848352186,1,1,1,-0.0914924731833053,-0.208560310304698,1,-0.328323015118661,0,23,18,7.85271645441117,7.85271645441117,2.70921905137678,7.85271645441117,7.85271645441117,2.70921905137678,0.750213587329444,0.750213587329444,0.650172099262314,0.695708577868568,0.695708577868568,0.614119349344696
1.27641635671335,1.26373271381475,1,0,0,-0.55504913168395,0.466933308750767,0,-0.328323015118661,0,23,18,1.78210573437549,4.10013244919643,1.78210573437549,1.78210573437549,4.10013244919643,1.78210573437549,0.642607802323467,0.675433433131657,0.642607802323467,0.608208583410788,0.634071841630609,0.608208583410788
2.22070529810661,4.06445085173701,1,0,1,-1.47623477980597,-1.35725745329978,0,-0.328323015118661,0,23,18,3.88188223266926,3.88188223266926,-0.0602655618685391,3.88188223266926,3.88188223266926,-0.0602655618685391,0.788517201422513,0.788517201422513,0.5693770831292,0.729383701838639,0.729383701838639,0.552104319723072
5.88676850925884,5.56573508866131,0,1,1,0.426846403148862,0.815603288627066,0,-0.328323015118661,0,23,18,6.5111055284604,6.5111055284604,3.74589680404112,6.5111055284604,6.5111055284604,3.74589680404112,0.642969657857027,0.642969657857027,0.622921486575441,0.60849072700498,0.60849072700498,0.59294448573776
6.53657175939045,8.14489573973719,1,1,1,-0.392873352984205,-0.100872778953084,1,-0.328323015118661,0,23,18,7.2166326093087,7.2166326093087,2.10645729177498,7.2166326093087,7.2166326093087,2.10645729177498,0.76422067326562,0.76422067326562,0.651608279193892,0.707819906878675,0.707819906878675,0.615244692924685
8.21969588648554,9.51389540092164,0,1,1,-0.0643024442772053,1.98666456783688,0,-0.328323015118661,0,23,18,8.81043521428749,8.81043521428749,2.76359910918898,8.81043521428749,8.81043521428749,2.76359910918898,0.470965025863245,0.470965025863245,0.470478620345327,0.478249604918367,0.478249604918367,0.477884829424483
2.88940048362504,3.15600444688188,0,0,1,-1.39956701149317,-1.51567811514873,0,-0.328323015118661,0,23,18,4.49035012349787,4.49035012349787,0.0930699747570553,4.49035012349787,4.49035012349787,0.0930699747570553,0.75456956668454,0.75456956668454,0.548176863217667,0.699451986058765,0.699451986058765,0.53612408012208
2.0444498055172,3.94721283905572,1,1,1,-0.87278274069698,0.294775100520782,0,-0.328323015118661,0,23,18,3.33353087623647,3.33353087623647,1.14663851634943,3.33353087623647,3.33353087623647,1.14663851634943,0.725859763674988,0.725859763674988,0.648297875154142,0.675128219741426,0.675128219741426,0.612652284377877
5.5467824023108,4.71301082999432,1,0,1,0.278308708702594,1.16468362475131,0,-0.328323015118661,0,23,18,6.90530936091244,6.90530936091244,3.44882141514858,6.90530936091244,6.90530936091244,3.44882141514858,0.600552297026229,0.600552297026229,0.591733336263427,0.575779452688878,0.575779452688878,0.569056360360113
4.55454592250427,6.58988978622339,0,0,1,0.831249160184965,0.386492102081026,0,-0.328323015118661,0,23,18,6.80407846308433,6.80407846308433,4.55470231811332,6.80407846308433,6.80407846308433,4.55470231811332,0.716682808664674,0.716682808664674,0.645591534335212,0.667513046459379,0.667513046459379,0.61053685061364
11.7590228426499,14.2429202567108,0,1,1,0.926639106440635,-2.07791621798151,1,-0.328323015118661,0,23,18,14.1632180195753,14.1632180195753,4.74548221062466,14.1632180195753,14.1632180195753,4.74548221062466,0.666070164270408,0.666070164270408,0.453068042192108,0.626635565141653,0.626635565141653,0.464812054157264
9.94157660560862,9.59302263696879,1,1,1,1.68978588804205,0.149582922739724,1,0.715139008728665,1,27,19,11.1401059477938,11.1401059477938,6.01773089701841,11.1401059477938,11.1401059477938,6.01773089701841,0.815991103071166,0.815991103071166,0.41532548556517,0.754774109045758,0.754774109045758,0.436309309197001
5.24987076077431,8.0315479502264,0,1,1,1.06390202264796,-0.785996823549331,0,0.715139008728665,1,27,19,6.5481744265708,6.5481744265708,3.83038341994117,6.5481744265708,6.5481744265708,3.83038341994117,0.520010180320649,0.520010180320649,0.388258226956662,0.51498556959097,0.51498556959097,0.415655796018193
2.57313837502742,0.101725865046171,1,1,0,0.15270453050459,0.316356689609053,0,0.715139008728665,1,27,19,3.11034194881282,5.31042350387321,3.11034194881282,3.11034194881282,5.31042350387321,3.11034194881282,0.411761614439916,0.414434482556875,0.411761614439916,0.433601924251542,0.435632743314565,0.433601924251542
6.42192682535163,6.21739806792058,1,1,1,1.02104854276088,0.216687611644473,0,0.715139008728665,1,27,19,6.894314416401,6.894314416401,4.74736089536081,6.894314416401,6.894314416401,4.74736089536081,0.536362760986906,0.536362760986906,0.414197306632424,0.527248090449659,0.527248090449659,0.435452614214057
-1.60366103634796,-2.03052254817496,1,1,0,-1.74232038736613,-0.198434051041587,1,0.715139008728665,1,27,19,-1.19449862757927,3.94487744503351,-1.19449862757927,-1.19449862757927,3.94487744503351,-1.19449862757927,0.414545028978365,0.828223357372263,0.414545028978365,0.435716695595838,0.766485926119829,0.435716695595838
2.16126336246909,2.70297682503513,1,1,1,-0.285912896967647,0.463782937889802,0,0.715139008728665,1,27,19,4.69562795562678,4.69562795562678,2.38053334214909,4.69562795562678,4.69562795562678,2.38053334214909,0.415860341432603,0.415860341432603,0.406502990322942,0.436715344980671,0.436715344980671,0.429600895027661
1.840716375841,2.522258013711,0,1,0,-0.0112675760126545,0.328631722094029,0,0.715139008728665,1,27,19,2.7946727682633,5.00267157702979,2.7946727682633,2.7946727682633,5.00267157702979,2.7946727682633,0.41139899186957,0.411413527324691,0.41139899186957,0.433326262886139,0.433337313237733,0.433326262886139
-2.99232241188355,0.772033368810622,1,1,0,-0.833902245779069,-0.218257247795875,1,0.715139008728665,1,27,19,0.60251445884057,5.750150685056,0.60251445884057,0.60251445884057,5.750150685056,0.60251445884057,0.414165981897684,0.611623087908482,0.414165981897684,0.435428822793504,0.58425313465162,0.435428822793504
7.27381361305783,9.69780568759345,0,1,1,1.27522439684959,-2.21625354562948,0,0.715139008728665,1,27,19,9.83455122477952,9.83455122477952,2.82277144626429,9.83455122477952,9.83455122477952,2.82277144626429,0.378033845914244,0.378033845914244,0.218847005961981,0.407792225316904,0.407792225316904,0.277232622937916
3.17217761038801,0.981415823028016,1,1,0,-0.243538959425173,0.815300972480338,0,0.715139008728665,1,27,19,2.81679925182457,5.58151492755196,2.81679925182457,2.81679925182457,5.58151492755196,2.81679925182457,0.386150527506693,0.392824222583822,0.386150527506693,0.414037830575902,0.419155664524472,0.414037830575902
4.20946471818785,3.74116826324287,0,1,0,0.883842053608482,0.748560842744144,0,0.715139008728665,1,27,19,5.00482114815569,7.66516448344551,5.00482114815569,5.00482114815569,7.66516448344551,5.00482114815569,0.390844015691942,0.481348986412393,0.390844015691942,0.417638680883583,0.486032770502454,0.417638680883583
8.73227459356298,8.23463036264891,1,1,1,0.767323406675576,-0.0848469570090013,1,0.715139008728665,1,27,19,9.04557506065042,9.04557506065042,3.93837605453673,9.04557506065042,9.04557506065042,3.93837605453673,0.601412448944228,0.601412448944228,0.416022506183949,0.576436419844801,0.576436419844801,0.43683843810662
0.349135237742221,1.90556185490232,1,1,0,0.381037384201611,-1.03558017063385,0,0.715139008728665,1,27,19,2.21507079596396,5.38749708577398,2.21507079596396,2.21507079596396,5.38749708577398,2.21507079596396,0.368015714207942,0.384144877346246,0.368015714207942,0.400048727881524,0.412496754084743,0.400048727881524
0.298347853710731,0.798367526570391,1,0,1,-1.33586303905672,0.74219269653013,0,0.715139008728665,1,27,19,3.20989281539393,3.20989281539393,0.559042816611264,3.20989281539393,3.20989281539393,0.559042816611264,0.598947651925502,0.598947651925502,0.391271889792159,0.574554458631917,0.574554458631917,0.417966574103667
5.2197169811423,3.95349883298942,0,1,1,0.0988695648338563,-0.212109588488764,0,0.715139008728665,1,27,19,4.6191962169024,4.6191962169024,2.47420573937353,4.6191962169024,4.6191962169024,2.47420573937353,0.415409176486078,0.415409176486078,0.414287381140057,0.436372847918194,0.436372847918194,0.435521025217263
3.7277573002657,4.69930009553758,1,1,1,-0.573495540751674,-0.0989491018075598,0,0.715139008728665,1,27,19,3.3524269396322,3.3524269396322,1.24263601488367,3.3524269396322,3.3524269396322,1.24263601488367,0.45407622773831,0.45407622773831,0.415903439197186,0.465570031824978,0.465570031824978,0.436748059507272
-0.196080944767574,2.85909356718097,1,1,0,0.102148106034195,-0.0225817597457283,0,0.715139008728665,1,27,19,2.67029065051724,4.77080058639046,2.67029065051724,2.67029065051724,4.77080058639046,2.67029065051724,0.416329830345748,0.4175289028552,0.416329830345748,0.43707169816034,0.43798157333555,0.43707169816034
4.02349908451466,4.25320401772976,0,0,0,0.386933717625077,1.0807585612644,0,0.715139008728665,1,27,19,4.34320219470914,7.61124126245544,4.34320219470914,4.34320219470914,7.61124126245544,4.34320219470914,0.363811952700802,0.380376115591789,0.363811952700802,0.3967871705495,0.409597036944049,0.3967871705495
2.07553451314953,3.00529599877014,1,0,0,0.368420018095622,-0.183523802065378,0,0.715139008728665,1,27,19,3.04189243232045,5.17557341824498,3.04189243232045,3.04189243232045,5.17557341824498,3.04189243232045,0.414806424866196,0.430459088342053,0.414806424866196,0.435915195085228,0.447771862541865,0.435915195085228
3.69321629809349,6.19079451598447,1,1,1,-0.44860269505598,1.14764581625464,0,0.715139008728665,1,27,19,6.15610754390405,6.15610754390405,2.73901662433726,6.15610754390405,6.15610754390405,2.73901662433726,0.379473413540175,0.379473413540175,0.357298263529728,0.408901713423352,0.408901713423352,0.391718177706921
-1.43296560733297,-2.30590289263805,0,1,0,-0.759949947529295,-1.60306481415761,0,0.715139008728665,1,27,19,-0.634388511021613,4.03542828736854,-0.634388511021613,-0.634388511021613,4.03542828736854,-0.634388511021613,0.304701468610205,0.365657554188474,0.304701468610205,0.349972364564716,0.398220037502797,0.349972364564716
3.49395864232808,3.31826485366389,1,1,1,-0.304209729176063,-0.0519729891958101,0,0.715139008728665,1,27,19,3.93088494225259,3.93088494225259,1.82818375064665,3.93088494225259,3.93088494225259,1.82818375064665,0.426894747723418,0.426894747723418,0.416229147956389,0.445076780650842,0.445076780650842,0.436995282498323
2.9825097874509,1.22827012851971,1,1,1,-0.0835119447396213,-0.718473401397024,0,0.715139008728665,1,27,19,4.21928293583332,4.21928293583332,1.60307890731832,4.21928293583332,4.21928293583332,1.60307890731832,0.393622080206858,0.393622080206858,0.392834766647275,0.41976651689442,0.41976651689442,0.419163738583365
7.66383859341617,6.36112557719267,0,1,1,0.117346194215462,-1.32989000498971,1,0.715139008728665,1,27,19,8.26198600700733,8.26198600700733,1.39337858163579,8.26198600700733,8.26198600700733,1.39337858163579,0.451893229438306,0.451893229438306,0.337879270834522,0.463928626859109,0.463928626859109,0.376486203760192
10.3478959156851,10.7256713323596,1,1,1,-0.111022843696011,2.16641305345831,0,0.715139008728665,1,27,19,11.2262890824554,11.2262890824554,4.43294356426087,11.2262890824554,11.2262890824554,4.43294356426087,0.227128160737414,0.227128160737414,0.226092908483918,0.284587413730484,0.284587413730484,0.28367272949382
8.90234018815708,7.6256256600008,1,1,1,2.59991587817255,-0.622321705791445,0,0.715139008728665,1,27,19,9.55337055424741,9.55337055424741,7.06608624874824,9.55337055424741,9.55337055424741,7.06608624874824,0.944543985830167,0.944543985830167,0.398668509783414,0.899399635894994,0.899399635894994,0.423625417569558
3.28082455585363,3.34832465206784,1,0,1,0.113782169607724,0.107387474366181,0,0.715139008728665,1,27,19,4.93506008142696,4.93506008142696,2.82352801177621,4.93506008142696,4.93506008142696,2.82352801177621,0.417310869180703,0.417310869180703,0.415823460117751,0.437816152412332,0.437816152412332,0.436687348848004
3.56792370921736,1.17141489976661,0,1,1,0.537624455502903,-0.127018382646248,0,1.26697760524958,1,30,20,4.45913194568566,4.45913194568566,2.34299827615559,4.45913194568566,4.45913194568566,2.34299827615559,0.38577301069841,0.38577301069841,0.353881677308749,0.413747867744156,0.413747867744156,0.389051650598637
-0.370247349615298,-2.88766526219838,0,0,0,-0.67379415941435,0.942727465634229,0,1.26697760524958,1,30,20,0.98990689460156,3.9786419690627,0.98990689460156,0.98990689460156,3.9786419690627,0.98990689460156,0.316981912260556,0.365335506885637,0.316981912260556,0.35986608012769,0.397970115422597,0.35986608012769
-0.516306106940123,-2.22868858147511,0,0,0,-0.62483807351302,0.145199506316428,0,1.26697760524958,1,30,20,0.290291107086419,2.41137400372095,0.290291107086419,0.290291107086419,2.41137400372095,0.290291107086419,0.353667123266015,0.396976004442466,0.353667123266015,0.38888401613624,0.42233208969312,0.38888401613624
6.16865716128986,4.71616795554737,1,0,1,0.25707560694079,-0.650149869395251,1,1.26697760524958,1,30,20,6.78146394495702,6.78146394495702,1.25876909228236,6.78146394495702,6.78146394495702,1.25876909228236,0.456440987550211,0.456440987550211,0.336450380535243,0.467347386595649,0.467347386595649,0.375357744704682
5.7476165918006,2.9860519500347,1,0,1,1.38527032833181,-0.278766436634015,0,1.26697760524958,1,30,20,6.06425269401925,6.06425269401925,3.88654196782563,6.06425269401925,6.06425269401925,3.88654196782563,0.572785670909499,0.572785670909499,0.351216271381759,0.554681459358435,0.554681459358435,0.386967570210234
4.70389875854586,3.45219231898497,1,1,1,-0.11065623355002,0.333088654630758,0,1.26697760524958,1,30,20,3.71749198717048,3.71749198717048,1.50654393532675,3.71749198717048,3.71749198717048,1.50654393532675,0.351102827913463,0.351102827913463,0.349781232308489,0.386878793118686,0.386878793118686,0.385844095792615
3.42131117691989,-1.06607988760167,0,0,1,-0.128339084319888,-0.518318768678421,0,1.26697760524958,1,30,20,2.98842515644215,2.98842515644215,0.619770810477833,2.98842515644215,2.98842515644215,0.619770810477833,0.344770652958596,0.344770652958596,0.343007874779997,0.381913393054484,0.381913393054484,0.380527508873268
2.7097596053106,-1.6059558993885,0,1,0,0.0138473202318832,-0.440661431216155,0,1.26697760524958,1,30,20,0.981800957043641,3.27598345400511,0.981800957043641,0.981800957043641,3.27598345400511,0.981800957043641,0.346198966520117,0.346219550624431,0.346198966520117,0.383035159706752,0.383051318470329,0.383035159706752
0.341198957639103,-2.09931092595283,0,0,0,-0.29449227794996,-1.29517167800989,0,1.26697760524958,1,30,20,-0.489388486113782,3.28808118940518,-0.489388486113782,-0.489388486113782,3.28808118940518,-0.489388486113782,0.285409718601142,0.293907175604445,0.285409718601142,0.334213548527397,0.341189348619451,0.334213548527397
6.79733312272557,3.46838201188998,0,0,0,1.06186028598056,3.0056242428506,0,1.26697760524958,1,30,20,6.52411256260776,17.657889651819,6.52411256260776,6.52411256260776,17.657889651819,6.52411256260776,0.0879213047500157,0.143089442281377,0.0879213047500157,0.143217235722213,0.204851220982763,0.143217235722213
0.0985080491252015,-2.28520425083804,1,0,0,-0.420693034445237,-0.687658802380392,0,1.26697760524958,1,30,20,-0.134277123474836,2.4385975050164,-0.134277123474836,-0.134277123474836,2.4385975050164,-0.134277123474836,0.334327024586016,0.353262587834076,0.334327024586016,0.373678772344937,0.388567886880548,0.373678772344937
3.01020103534911,1.01660726223131,0,0,1,-0.0821872006777801,-0.955932125676909,0,1.26697760524958,1,30,20,3.28826744966473,3.28826744966473,0.274461220763561,3.28826744966473,3.28826744966473,0.274461220763561,0.316645197245144,0.316645197245144,0.315951028187192,0.359596126574383,0.359596126574383,0.359039364168201
2.98988510842325,0.884845379704511,0,0,1,-0.414593179394912,0.622902568065222,0,1.26697760524958,1,30,20,3.67649156637368,3.67649156637368,1.18848395707143,3.67649156637368,3.67649156637368,1.18848395707143,0.356393458084366,0.356393458084366,0.337921875979679,0.39101253658169,0.39101253658169,0.376519833984507
1.06367308167404,-0.428607461139622,1,0,0,-0.690000346767473,1.30463158272578,0,1.26697760524958,1,30,20,1.31939863698686,5.12146220363244,1.31939863698686,1.31939863698686,5.12146220363244,1.31939863698686,0.284454807315402,0.332683779635993,0.284454807315402,0.333426067431179,0.372377715555494,0.333426067431179
9.61610168038496,7.6770009558193,1,1,1,2.3611075113138,-0.873340996181408,1,1.26697760524958,1,30,20,11.1063662698534,11.1063662698534,5.24364177424222,11.1063662698534,11.1063662698534,5.24364177424222,0.91676469831329,0.91676469831329,0.322189188370151,0.862562281225487,0.862562281225487,0.364031831396352
2.63510499135675,-0.690895883870642,1,1,0,0.387273677149086,0.422787129355467,1,1.26697760524958,1,30,20,2.59210223144967,7.8708511881983,2.59210223144967,2.59210223144967,7.8708511881983,2.59210223144967,0.346861956276815,0.477767222082303,0.346861956276815,0.383555507283212,0.483348923713539,0.383555507283212
-0.194990921115229,-5.60563554571039,0,1,0,-0.627856429175769,-0.46540673541463,1,1.26697760524958,1,30,20,-0.326351845970139,4.99025158339916,-0.326351845970139,-0.326351845970139,4.99025158339916,-0.326351845970139,0.345236830665114,0.504789763281094,0.345236830665114,0.382279632785078,0.503586170715439,0.382279632785078
2.57936596330899,0.0750015637885164,0,0,0,0.515357156422775,0.0988957791541651,0,1.26697760524958,1,30,20,2.52437783979575,4.63415821493025,2.52437783979575,2.52437783979575,4.63415821493025,2.52437783979575,0.354157181471169,0.383431075983679,0.354157181471169,0.389266874447033,0.411947945890864,0.389266874447033
0.879407912010244,-2.47536797580224,1,0,1,-0.855073941920315,-0.510814154158736,0,1.26697760524958,1,30,20,1.53473680988557,1.53473680988557,-0.826194290203336,1.53473680988557,1.53473680988557,-0.826194290203336,0.424985474947041,0.424985474947041,0.343338189478342,0.443632012853192,0.443632012853192,0.380787321795532
15.7209691994156,14.1419525110645,1,0,1,1.29146480049393,2.67254153330559,0,1.26697760524958,1,30,20,15.8927171293329,15.8927171293329,6.65023888208948,15.8927171293329,15.8927171293329,6.65023888208948,0.23772681733195,0.23772681733195,0.122384229517574,0.293877111595603,0.293877111595603,0.182901084773233
5.13506043627898,0.183992840314964,1,0,1,0.129264129071282,0.163937487839369,0,1.26697760524958,1,30,20,3.94410899369705,3.94410899369705,1.81723349377796,3.94410899369705,3.94410899369705,1.81723349377796,0.355228189918853,0.355228189918853,0.353416079482248,0.390103206949847,0.390103206949847,0.388687843983267
1.11918277207459,-1.97215582613762,0,0,0,-0.548022063109323,0.613874425645446,1,1.26697760524958,1,30,20,0.912598047222831,6.38943985768436,0.912598047222831,0.912598047222831,6.38943985768436,0.912598047222831,0.338396189565723,0.486149206342531,0.338396189565723,0.376894165722948,0.489628558799564,0.376894165722948
0.515530527225552,-5.23036856660822,1,0,0,-0.0773707366338946,-0.98862459598984,0,1.26697760524958,1,30,20,0.251401678538402,3.32878027033448,0.251401678538402,0.251401678538402,3.32878027033448,0.251401678538402,0.31334480477102,0.313957329687549,0.31334480477102,0.356946257999173,0.357438583926046,0.356946257999173
0.414839409304848,-4.00372198571929,0,1,0,-0.2752776324801,-0.0932984525978932,1,1.26697760524958,1,30,20,0.750914030237937,5.8596186314951,0.750914030237937,0.750914030237937,5.8596186314951,0.750914030237937,0.354203840471528,0.47703862914586,0.354203840471528,0.389303320910771,0.482802886405432,0.389303320910771
2.99757199507224,0.149133236775819,0,1,1,-0.22589279951182,-0.809855138139561,0,1.26697760524958,1,30,20,2.88899235540388,2.88899235540388,0.133127010632829,2.88899235540388,2.88899235540388,0.133127010632829,0.331989288545577,0.331989288545577,0.32663845060303,0.371827389300477,0.371827389300477,0.367578034834653
12.2021485253109,9.21534399436932,1,0,1,1.0036342289707,2.15657915398969,0,1.26697760524958,1,30,20,12.30944900715,12.30944900715,5.55861535972713,12.30944900715,12.30944900715,5.55861535972713,0.268040645282218,0.268040645282218,0.18429672694247,0.319769785095764,0.319769785095764,0.245498222292373
2.46802728175516,-0.849773899046744,0,0,1,-0.923932316747625,-0.26378715481833,0,1.26697760524958,1,30,20,1.4526996225296,1.4526996225296,-0.716884040517551,1.4526996225296,1.4526996225296,-0.716884040517551,0.448111787632543,0.448111787632543,0.351567553925689,0.461083748119795,0.461083748119795,0.387242432825829
12.2900935813347,9.44157585857565,1,0,1,1.74726946761719,-2.07961771909341,1,1.26697760524958,1,30,20,12.2344988215043,12.2344988215043,2.80968896393699,12.2344988215043,12.2344988215043,2.80968896393699,0.622232781774824,0.622232781774824,0.193923667848669,0.592413346283501,0.592413346283501,0.254525981959064
8.8121543573729,3.21546995249374,1,1,1,1.27907297873083,-2.06312226493102,0,1.26697760524958,1,30,20,8.2462649203808,8.2462649203808,1.88979144032667,8.2462649203808,8.2462649203808,1.88979144032667,0.347392665090328,0.347392665090328,0.195987634589472,0.383971875261042,0.383971875261042,0.256441692331785
-1.68682085848323,-4.88672209102745,1,1,0,-0.820922557771441,-0.58709275874583,0,1.26697760524958,1,30,20,-0.834170126492682,1.61050778087911,-0.834170126492682,-0.834170126492682,1.61050778087911,-0.834170126492682,0.339764218044934,0.414539810262306,0.339764218044934,0.377973148189071,0.435712732416008,0.377973148189071
4.14833885975866,4.23693195759624,1,1,1,-0.260429925295348,0.545115258384147,0,-0.607319590139109,1,25,21,5.05256896814993,5.05256896814993,2.65541832322672,5.05256896814993,5.05256896814993,2.65541832322672,0.565296736136544,0.565296736136544,0.557407004465411,0.549022399408228,0.549022399408228,0.543072108937543
5.84246864821838,4.31233821794709,1,0,1,-0.56659651765562,-1.10943193220625,1,-0.607319590139109,1,25,21,6.71937716011467,6.71937716011467,0.388537947915775,6.71937716011467,6.71937716011467,0.388537947915775,0.6635453824187,0.6635453824187,0.513567487725515,0.624638904559122,0.624638904559122,0.510159245079091
4.53518599507449,6.96407925765042,1,1,1,0.770552674668723,0.619903042078687,0,-0.607319590139109,1,25,21,7.27645108842781,7.27645108842781,4.7921713068494,7.27645108842781,7.27645108842781,4.7921713068494,0.621265212313774,0.621265212313774,0.553341811667081,0.59166744753693,0.59166744753693,0.540010393489513
4.03986017007808,2.46323494846261,1,0,1,-1.41491122658553,-0.979747224563151,1,-0.607319590139109,1,25,21,4.88149786173825,4.88149786173825,-1.17840676230094,4.88149786173825,4.88149786173825,-1.17840676230094,0.822700564796376,0.822700564796376,0.526337949178781,0.761164032410077,0.761164032410077,0.519728129293224
4.92453225733578,3.82292385917536,0,0,1,-0.0495395955287168,-1.48250670765868,0,-0.607319590139109,1,25,21,5.34740315497014,5.34740315497014,1.04957701671715,5.34740315497014,5.34740315497014,1.04957701671715,0.468250654081628,0.468250654081628,0.46796212948691,0.476213722841155,0.476213722841155,0.475997279667958
3.18266271092315,2.47959299136919,0,0,1,-1.00735888448199,0.581361255000041,0,-0.607319590139109,1,25,21,3.63578731028455,3.63578731028455,1.19780640146933,3.63578731028455,3.63578731028455,1.19780640146933,0.668915794226406,0.668915794226406,0.555502862373085,0.628890220070225,0.628890220070225,0.541637663670158
11.0918351488882,9.60020683510668,1,1,1,2.52365497343543,-1.21003787849949,0,-0.607319590139109,1,25,21,10.0326266512082,10.0326266512082,6.46843498380463,10.0326266512082,10.0326266512082,6.46843498380463,0.956162488765519,0.956162488765519,0.502554329040908,0.916488217811654,0.916488217811654,0.501912444422416
8.0115948631647,6.66234145343683,0,0,1,0.639096890552986,-1.91405270802477,0,-0.607319590139109,1,25,21,7.75890175761142,7.75890175761142,1.99530398851447,7.75890175761142,7.75890175761142,1.99530398851447,0.447117389617128,0.447117389617128,0.400022464134687,0.460335283252548,0.460335283252548,0.424659405557898
12.0240563206426,11.6508589983899,1,1,1,2.04846886892212,0.587396369508504,1,-0.607319590139109,1,25,21,12.7605315176978,12.7605315176978,7.31549702278602,12.7605315176978,12.7605315176978,7.31549702278602,0.938472055872236,0.938472055872236,0.555173755609244,0.890915266830773,0.890915266830773,0.541389798259556
10.8429245787987,10.6078894156933,1,0,1,-0.128352002192146,1.55539535071131,1,-0.607319590139109,1,25,21,11.4491089587746,11.4491089587746,3.92985426176028,11.4491089587746,11.4491089587746,3.92985426176028,0.576849076373737,0.576849076373737,0.457564309065528,0.557756968889633,0.557756968889633,0.468191425290862
4.26136306625182,2.90156544159221,0,0,1,-0.0251409636007529,0.248050647440524,0,-0.607319590139109,1,25,21,4.99046075936795,4.99046075936795,2.82893163567228,4.99046075936795,4.99046075936795,2.82893163567228,0.568435633851251,0.568435633851251,0.568362365833445,0.551392940297349,0.551392940297349,0.551337584935753
7.57204672267062,6.32454860549704,0,0,1,1.73250876587071,-0.595363289500968,0,-0.607319590139109,1,25,21,7.95527460415913,7.95527460415913,5.50081715767372,7.95527460415913,7.95527460415913,5.50081715767372,0.839093651106277,0.839093651106277,0.55473402692527,0.777135957647479,0.777135957647479,0.541058645650966
10.311600456677,9.93557225893553,1,0,1,1.30671863655291,0.591242163561472,1,-0.607319590139109,1,25,21,11.2854096480734,11.2854096480734,5.83584235210056,11.2854096480734,11.2854096480734,5.83584235210056,0.819133558864144,0.819133558864144,0.554962239479298,0.757756860519733,0.757756860519733,0.541230504982353
3.80529025241044,2.32296775167527,1,0,1,-0.971093055711611,0.517171138233234,0,-0.607319590139109,1,25,21,3.57361392846473,3.57361392846473,1.20614794224328,3.57361392846473,3.57361392846473,1.20614794224328,0.664322541147007,0.664322541147007,0.558790359896219,0.625253127139142,0.625253127139142,0.544114611515381
5.86455066976998,6.77991332571874,1,0,1,1.13574252560276,-0.295087966399639,0,-0.607319590139109,1,25,21,6.79463690815301,6.79463690815301,4.60756000023914,6.79463690815301,6.79463690815301,4.60756000023914,0.707194215452656,0.707194215452656,0.56717739387774,0.659711657066236,0.659711657066236,0.550442465846587
1.15567305653371,1.20201313446208,1,1,1,-1.95963764791692,-1.69595773497109,0,-0.607319590139109,1,25,21,1.9922025234366,1.9922025234366,-2.98407011537167,1.9922025234366,1.9922025234366,-2.98407011537167,0.827687079304992,0.827687079304992,0.436224082412521,0.765966613903004,0.765966613903004,0.452125451101465
5.80334193578253,5.71713617025184,1,1,1,-0.61158351678569,1.6941356687357,0,-0.607319590139109,1,25,21,8.07222721468014,8.07222721468014,3.10213155059758,8.07222721468014,8.07222721468014,3.10213155059758,0.480337216256616,0.480337216256616,0.436511191128916,0.485274718074078,0.485274718074078,0.452342101119154
16.6768613402089,15.274026893038,0,0,1,0.385140535708672,2.65222628681969,1,-0.607319590139109,1,25,21,18.1879745501677,18.1879745501677,6.0536702736703,18.1879745501677,18.1879745501677,6.0536702736703,0.377542463323607,0.377542463323607,0.260029519737836,0.407413332280514,0.407413332280514,0.313016931342545
8.81155958511747,5.20237431735485,0,0,1,0.805193353197506,0.626367341644053,0,-0.607319590139109,1,25,21,7.36025301015057,7.36025301015057,4.86791696347233,7.36025301015057,7.36025301015057,4.86791696347233,0.626970496594753,0.626970496594753,0.552965578228247,0.596070864216135,0.596070864216135,0.539727165095323
10.7613839044139,9.10506098941236,0,0,1,-0.989323327530569,-3.34925176795008,0,-0.607319590139109,1,25,21,10.6207518975388,10.6207518975388,-2.69673550757795,10.6207518975388,10.6207518975388,-2.69673550757795,0.201241980671035,0.201241980671035,0.135715895070324,0.261288486880412,0.261288486880412,0.197170242428424
7.99654318283004,6.81022317431751,1,1,1,0.43880349224354,-0.669172253638349,1,-0.607319590139109,1,25,21,8.38738915132142,8.38738915132142,2.83959764628199,8.38738915132142,8.38738915132142,2.83959764628199,0.68284109468895,0.68284109468895,0.550374221659399,0.639992045783344,0.639992045783344,0.537776978932195
3.37751697037939,2.65804030986524,0,0,1,-0.209885400363709,-0.737795546363356,0,-0.607319590139109,1,25,21,4.11793883657609,4.11793883657609,1.47359656834249,4.11793883657609,4.11793883657609,1.47359656834249,0.551008992680546,0.551008992680546,0.545856397391104,0.538254597542652,0.538254597542652,0.534379312178019
6.27608106476483,4.29937665063239,1,1,1,0.943033414708237,-0.164175960804516,0,-0.607319590139109,1,25,21,6.48000753015131,6.48000753015131,4.35305378404522,6.48000753015131,6.48000753015131,4.35305378404522,0.668805493643967,0.668805493643967,0.569964872002025,0.628802741228931,0.628802741228931,0.552548557564772
4.82942982439841,5.22693639423984,1,1,1,-0.904251375428839,-0.486352368723186,1,-0.607319590139109,1,25,21,5.67284642241506,5.67284642241506,0.336307795852401,5.67284642241506,5.67284642241506,0.336307795852401,0.751204815455183,0.751204815455183,0.560230702942647,0.696558643787096,0.696558643787096,0.545200410615688
9.6877933173261,8.52477487912368,1,1,1,1.46120476264239,0.829471687561791,0,-0.607319590139109,1,25,21,9.17106740874644,9.17106740874644,6.38304412827984,9.17106740874644,9.17106740874644,6.38304412827984,0.763238282796931,0.763238282796931,0.539120121247202,0.70696331641039,0.70696331641039,0.529318213868284
6.53759712529442,8.84559056266547,1,0,1,-0.479035096097906,0.159890458217856,1,0.328282804141689,1,25,22,7.21961562515603,7.21961562515603,2.09405066652691,7.21961562515603,7.21961562515603,2.09405066652691,0.60370075029948,0.60370075029948,0.460129208692501,0.578185296106779,0.578185296106779,0.470118057367848
9.46174637525054,9.74447733495491,1,1,1,0.244956846655219,-0.77094053159241,1,0.328282804141689,1,25,22,8.30555286547489,8.30555286547489,2.6112035622229,8.30555286547489,8.30555286547489,2.6112035622229,0.558050447564056,0.558050447564056,0.433572803697015,0.543556969919261,0.543556969919261,0.450124076977774
8.93052541367349,8.5745540872463,1,0,1,0.621411782618725,-1.02080234918008,1,0.328282804141689,1,25,22,9.25628905265381,9.25628905265381,3.11425161656224,9.25628905265381,9.25628905265381,3.11425161656224,0.575113417507156,0.575113417507156,0.412915715446148,0.556442835149829,0.556442835149829,0.434479027228267
5.41126338263528,5.62867010075431,0,0,1,-0.380007469489457,0.579287050953792,0,0.328282804141689,1,25,22,5.14707599988249,5.14707599988249,2.71150251247975,5.14707599988249,5.14707599988249,2.71150251247975,0.462523406949696,0.462523406949696,0.445618882105924,0.471915778950961,0.471915778950961,0.459207095218319
2.99036531756334,2.2053125139873,1,1,1,-1.43921737648181,-0.352053357910941,0,0.328282804141689,1,25,22,1.88568385644668,1.88568385644668,-0.338257710369692,1.88568385644668,1.88568385644668,-0.338257710369692,0.690280717908133,0.690280717908133,0.455516461247791,0.645972866460499,0.645972866460499,0.466652598551966
3.76024612233374,2.79198422041269,0,1,1,-1.32475104662072,-0.569683035194664,0,0.328282804141689,1,25,22,2.09758403265736,2.09758403265736,-0.326954727931244,2.09758403265736,2.09758403265736,-0.326954727931244,0.648654633341573,0.648654633341573,0.446134005253171,0.612931408742517,0.612931408742517,0.459594958017459
2.69829057704635,0.988259596866775,0,1,0,-1.16401937803385,0.301392316477514,0,0.328282804141689,1,25,22,0.865583960914688,3.05642128934637,0.865583960914688,0.865583960914688,3.05642128934637,0.865583960914688,0.457067901457226,0.614892079972275,0.457067901457226,0.46781845512771,0.586763089988197,0.46781845512771
3.64702458618777,4.6892398202109,0,1,1,-0.227406912716692,-0.497932649535974,0,0.328282804141689,1,25,22,4.28742084900943,4.28742084900943,1.93948392553551,4.28742084900943,4.28742084900943,1.93948392553551,0.455764296312534,0.455764296312534,0.449712913930651,0.466838859099011,0.466838859099011,0.462288572707784
4.77796284055293,2.01405505769089,1,0,1,-1.46721192638332,-1.15189038381153,0,0.328282804141689,1,25,22,2.23276762024418,2.23276762024418,-1.1940838360733,2.23276762024418,2.23276762024418,-1.1940838360733,0.648310996273682,0.648310996273682,0.399919858979962,0.612662549135897,0.612662549135897,0.424581067632985
3.89537897037098,3.49570317594909,1,1,1,-0.20190659798854,-0.405039340571509,0,0.328282804141689,1,25,22,4.34743473136688,4.34743473136688,2.08337786395628,4.34743473136688,4.34743473136688,2.08337786395628,0.458413398152372,0.458413398152372,0.453637549389097,0.468829308437777,0.468829308437777,0.465240239964451
10.0943759096663,10.5713838071275,1,1,1,-0.108503106374518,1.31983186236465,1,0.328282804141689,1,25,22,10.8370121950334,10.8370121950334,3.99505605012048,10.8370121950334,10.8370121950334,3.99505605012048,0.498431218344046,0.498431218344046,0.381221272153657,0.498825439499976,0.498825439499976,0.410247760201101
6.39967846857523,7.98422208287579,1,0,1,0.614193633124493,-1.41742603552252,0,0.328282804141689,1,25,22,6.81228819740842,6.81228819740842,2.70319163123134,6.81228819740842,6.81228819740842,2.70319163123134,0.411817044570985,0.411817044570985,0.369359450728341,0.43364405850771,0.43364405850771,0.401089718078094
8.99441428745263,10.0881855594248,1,1,1,0.46260674793936,0.47145352691367,1,0.328282804141689,1,25,22,9.6111658513366,9.6111658513366,4.28889742329726,9.6111658513366,9.6111658513366,4.28889742329726,0.592999274241422,0.592999274241422,0.450913297468737,0.570020069028528,0.570020069028528,0.46319159691854
10.4250810362305,8.93841467035462,0,0,1,0.896553078434827,0.0505582045608364,1,0.328282804141689,1,25,22,9.83845089398378,9.83845089398378,4.73589476193536,9.83845089398378,9.83845089398378,4.73589476193536,0.667611185376915,0.667611185376915,0.461209029050432,0.627855983477576,0.627855983477576,0.470928937199472
14.0440464506933,15.7069071336545,1,0,1,1.97125964506596,1.37993932624325,1,0.328282804141689,1,25,22,15.2189215609927,15.2189215609927,8.21468901688004,15.2189215609927,15.2189215609927,8.21468901688004,0.859444963933072,0.859444963933072,0.373998642528873,0.797772912873477,0.797772912873477,0.404678019962774
7.1862626115435,7.47648937285305,1,0,1,0.498911658355018,0.887243146503563,0,0.328282804141689,1,25,22,7.66449726473601,7.66449726473601,4.77729686371847,7.66449726473601,7.66449726473601,4.77729686371847,0.453597215684765,0.453597215684765,0.424643152390103,0.465209916385918,0.465209916385918,0.44337288852537
8.98648497262089,9.23192853637019,1,1,1,0.214181304438187,-1.26496083142808,1,0.328282804141689,1,25,22,8.75575808300038,8.75575808300038,2.05563217795316,8.75575808300038,8.75575808300038,2.05563217795316,0.509150528895643,0.509150528895643,0.387575305252866,0.506851414006797,0.506851414006797,0.415131723326832
7.4923319941769,6.55784352803961,1,1,1,0.239996143823677,0.348077666209068,0,0.328282804141689,1,25,22,5.94145841607484,5.94145841607484,3.72030035436129,5.94145841607484,5.94145841607484,3.72030035436129,0.462401163262551,0.462401163262551,0.455646879811929,0.471824005772558,0.471824005772558,0.466750615665878
3.61677887101284,5.38437132203748,0,0,1,-0.473199665556592,0.342613500454283,0,0.328282804141689,1,25,22,4.5058285805395,4.5058285805395,2.28844456984597,4.5058285805395,4.5058285805395,2.28844456984597,0.482148289299309,0.482148289299309,0.455823718740293,0.486631596212877,0.486631596212877,0.466883516874084
7.4716250274325,7.51987991208323,1,1,1,-0.267000641069896,0.692686771855724,0,0.328282804141689,1,25,22,5.63073085412471,5.63073085412471,3.0509158902208,5.63073085412471,5.63073085412471,3.0509158902208,0.447205575984668,0.447205575984668,0.438896012446156,0.460401665615241,0.460401665615241,0.454141081164266
7.86411054764287,7.91804555704247,1,0,1,0.0941234449479473,0.128509878546702,1,0.328282804141689,1,25,22,8.32550195783156,8.32550195783156,3.20898716894747,8.32550195783156,8.32550195783156,3.20898716894747,0.57891035471292,0.57891035471292,0.460553897520113,0.559318535781791,0.559318535781791,0.470436988896585
9.5282056724079,10.1168758767585,1,1,1,0.715454288261221,-0.265495635381801,1,0.328282804141689,1,25,22,9.22813127405229,9.22813127405229,4.05764334164551,9.22813127405229,9.22813127405229,4.05764334164551,0.633226976196411,0.633226976196411,0.458021977691354,0.600914649939633,0.600914649939633,0.468535262448549
4.88158744403955,5.65166757022305,0,0,1,-0.538445966196621,0.192536701914627,0,0.328282804141689,1,25,22,4.14494555161042,4.14494555161042,2.00787517002625,4.14494555161042,4.14494555161042,2.00787517002625,0.493723083201667,0.493723083201667,0.459589384160501,0.495300316756871,0.495300316756871,0.4697126314362
7.11389423645069,7.0177395946102,1,0,1,0.107490706509941,0.622858368874742,0,0.328282804141689,1,25,22,6.2180227300768,6.2180227300768,3.73007018239949,6.2180227300768,6.2180227300768,3.73007018239949,0.444522533552765,0.444522533552765,0.44317525744298,0.458381456924144,0.458381456924144,0.45736658262544
5.54302482562921,4.37538076117315,0,1,1,-0.141298819348102,-1.37638954941058,0,0.328282804141689,1,25,22,5.22769140412474,5.22769140412474,1.23324321239809,5.22769140412474,5.22769140412474,1.23324321239809,0.376649639750163,0.376649639750163,0.374432646506574,0.406724661508022,0.406724661508022,0.405013271067787
1.07414972454284,0.855261072055816,1,1,0,-0.906394070623695,-0.255448395614216,0,0.0388502439879003,1,22,23,0.930254121680474,3.09550800450235,0.930254121680474,0.930254121680474,3.09550800450235,0.930254121680474,0.492334821633088,0.588401778267633,0.492334821633088,0.494260820513501,0.566522273692961,0.494260820513501
4.21029611998614,3.28717962034404,1,1,0,0.548023977224737,0.193028386012536,0,0.0388502439879003,1,22,23,4.28756699900409,6.4248269568107,4.28756699900409,4.28756699900409,6.4248269568107,4.28756699900409,0.49365613595038,0.529070209033665,0.49365613595038,0.495250189156168,0.521776811670332,0.495250189156168
-0.929679749592224,-2.23614888427029,1,1,0,-2.01355161673271,-0.469295922509945,0,0.0388502439879003,1,22,23,-1.49790849743328,0.822330165451176,-1.49790849743328,-1.49790849743328,0.822330165451176,-1.49790849743328,0.48502185895118,0.866981353695523,0.48502185895118,0.488784170507089,0.80567565818172,0.488784170507089
-2.16033616202804,-3.52212133450322,0,0,0,-2.9544444840306,-0.0388804544101118,1,0.0388502439879003,1,22,23,-2.94927876392924,2.1522329258059,-2.94927876392924,-2.94927876392924,2.1522329258059,-2.94927876392924,0.495343575858849,0.991182306153773,0.495343575858849,0.496513658464799,0.978883598627444,0.496513658464799
6.16936345375246,5.19495544292015,0,1,0,1.034516406422,1.04673568245512,0,0.0388502439879003,1,22,23,6.1142591538412,9.30991474276598,6.1142591538412,6.1142591538412,9.30991474276598,6.1142591538412,0.443915754472236,0.569567985018118,0.443915754472236,0.457924420097847,0.552248591364741,0.457924420097847
-0.484236635066398,-0.97020268300711,1,1,0,-1.89239148543855,0.450770580824535,0,0.0388502439879003,1,22,23,-0.335521731510487,1.9676723850264,-0.335521731510487,-0.335521731510487,1.9676723850264,-0.335521731510487,0.485825861758753,0.838694756136218,0.485825861758753,0.489386377610202,0.776740843419566,0.489386377610202
8.43894111493103,5.0622618843536,1,1,0,2.51812986327548,-0.86381013195323,1,0.0388502439879003,1,22,23,7.1709402531398,13.0171081972049,7.1709402531398,7.1709402531398,13.0171081972049,7.1709402531398,0.460268967920295,0.967263644712166,0.460268967920295,0.470223015621089,0.934108070321358,0.470223015621089
4.66363159469092,2.93571220223152,1,1,0,0.392232659562123,-0.220783910272956,1,0.0388502439879003,1,22,23,3.56217206739337,8.71091760242879,3.56217206739337,3.56217206739337,8.71091760242879,3.56217206739337,0.493114005065645,0.626613405059715,0.493114005065645,0.494844258714217,0.595794882399934,0.494844258714217
12.0256248794777,11.3563904779476,1,0,1,1.199031093342,0.65968261437886,1,0.0388502439879003,1,22,23,11.5914166113187,11.5914166113187,6.05623545960495,11.5914166113187,11.5914166113187,6.05623545960495,0.741653175574354,0.741653175574354,0.474890521694745,0.688409260280681,0.688409260280681,0.481192798045178
4.36023749234599,2.31063543941122,1,1,0,0.199662170858676,0.0171192253001165,1,0.0388502439879003,1,22,23,3.41493422555955,8.51522729343443,3.41493422555955,3.41493422555955,8.51522729343443,3.41493422555955,0.495401100945547,0.616076538687838,0.495401100945547,0.496556729577552,0.587673455649798,0.496556729577552
1.82945108539924,-2.37165913563345,1,0,0,-0.792846223246097,-0.399938832687889,0,0.0388502439879003,1,22,23,1.012859379362,3.27281044925375,1.012859379362,1.012859379362,3.27281044925375,1.012859379362,0.487865969879891,0.561751424873666,0.487865969879891,0.490914326464885,0.54634720102775,0.490914326464885
1.37983313808462,0.0717514558618462,1,1,0,-0.507825220660648,0.717082011554252,0,0.0388502439879003,1,22,23,2.69992222877504,5.31412884006973,2.69992222877504,2.69992222877504,5.31412884006973,2.69992222877504,0.471170169105759,0.501576016996214,0.471170169105759,0.478403444298949,0.501179970836745,0.478403444298949
11.5647559618,9.38150537353333,1,1,1,1.13745314426452,-1.00462816522616,1,0.0388502439879003,1,22,23,10.3780465322106,10.3780465322106,4.26876878184497,10.3780465322106,10.3780465322106,4.26876878184497,0.706092683403641,0.706092683403641,0.447948116595152,0.658810533249219,0.658810533249219,0.460960566350367
2.85456324301674,0.774400348029192,1,0,0,0.498752604669734,-1.49116681498382,1,0.0388502439879003,1,22,23,2.50482905289772,9.82840752300672,2.50482905289772,2.50482905289772,9.82840752300672,2.50482905289772,0.392083309091254,0.537754338542093,0.392083309091254,0.418588222517872,0.528292731100245,0.418588222517872
6.51875832596207,4.5293477852485,0,0,0,1.3155096358485,0.608170254266277,0,0.0388502439879003,1,22,23,6.23768018450535,8.70755124267966,6.23768018450535,6.23768018450535,8.70755124267966,6.23768018450535,0.477967205131047,0.674868359956543,0.477967205131047,0.483498793178026,0.633621609888907,0.483498793178026
5.35482981644423,2.76535133703762,0,1,0,1.17500155383855,-1.24216180545046,0,0.0388502439879003,1,22,23,4.10633196076872,7.74929791168865,4.10633196076872,4.10633196076872,7.74929791168865,4.10633196076872,0.423157315164339,0.584732264616332,0.423157315164339,0.442247864733465,0.563734529247551,0.442247864733465
10.5564779232886,6.78629709472269,1,1,1,0.713878809337894,0.0523779721087611,1,0.0388502439879003,1,22,23,9.58136970128886,9.58136970128886,4.47862624932663,9.58136970128886,9.58136970128886,4.47862624932663,0.667102561625574,0.667102561625574,0.495285430599959,0.627453029459383,0.627453029459383,0.496470122961646
3.5885599572027,0.0568664890023947,1,0,0,0.0399115767522046,-0.148376582569392,1,0.0388502439879003,1,22,23,2.9299372294771,8.05195283973207,2.9299372294771,2.9299372294771,8.05195283973207,2.9299372294771,0.494375706334502,0.610806350292735,0.494375706334502,0.495788972469022,0.583626615607093,0.495788972469022
5.13781252204685,3.55207233767942,0,1,0,-0.0272710300115028,1.10735674271486,0,0.0388502439879003,1,22,23,4.05130534123393,7.37754429686999,4.05130534123393,4.05130534123393,7.37754429686999,4.05130534123393,0.437833249713471,0.437919733099614,0.437833249713471,0.453339518945529,0.453404754534217,0.453339518945529
1.54832678855278,-0.67711353881626,0,1,0,-0.343495226651369,-1.37076627946904,0,0.0388502439879003,1,22,23,0.940733925770304,4.91973411869969,0.940733925770304,0.940733925770304,4.91973411869969,0.940733925770304,0.407727305967817,0.421263549420226,0.407727305967817,0.430533095379754,0.440813240348681,0.430533095379754
5.13461230499228,3.13544850481825,1,1,1,-0.959830321298185,0.333792995068795,0,0.0388502439879003,1,22,23,3.6240407745715,3.6240407745715,1.41262301101451,3.6240407745715,3.6240407745715,1.41262301101451,0.597675198515725,0.597675198515725,0.490156115677116,0.573583611273731,0.573583611273731,0.492629370230023
3.77981711536337,0.0175864867218928,1,0,0,-0.121098374396105,-0.707819672255709,1,0.0388502439879003,1,22,23,2.04847423749416,7.64948292592634,2.04847423749416,2.04847423749416,7.64948292592634,2.04847423749416,0.471791298208733,0.590554304083651,0.471791298208733,0.478869215199454,0.568159207719213,0.478869215199454
3.57013226238585,1.92730058636666,0,1,0,-0.558760003315413,1.13773348289727,0,-0.828436537508955,1,26,24,2.33390637958661,5.72834385769216,2.33390637958661,2.33390637958661,5.72834385769216,2.33390637958661,0.536602521399235,0.573012575017768,0.536602521399235,0.527428060962117,0.554853102795431,0.527428060962117
10.880132110698,7.6119447601225,0,1,1,0.0603792717843346,-2.35384383468408,0,-0.828436537508955,1,26,24,7.72118841028501,7.72118841028501,0.0806076122047652,7.72118841028501,7.72118841028501,0.0806076122047652,0.341970522865471,0.341970522865471,0.341581448428006,0.379711199598375,0.379711199598375,0.379404885925876
9.4626872076622,10.6762486627063,1,1,1,1.34012221263851,1.16376641426894,0,-0.828436537508955,1,26,24,9.61205600984651,9.61205600984651,6.15770374286613,9.61205600984651,9.61205600984651,6.15770374286613,0.728443711996218,0.728443711996218,0.533787362988514,0.677285499966058,0.677285499966058,0.52531530210433
7.71243148685445,7.63021580020232,1,1,1,1.72818265617156,0.101583898134929,0,-0.828436537508955,1,26,24,7.98196140215851,7.98196140215851,5.87164211379823,7.98196140215851,7.98196140215851,5.87164211379823,0.860323551482789,0.860323551482789,0.596133494675331,0.79868645297105,0.79868645297105,0.572407974141604
1.98282462969494,-0.477989936469385,0,1,0,-1.23941319612316,0.404360857800459,1,-0.828436537508955,1,26,24,0.239227368874315,5.50273507219544,0.239227368874315,0.239227368874315,5.50273507219544,0.239227368874315,0.58913843552408,0.827837648449815,0.58913843552408,0.567082340433427,0.766112363574975,0.567082340433427
4.92195005396187,6.75969113441994,1,1,1,-1.24026805311532,0.23828672815529,1,-0.828436537508955,1,26,24,5.22822409005977,5.22822409005977,0.0714435252448169,5.22822409005977,5.22822409005977,0.0714435252448169,0.830898759564988,0.830898759564988,0.594015727820357,0.769085051254519,0.769085051254519,0.570794179825776
3.92585607025844,1.90710354488387,0,1,0,-0.712838143914503,1.24835250710678,0,-0.828436537508955,1,26,24,2.13636912259795,5.79475310459772,2.13636912259795,2.13636912259795,5.79475310459772,2.13636912259795,0.524186362647276,0.583426421358178,0.524186362647276,0.518115245476743,0.562743305945213,0.518115245476743
11.9164457761491,13.0063875355429,1,1,1,0.161183731905701,1.67902892658344,1,-0.828436537508955,1,26,24,12.234227430019,12.234227430019,4.31508929371502,12.234227430019,12.234227430019,4.31508929371502,0.584981278730102,0.584981278730102,0.464741354154382,0.563923596609738,0.563923596609738,0.473580603239157
4.77939784018967,2.13939555812294,0,1,1,0.147393529946866,-0.808250162158155,0,-0.828436537508955,1,26,24,4.55349812568444,4.55349812568444,1.80022980105575,4.55349812568444,4.55349812568444,1.80022980105575,0.569074689941877,0.569074689941877,0.566555617907723,0.551875805233382,0.551875805233382,0.54997289237167
7.67503926433578,8.34932411015711,0,0,1,0.75136618420761,-1.82811067179654,0,-0.828436537508955,1,26,24,7.43030322827526,7.43030322827526,1.98831459993885,7.43030322827526,7.43030322827526,1.98831459993885,0.50663156540708,0.50663156540708,0.440275109860194,0.504965224986544,0.504965224986544,0.45518092954215
8.04604647734532,7.21630866443036,0,1,1,0.384935790119334,-1.30531493972138,1,-0.828436537508955,1,26,24,8.58209663569728,8.58209663569728,1.77824954383747,8.58209663569728,8.58209663569728,1.77824954383747,0.648460787951702,0.648460787951702,0.517330583999467,0.612779738256251,0.612779738256251,0.512977994453407
4.36905588720412,4.89492261665654,1,1,1,-0.458491800554454,0.151513352293418,0,-0.828436537508955,1,26,24,3.67117895042787,3.67117895042787,1.54822265450468,3.67117895042787,3.67117895042787,1.54822265450468,0.619270341968611,0.619270341968611,0.595557817592436,0.590130715945636,0.590130715945636,0.571969165309033
8.28771893422632,8.06044787730719,0,1,1,0.359797210111889,-0.526196883487615,1,-0.828436537508955,1,26,24,7.88397360024842,7.88397360024842,2.50709044005634,7.88397360024842,7.88397360024842,2.50709044005634,0.705687375805491,0.705687375805491,0.583938989256606,0.658479196978124,0.658479196978124,0.563132328587976
9.76047129555803,9.44639617726719,0,1,1,-0.0993655204676052,1.1603078149825,1,-0.828436537508955,1,26,24,9.72158390287693,9.72158390287693,3.27526967736747,9.72158390287693,9.72158390287693,3.27526967736747,0.648969798010015,0.648969798010015,0.534165161508795,0.613178041848716,0.613178041848716,0.525598791084439
6.51025811364466,6.37533309240627,1,1,1,0.86328840904629,-0.0110149760040616,0,-0.828436537508955,1,26,24,6.12937607510506,6.12937607510506,4.02925474540869,6.12937607510506,6.12937607510506,4.02925474540869,0.677975472504153,0.677975472504153,0.596597877429672,0.636099635122138,0.636099635122138,0.572762019226552
3.27446956171324,2.36586574043393,1,1,1,-1.74255596538815,-0.291185526865731,1,-0.828436537508955,1,26,24,3.72218445673421,3.72218445673421,-1.46260455432187,3.72218445673421,3.72218445673421,-1.46260455432187,0.910117421702426,0.910117421702426,0.592737448095195,0.854394997126736,0.854394997126736,0.569820714488224
7.68651870772082,5.69004512890866,1,1,1,0.276504315284406,0.482006498028287,0,-0.828436537508955,1,26,24,5.68103829605877,5.68103829605877,3.34870803191727,5.68103829605877,5.68103829605877,3.34870803191727,0.594726574731102,0.594726574731102,0.585984392642136,0.571335720578795,0.571335720578795,0.564685384620221
2.19992027391358,2.85697076748692,1,1,0,-0.352016864225762,1.64806910133264,1,-0.828436537508955,1,26,24,3.2577282762013,11.0738600389687,3.2577282762013,3.2577282762013,11.0738600389687,3.2577282762013,0.469584162325122,0.600860459381903,0.469584162325122,0.477213985652617,0.576014794958696,0.477213985652617
6.17572673303758,6.26101618442079,1,1,1,-0.674583092909241,0.111373741210633,1,-0.828436537508955,1,26,24,6.18830456894358,6.18830456894358,1.07590045871233,6.18830456894358,6.18830456894358,1.07590045871233,0.746545559573944,0.746545559573944,0.596038538243956,0.692571801869543,0.692571801869543,0.572335587154281
3.02397571408536,2.54486927905141,1,1,1,-0.881573846834134,-0.505095810938762,0,-0.828436537508955,1,26,24,2.40057117694103,2.40057117694103,0.045449398713145,2.40057117694103,2.40057117694103,0.045449398713145,0.670665239407055,0.670665239407055,0.58493839310096,0.630278627086473,0.630278627086473,0.56389103398914
5.39086791525404,4.63558148717889,0,1,0,0.463081855639659,0.0884550755416762,0,-0.828436537508955,1,26,24,3.32831169014117,5.43613599053025,3.32831169014117,3.32831169014117,5.43613599053025,3.32831169014117,0.596247123732389,0.620417411438177,0.596247123732389,0.572494599050181,0.59101416920485,0.572494599050181
2.28807736994693,3.12108232587034,1,1,1,-0.464611264127084,0.092452242908267,0,-0.828436537508955,1,26,24,3.58547003519304,3.58547003519304,1.47692261797427,3.58547003519304,3.58547003519304,1.47692261797427,0.620543339218495,0.620543339218495,0.596214191887115,0.591111186565443,0.591111186565443,0.572469493130322
3.67271633938297,1.95116766935573,0,1,1,-1.14621411745269,-0.200148498426083,0,-0.828436537508955,1,26,24,1.96117559141093,1.96117559141093,-0.178883830011285,1.96117559141093,1.96117559141093,-0.178883830011285,0.732538467279955,0.732538467279955,0.59477828803479,0.680716355291189,0.680716355291189,0.571375122676217
7.8538708718482,7.8918462107209,0,1,1,1.46884248243649,-0.35601411170904,0,-0.828436537508955,1,26,24,7.1221098042201,7.1221098042201,4.89536375648412,7.1221098042201,7.1221098042201,4.89536375648412,0.801397473410452,0.801397473410452,0.590820331212088,0.7411408958248,0.7411408958248,0.568361600615731
4.08102643754962,3.80817012557796,1,1,1,-0.297890712641293,0.359680585606142,0,-0.828436537508955,1,26,24,4.30696218730571,4.30696218730571,2.07759206364373,4.30696218730571,4.30696218730571,2.07759206364373,0.600806874820192,0.600806874820192,0.590700342816937,0.575973870570985,0.575973870570985,0.568270311300577
5.75499449031934,2.66636954048992,1,1,0,0.762182082850558,0.161885998904669,1,-0.828436537508955,1,26,24,3.99994306792596,9.12615014456732,3.99994306792596,3.99994306792596,9.12615014456732,3.99994306792596,0.595409688130658,0.757276701451241,0.595409688130658,0.571856269393486,0.701788712924971,0.571856269393486
13.110632410657,16.3778105170068,0,0,1,0.966693713513633,1.94843323657527,1,-0.640468757003856,1,28,25,15.3680125122957,15.3680125122957,6.47162043490447,15.3680125122957,15.3680125122957,6.47162043490447,0.622272802941013,0.622272802941013,0.397757642122992,0.592444206244304,0.592444206244304,0.422929488807245
6.44644231896011,8.36651540467147,1,0,0,0.667329269017953,1.32819027414163,0,-0.640468757003856,1,28,25,5.25264858347947,9.11673798780388,5.25264858347947,5.25264858347947,9.11673798780388,5.25264858347947,0.492309428057055,0.544753165004946,0.492309428057055,0.494241806053624,0.533550041340555,0.494241806053624
4.74467621670908,8.51240692166147,1,0,1,0.426564781788312,0.163106722062258,0,-0.640468757003856,1,28,25,5.73263985972271,5.73263985972271,3.60603605694082,5.73263985972271,5.73263985972271,3.60603605694082,0.59470670509722,0.59470670509722,0.573816319824363,0.571320581442902,0.571320581442902,0.555461191769971
10.1206629523654,12.0426902475732,1,1,1,2.22324718027874,-1.09859117776536,0,-0.640468757003856,1,28,25,9.24460552995794,9.24460552995794,5.93770295409407,9.24460552995794,9.24460552995794,5.93770295409407,0.92035015632556,0.92035015632556,0.518604837940912,0.86705885604348,0.86705885604348,0.513932627645007
6.73631069680252,10.1974789809634,1,1,1,1.26578323467805,0.0491174216106704,0,-0.640468757003856,1,28,25,7.27289618337438,7.27289618337438,5.1704836622687,7.27289618337438,7.27289618337438,5.1704836622687,0.743202093137438,0.743202093137438,0.574934283450924,0.689724527144342,0.689724527144342,0.556307244372989
9.50115774076607,10.1579562125501,0,0,1,0.11315099743271,0.0261483097492047,1,-0.640468757003856,1,28,25,7.9429338100193,7.9429338100193,2.84225007591656,7.9429338100193,7.9429338100193,2.84225007591656,0.686150730486254,0.686150730486254,0.575014148920582,0.642648250394504,0.642648250394504,0.556367695542238
4.93892461746833,8.73293086290657,1,1,1,-1.2107495966682,0.194636356655904,1,-0.640468757003856,1,28,25,5.50082024595372,5.50082024595372,0.36293693462144,5.50082024595372,5.50082024595372,0.36293693462144,0.81307609110784,0.81307609110784,0.573294807806839,0.752022645586712,0.752022645586712,0.555066615587888
7.10969976329164,9.1375323206412,1,0,1,0.685427740532655,-1.35217147254957,0,-0.640468757003856,1,28,25,6.53685147099454,6.53685147099454,2.60848377981768,6.53685147099454,6.53685147099454,2.60848377981768,0.544609279639777,0.544609279639777,0.489275910356173,0.533441898245974,0.533441898245974,0.49197022177702
6.55060610787499,11.6502699360091,0,1,1,1.4358533848062,0.117100949701149,0,-0.640468757003856,1,28,25,7.6923201230364,7.6923201230364,5.57860749061549,7.6923201230364,7.6923201230364,5.57860749061549,0.782528223115876,0.782528223115876,0.574412156029093,0.723997379227498,0.723997379227498,0.555912074456465
4.60551235643253,7.01692557086355,0,0,1,0.0650588160240795,-0.289120812667041,0,-0.640468757003856,1,28,25,4.6143874350003,4.6143874350003,2.43079659068305,4.6143874350003,4.6143874350003,2.43079659068305,0.571669758945158,0.571669758945158,0.571179925182287,0.553837479460247,0.553837479460247,0.553467094893246
2.02146758170437,6.1625518776182,0,0,0,-0.0997085628890509,0.724919899630683,0,-0.640468757003856,1,28,25,3.11530254515452,5.74081140603508,3.11530254515452,3.11530254515452,5.74081140603508,3.11530254515452,0.550615245791134,0.551776881839698,0.550615245791134,0.537958324892832,0.538832457976861,0.537958324892832
14.6784538813796,18.5406096840995,1,0,1,2.0644359670383,1.3766943597469,1,-0.640468757003856,1,28,25,15.0906534252843,15.0906534252843,8.09536606512543,15.0906534252843,15.0906534252843,8.09536606512543,0.921907911950066,0.921907911950066,0.486118538403075,0.869033535405944,0.869033535405944,0.4896055890637
6.33620259903223,8.78269554400762,0,0,1,0.707526456365476,-1.06390221978233,0,-0.640468757003856,1,28,25,6.17283839750833,6.17283839750833,2.94095046425055,6.17283839750833,6.17283839750833,2.94095046425055,0.580561400300426,0.580561400300426,0.522140583843481,0.560570039690575,0.560570039690575,0.516581977897232
3.07722537330006,2.98416860090379,0,0,0,-0.571270418344323,-0.41213530935758,0,-0.640468757003856,1,28,25,1.03512362525571,3.30497913847498,1.03512362525571,1.03512362525571,3.30497913847498,1.03512362525571,0.567181769659092,0.604595743106255,0.567181769659092,0.550445770765123,0.578869758838515,0.550445770765123
4.97437975237168,10.8069409707192,0,0,1,-0.462640882292531,-0.403100241061771,1,-0.640468757003856,1,28,25,6.52390756999916,6.52390756999916,1.2614177656551,6.52390756999916,6.52390756999916,1.2614177656551,0.6999591289001,0.6999591289001,0.567523485109275,0.653809465210377,0.653809465210377,0.550703871649824
6.96520847951444,12.7851329627012,1,0,1,1.05835213160894,0.722196090403694,0,-0.640468757003856,1,28,25,8.05026731791788,8.05026731791788,5.4287001249235,8.05026731791788,8.05026731791788,5.4287001249235,0.675720655151665,0.675720655151665,0.550799504758031,0.634300764034729,0.634300764034729,0.538096966664568
2.83611526088553,4.29405574645354,1,1,0,0.763847207742189,-1.37739809204121,1,-0.640468757003856,1,28,25,2.7400960947451,9.73732159870387,2.7400960947451,2.7400960947451,9.73732159870387,2.7400960947451,0.486027108381906,0.666613884422574,0.486027108381906,0.489537109396467,0.627066014820888,0.489537109396467
1.60251920208881,4.05964525022019,1,0,0,-0.126018597277177,-1.10445414647494,0,-0.640468757003856,1,28,25,1.23330843027264,4.55312739193833,1.23330843027264,1.23330843027264,4.55312739193833,1.23330843027264,0.517995847540985,0.519867560996429,0.517995847540985,0.513476379638726,0.514878708102026,0.513476379638726
7.2571884530657,11.0564456956591,0,0,1,0.456781034613576,0.745322556854022,0,-0.640468757003856,1,28,25,6.90419011113853,6.90419011113853,4.24868439738311,6.90419011113853,6.90419011113853,4.24868439738311,0.573479761555236,0.573479761555236,0.549212569507056,0.555206544885009,0.555206544885009,0.5369030736368
9.10169080145363,8.35579358228884,1,0,1,-0.374634761723364,-1.64043229242724,1,-0.640468757003856,1,28,25,7.99111606146606,7.99111606146606,0.200097955427966,7.99111606146606,7.99111606146606,0.200097955427966,0.582414080860508,0.582414080860508,0.448721812154109,0.561975163742909,0.561975163742909,0.461542827931367
6.50887207096507,10.2089681737136,1,0,1,-0.335072768960072,0.155510008751781,1,-0.640468757003856,1,28,25,7.19934760495555,7.19934760495555,2.07516424213357,7.19934760495555,7.19934760495555,2.07516424213357,0.695298881995076,0.695298881995076,0.573928209367956,0.65002791649645,0.65002791649645,0.555545855170822
3.9777942379861,6.52421568297123,0,0,1,-0.294920375816622,0.0987648189793399,0,-0.640468757003856,1,28,25,4.20847832811605,4.20847832811605,2.09872383864803,4.20847832811605,4.20847832811605,2.09872383864803,0.584612068672397,0.584612068672397,0.574595062101605,0.56364327446132,0.56364327446132,0.556050499275929
0.226171687203979,2.83555259032321,1,0,0,-2.14414535323573,1.4470900958861,0,-0.640468757003856,1,28,25,-0.25140083928343,3.94266890632821,-0.25140083928343,-0.25140083928343,3.94266890632821,-0.25140083928343,0.476746827193303,0.891348259145902,0.476746827193303,0.482584188304721,0.832377438200921,0.482584188304721
9.73453393701083,13.3776958785599,1,0,1,1.38935107337086,-0.949794293610605,1,-0.640468757003856,1,28,25,10.4208168246083,10.4208168246083,4.41870762443305,10.4208168246083,10.4208168246083,4.41870762443305,0.821614025869171,0.821614025869171,0.532956420426763,0.760123726689882,0.760123726689882,0.524691835948427
3.57589778322217,6.69207218761631,0,0,1,-0.345294552044552,0.102068945297682,0,-0.640468757003856,1,28,25,4.11169768210469,4.11169768210469,2.00127961251051,4.11169768210469,4.11169768210469,2.00127961251051,0.588279417550345,0.588279417550345,0.574564399371901,0.566429259099071,0.566429259099071,0.556027292954544
0.653163543523869,3.9156350112425,1,1,0,-0.998887834085665,0.113569313412112,1,-0.640468757003856,1,28,25,0.705593416542718,5.81849140549162,0.705593416542718,0.705593416542718,5.81849140549162,0.705593416542718,0.574449802350494,0.777295011170319,0.574449802350494,0.555940564898531,0.719330038272814,0.555940564898531
9.05293344960571,12.8930403584285,1,1,1,1.83944298339626,0.85630511019019,0,-0.640468757003856,1,28,25,9.95824929002248,9.95824929002248,7.12499084828465,9.95824929002248,9.95824929002248,7.12499084828465,0.855584545343797,0.855584545343797,0.540886125340147,0.793782279850811,0.793782279850811,0.530644513238566
2.63846404883623,6.38015052817676,0,0,0,0.375034463001302,-0.577858160932608,0,-0.640468757003856,1,28,25,2.76201053637193,5.19593059052835,2.76201053637193,2.76201053637193,5.19593059052835,2.76201053637193,0.559555134243182,0.575863524457893,0.559555134243182,0.544691089719402,0.557010686546725,0.544691089719402
3.96059437031138,4.74203323844947,0,1,0,0.159020545314422,-0.319679252988658,1,-0.0873480412958519,0,28,26,3.31041141031062,8.51260623510201,3.31041141031062,3.31041141031062,8.51260623510201,3.31041141031062,0.62116617683409,0.727417324162991,0.62116617683409,0.591591121153936,0.676427885524994,0.591591121153936
0.613058757466014,2.65380330358395,1,0,0,-1.07892935112239,-0.49512798560148,0,-0.0873480412958519,0,28,26,0.834511617437006,3.17966333956279,0.834511617437006,0.834511617437006,3.17966333956279,0.834511617437006,0.614775959860891,0.735069992495211,0.614775959860891,0.586673867885395,0.68284511025632,0.586673867885395
2.09559589362919,4.95374607851111,1,1,0,-0.199204604916027,-0.0437577965312602,0,-0.0873480412958519,0,28,26,2.59396110984972,4.695875854607,2.59396110984972,2.59396110984972,4.695875854607,2.59396110984972,0.625625044697179,0.630016231157397,0.625625044697179,0.595031281809671,0.598426874814936,0.595031281809671
3.68063175094306,2.91142763455036,0,1,0,0.00596648783029156,-1.77659411164313,0,-0.0873480412958519,0,28,26,3.00430329534236,8.26058993286741,3.00430329534236,3.00430329534236,8.26058993286741,3.00430329534236,0.479337662389222,0.479341857029474,0.479337662389222,0.484525761541057,0.484528904668812,0.484525761541057
3.00526004693276,2.51708836611221,0,0,0,-0.739652956840678,0.788870167572301,0,-0.0873480412958519,0,28,26,1.51306440600042,4.23538054728597,1.51306440600042,1.51306440600042,4.23538054728597,1.51306440600042,0.597739417548265,0.658174429410542,0.597739417548265,0.573632597116828,0.620402907434006,0.573632597116828
6.5000863512519,4.44569238676187,0,1,0,0.509023320924789,-1.62841575478988,0,-0.0873480412958519,0,28,26,4.01041696153136,8.76215483197925,4.01041696153136,4.01041696153136,8.76215483197925,4.01041696153136,0.503145598413993,0.533677138360533,0.503145598413993,0.502355137903843,0.525232595398391,0.502355137903843
0.0838221901383048,-0.490610408301035,1,1,0,-1.67179900598786,-0.395821724403135,0,-0.0873480412958519,0,28,26,-0.351227692293933,1.90544714521554,-0.351227692293933,-0.351227692293933,1.90544714521554,-0.351227692293933,0.618735503804866,0.860827906283198,0.618735503804866,0.589718959787382,0.799211778467643,0.589718959787382
5.43189272028558,6.73480770854107,1,1,1,-1.51970676549202,0.561745463555354,1,-0.0873480412958519,0,28,26,5.36851475452276,5.36851475452276,-0.0470432113022547,5.36851475452276,5.36851475452276,-0.0470432113022547,0.885079613582206,0.885079613582206,0.611614701894339,0.825324331469617,0.825324331469617,0.584246700583102
1.06029854131519,0.757591980423098,0,0,0,-0.998204089782323,0.402960436549147,0,-0.0873480412958519,0,28,26,0.995962140117132,3.25833925354101,0.995962140117132,0.995962140117132,3.25833925354101,0.995962140117132,0.618480761246311,0.72238246247569,0.618480761246311,0.58952287810591,0.672234298409464,0.58952287810591
1.11562184950958,2.8442419496937,0,1,0,-0.50874254971095,0.144690294870758,1,-0.0873480412958519,0,28,26,1.97488522025988,7.09582050168967,1.97488522025988,1.97488522025988,7.09582050168967,1.97488522025988,0.624780850333647,0.75186705618445,0.624780850333647,0.594379367649215,0.697127150495036,0.594379367649215
11.2450224298773,12.0553599156073,1,1,1,1.06958116884044,-0.650167006626406,1,-0.0873480412958519,0,28,26,10.6542497938682,10.6542497938682,5.13153265736266,10.6542497938682,10.6542497938682,5.13153265736266,0.81094694730139,0.81094694730139,0.606786066381989,0.750022117038247,0.750022117038247,0.580545933604669
2.12121595408153,2.24305482269421,0,1,0,-0.771133520455575,-2.48301632355352,0,-0.0873480412958519,0,28,26,1.45010327877063,9.71547334180387,1.45010327877063,1.45010327877063,9.71547334180387,1.45010327877063,0.342541872515905,0.408446576990107,0.342541872515905,0.380160873221069,0.431080557503423,0.380160873221069
0.611318490043476,1.46325346152247,0,1,0,-1.74940384003059,2.07889887696264,0,-0.0873480412958519,0,28,26,-0.506437360379396,5.91538318025712,-0.506437360379396,-0.506437360379396,5.91538318025712,-0.506437360379396,0.424849019277622,0.759044977166779,0.424849019277622,0.443528724561906,0.703319394421806,0.443528724561906
2.74105658578085,2.20842116897455,1,1,0,-0.218478081152041,-1.25446955603631,0,-0.0873480412958519,0,28,26,2.5554141573777,6.22910802439963,2.5554141573777,2.5554141573777,6.22910802439963,2.5554141573777,0.553839413844027,0.55940405666401,0.553839413844027,0.540385022120305,0.544577201108401,0.540385022120305
5.1827247282289,4.36842448271544,1,1,0,-0.216099324902132,0.253228640315108,1,-0.0873480412958519,0,28,26,2.56017166987751,7.72429641415335,2.56017166987751,2.56017166987751,7.72429641415335,2.56017166987751,0.622861275502571,0.73086905734763,0.622861275502571,0.592898042810695,0.679315779927826,0.592898042810695
1.32549298727412,2.1866086806982,0,0,0,-1.06449984232213,0.714540268225575,0,-0.0873480412958519,0,28,26,0.863370635037517,3.47393842995339,0.863370635037517,0.863370635037517,3.47393842995339,0.863370635037517,0.602812535685934,0.722140731744849,0.602812535685934,0.577506267482774,0.67203350872095,0.577506267482774
3.23019351759638,3.18162710001865,1,1,0,-0.95128477084552,0.0736616855144357,0,-0.0873480412958519,0,28,26,1.08980077799074,3.19522682190357,1.08980077799074,1.08980077799074,3.19522682190357,1.08980077799074,0.625469256347371,0.719631718054892,0.625469256347371,0.594910955962411,0.669952358608142,0.594910955962411
2.72953225956274,5.53625394920338,1,1,0,0.313719114286234,1.25222479527093,0,-0.0873480412958519,0,28,26,3.61980854825425,7.28787548614556,3.61980854825425,3.61980854825425,7.28787548614556,3.61980854825425,0.554102106907245,0.565558867917653,0.554102106907245,0.540582810938236,0.549220291347844,0.540582810938236
5.28231926947153,4.94441324457523,1,1,0,0.447636494971082,-0.0876836523280867,0,-0.0873480412958519,0,28,26,3.88764330962394,5.99533173250953,3.88764330962394,3.88764330962394,5.99533173250953,3.88764330962394,0.62536886659784,0.647333580485626,0.62536886659784,0.594833423246878,0.611898135168496,0.594833423246878
6.63355941191373,6.38815251596783,1,1,0,0.758953762764602,0.775940186450642,0,-0.0873480412958519,0,28,26,4.51027784521098,7.21236101816004,4.51027784521098,4.51027784521098,7.21236101816004,4.51027784521098,0.59865946074954,0.662114746357194,0.59865946074954,0.574334534292612,0.623509070760087,0.574334534292612
-0.832062945687594,0.382272957216728,0,1,0,-1.7642959213012,-0.564745352410607,1,-0.0873480412958519,0,28,26,-0.536221522920614,4.88271579014877,-0.536221522920614,-0.536221522920614,4.88271579014877,-0.536221522920614,0.611462740595736,0.91933695902723,0.611462740595736,0.584130114286383,0.865781420967996,0.584130114286383
3.34723842461146,2.34489904073749,1,0,0,-0.421378494863444,0.517406715672107,1,-0.0873480412958519,0,28,26,2.14961332995489,7.51732303937749,2.14961332995489,2.14961332995489,7.51732303937749,2.14961332995489,0.613764092588623,0.73548324074086,0.613764092588623,0.585896590836272,0.683193176513787,0.585896590836272
3.83772617250814,3.45049528387079,0,1,0,0.00193788768181547,1.09106443062934,0,-0.0873480412958519,0,28,26,2.99624609504541,6.28666768682993,2.99624609504541,2.99624609504541,6.28666768682993,2.99624609504541,0.571659846564299,0.571660281111322,0.571659846564299,0.553829983776099,0.553830312377568,0.553829983776099
3.64717413449878,4.03663010965998,1,1,0,0.0233909394313631,0.575089378041151,0,-0.0873480412958519,0,28,26,3.0391521985445,5.46987999128026,3.0391521985445,3.0391521985445,5.46987999128026,3.0391521985445,0.610932388764404,0.610993928941617,0.610932388764404,0.583723284785237,0.583770486931875,0.583723284785237
3.53672861305809,2.69159400601677,1,1,0,-0.547652873537258,-1.4740283590678,0,-0.0873480412958519,0,28,26,1.89706457260726,6.16982417594337,1.89706457260726,1.89706457260726,6.16982417594337,1.89706457260726,0.525735996057763,0.560866536386937,0.525735996057763,0.519276855749672,0.545679848162325,0.519276855749672
15.7699494489827,14.9095412638438,1,1,1,2.08356055730863,0.952658835550396,1,-0.0873480412958519,0,28,26,13.1670502912513,13.1670502912513,7.15949143429904,13.1670502912513,13.1670502912513,7.15949143429904,0.948920679871762,0.948920679871762,0.584701554263579,0.905695921247476,0.905695921247476,0.563711213082364
6.94586172998429,5.45688179546215,1,1,0,0.825631226422089,-0.633684352020453,0,-0.0873480412958519,0,28,26,4.64363277252596,7.14518863052154,4.64363277252596,4.64363277252596,7.14518863052154,4.64363277252596,0.60774121189729,0.681567923334768,0.60774121189729,0.581277360372637,0.638972102217409,0.581277360372637
2.71389565486046,4.72735171898379,0,1,0,-0.447165905153971,-0.117800585393148,0,-0.0873480412958519,0,28,26,2.09803850937384,4.2119154872928,2.09803850937384,2.09803850937384,4.2119154872928,2.09803850937384,0.625094205977888,0.647020030158965,0.625094205977888,0.594621318389329,0.611653011656661,0.594621318389329
-3.22142806847519,-3.05815447856399,0,1,0,0.0869199087006026,-0.118454033419619,0,2.296076057979,1,27,27,-2.21657948004279,-0.10254812200941,-2.21657948004279,-2.21657948004279,-0.10254812200941,-2.21657948004279,0.251366729011347,0.252046812465438,0.251366729011347,0.305644557478658,0.306226078949597,0.305644557478658
2.97122986689399,4.88807956371914,0,0,1,-0.303914499849058,1.60785563766983,0,2.296076057979,1,27,27,3.41326112553398,3.41326112553398,-1.27193862605266,3.41326112553398,3.41326112553398,-1.27193862605266,0.176424553656923,0.176424553656923,0.17004171151346,0.237996727882665,0.237996727882665,0.231830201717307
-7.0099066085306,-6.8216373885952,1,0,0,-1.50090019181855,-1.43872774388069,1,2.296076057979,1,27,27,-6.71249339154215,0.45744412946986,-6.71249339154215,-6.71249339154215,0.45744412946986,-6.71249339154215,0.18453295778687,0.515179157845142,0.18453295778687,0.245721627817974,0.51136639079234,0.245721627817974
-1.75552667971858,-1.53872465294601,0,1,1,-0.529327589046946,-0.388442003361862,0,2.296076057979,1,27,27,-1.46817525550435,-1.46817525550435,-3.71906244548013,-1.46817525550435,-1.46817525550435,-3.71906244548013,0.272158675897864,0.272158675897864,0.24647410712393,0.323217945240165,0.323217945240165,0.301446758669602
0.247193499523298,2.58073728201742,0,1,1,-0.582841346445359,0.352298945384013,1,2.296076057979,1,27,27,2.13876553538761,2.13876553538761,-3.08534901153108,2.13876553538761,2.13876553538761,-3.08534901153108,0.383350388806494,0.383350388806494,0.247426367563811,0.411885897781084,0.411885897781084,0.302265767409968
4.45091504952362,5.47095214505487,0,1,1,2.03547153759394,1.02676945233022,0,2.296076057979,1,27,27,5.98000277173221,5.98000277173221,2.82574726349372,5.98000277173221,5.98000277173221,2.82574726349372,0.66241622766729,0.66241622766729,0.215752295865022,0.623747071026777,0.623747071026777,0.274461160257727
-6.424199357004,-4.34710035386476,0,0,0,-1.13525049053859,-0.564571977342497,0,2.296076057979,1,27,27,-5.10703822244406,-2.68829670484364,-5.10703822244406,-5.10703822244406,-2.68829670484364,-5.10703822244406,0.240558034033014,0.369044230779242,0.240558034033014,0.296336476731899,0.40084558497014,0.296336476731899
6.35760002915458,6.61500310723022,0,1,1,0.976773854182633,1.51932045885198,0,2.296076057979,1,27,27,5.60923755987906,5.60923755987906,1.20090290319287,5.60923755987906,5.60923755987906,1.20090290319287,0.254651004282714,0.254651004282714,0.177716366017073,0.308448475021669,0.308448475021669,0.239235410828769
0.682138951019474,1.68630280353955,0,1,1,-0.0975533209150863,0.755376836637357,0,2.296076057979,1,27,27,0.958899096111072,0.958899096111072,-1.71169506921719,0.958899096111072,0.958899096111072,-1.71169506921719,0.23267087681432,0.23267087681432,0.231858153223184,0.289462269941231,0.289462269941231,0.288749795665282
-5.22359642958979,-2.80304254583167,0,0,0,-0.83429294076692,-0.8441496493638,0,2.296076057979,1,27,27,-4.78470079492201,-1.97211216440098,-4.78470079492201,-4.78470079492201,-1.97211216440098,-4.78470079492201,0.22704738506296,0.290575958723601,0.22704738506296,0.284516093305269,0.338461359966938,0.284516093305269
-0.380309138589274,-1.34940818488102,0,1,1,-0.342096679573271,-0.230121035966041,0,2.296076057979,1,27,27,-1.03332396794287,-1.03332396794287,-3.18627965913695,-1.03332396794287,-1.03332396794287,-3.18627965913695,0.260597176976044,0.260597176976044,0.249968890721664,0.313497436602628,0.313497436602628,0.304447798091897
0.32970536757094,0.518328661738085,0,1,1,0.112579563767173,0.736377295003791,0,2.296076057979,1,27,27,1.33182267911087,1.33182267911087,-1.31042884148624,1.33182267911087,1.33182267911087,-1.31042884148624,0.233912381717942,0.233912381717942,0.232826557431019,0.290549121287343,0.290549121287343,0.289598657629295
-3.63275335859532,-3.81052358208086,0,1,1,-0.952267505647933,-0.475924049088083,0,2.296076057979,1,27,27,-2.32592062390793,-2.32592062390793,-4.65242432440832,-2.32592062390793,-2.32592062390793,-4.65242432440832,0.331824242915823,0.331824242915823,0.243797381863736,0.371696564341956,0.371696564341956,0.299139362406883
0.89686748912948,-1.88801598771765,1,1,1,-0.341238031351958,-0.217303021728401,0,2.296076057979,1,27,27,-1.0245237452044,-1.0245237452044,-3.17174434845669,-1.0245237452044,-1.0245237452044,-3.17174434845669,0.260754288629703,0.260754288629703,0.250174534117598,0.313630371957905,0.313630371957905,0.304623987292933
0.858980709309324,0.897889639639555,1,0,1,-0.180198051428231,-1.6758284687827,0,2.296076057979,1,27,27,0.600211221119026,0.600211221119026,-4.30818983566353,0.600211221119026,0.600211221119026,-4.30818983566353,0.166205085159298,0.166205085159298,0.164042474745718,0.228085374311299,0.228085374311299,0.225961396248763
-5.08206005413434,-6.62704115899107,0,1,0,-1.29447600153521,-0.498414803661316,0,2.296076057979,1,27,27,-5.35933207075611,-3.01091475424736,-5.35933207075611,-5.35933207075611,-3.01091475424736,-5.35933207075611,0.243025219031311,0.415820815559843,0.243025219031311,0.298472291329742,0.436685341384901,0.298472291329742
15.4224437988806,14.768174494245,0,0,1,0.297787531085428,3.29931173052978,0,2.296076057979,1,27,27,14.6083794238877,14.6083794238877,1.62292152867626,14.6083794238877,14.6083794238877,1.62292152867626,0.0404244259647464,0.0404244259647464,0.0387561561571768,0.0782450449477451,0.0782450449477451,0.0756245583210012
4.84821609801418,4.53431954501803,0,1,1,1.16645702136762,-0.977707333343294,1,2.296076057979,1,27,27,5.13915307504083,5.13915307504083,-0.91675855463242,5.13915307504083,5.13915307504083,-0.91675855463242,0.462557191619672,0.462557191619672,0.218962664735979,0.471941142154539,0.471941142154539,0.277335953960674
3.92989674820457,2.19782646001888,1,0,1,-1.15901252496392,1.20895069902034,1,2.296076057979,1,27,27,3.1805221777299,3.1805221777299,-3.38103961493187,3.1805221777299,3.1805221777299,-3.38103961493187,0.436897964990348,0.436897964990348,0.202808313771102,0.452633933380644,0.452633933380644,0.262725153996531
5.01411517718068,4.36697166746157,1,1,1,2.33368007580268,-1.04398621822358,0,2.296076057979,1,27,27,4.54131589319817,4.54131589319817,1.3514086693574,4.54131589319817,4.54131589319817,1.3514086693574,0.78394272412167,0.78394272412167,0.214596627456756,0.725265142202955,0.725265142202955,0.273422898710632
6.51094365928519,7.26715712360172,1,1,1,0.74268473573172,0.962205289520604,1,2.296076057979,1,27,27,6.2014485161411,6.2014485161411,0.175609496959673,6.2014485161411,6.2014485161411,0.175609496959673,0.371246925707886,0.371246925707886,0.219950952621247,0.4025506816171,0.4025506816171,0.27821818494753
-2.16709254468868,-1.7320076214668,0,1,1,-0.635316977779925,-0.611213271237901,0,2.296076057979,1,27,27,-1.68023082788479,-1.68023082788479,-4.15381249082212,-1.68023082788479,-1.68023082788479,-4.15381249082212,0.275416866437139,0.275416866437139,0.238645537311489,0.325935444482907,0.325935444482907,0.29467616313113
-2.26181669719066,-1.99212213411797,1,1,1,-0.959537993824361,0.269596851863887,0,2.296076057979,1,27,27,-1.74876193727429,-1.74876193727429,-3.92144439980921,-1.74876193727429,-1.74876193727429,-3.92144439980921,0.339808163854561,0.339808163854561,0.249262374266938,0.378007792292312,0.378007792292312,0.303842138490505
1.00352746351196,-0.866866669321486,1,1,1,-0.776497311351613,-0.0585321221723001,1,2.296076057979,1,27,27,1.2199340004261,1.2199340004261,-3.8834920088999,1.2199340004261,1.2199340004261,-3.8834920088999,0.418726158474926,0.418726158474926,0.251748448666738,0.438889716878005,0.438889716878005,0.305971014653974
0.876899484275079,0.915054464654631,1,1,0,1.2768436094831,0.0101230062420237,0,2.296076057979,1,27,27,0.291844961183854,2.39194743643923,0.291844961183854,0.291844961183854,2.39194743643923,0.291844961183854,0.251868149090006,0.422032785564845,0.251868149090006,0.30607335478756,0.441396076110158,0.30607335478756
-1.3721740780504,-3.47807109056003,1,1,0,-0.17273475861715,0.269541068558433,0,2.296076057979,1,27,27,-2.34789371270024,-0.175241325060617,-2.34789371270024,-2.34789371270024,-0.175241325060617,-2.34789371270024,0.24926345042607,0.251941759672522,0.24926345042607,0.303843061423463,0.306136282211003,0.303843061423463
-5.83446226601592,-4.30359789674459,0,1,0,-1.60255554421836,2.04006868025324,0,2.296076057979,1,27,27,-3.43700767220784,2.82487254794236,-3.43700767220784,-3.43700767220784,2.82487254794236,-3.43700767220784,0.131160002112908,0.341064362355238,0.131160002112908,0.192351513590987,0.378997667486113,0.192351513590987
5.56644151088084,5.95746011497734,0,1,1,-0.771928790835136,1.14176183360453,0,0.332361803167219,1,29,28,5.89105996840566,5.89105996840566,2.48743988372969,5.89105996840566,5.89105996840566,2.48743988372969,0.469593616556185,0.469593616556185,0.400511804036478,0.477221076692779,0.477221076692779,0.425032967381387
4.70409966747948,4.79438420269297,1,1,1,-1.56505957662949,0.82800270550592,0,0.332361803167219,1,29,28,3.3730076643675,3.3730076643675,0.587419184042377,3.3730076643675,3.3730076643675,0.587419184042377,0.705259788198286,0.705259788198286,0.428870458850148,0.658129781193894,0.658129781193894,0.4465709928969
4.39292879352264,5.61405423539663,1,1,1,-0.210107551140324,-0.0737063676023211,0,0.332361803167219,1,29,28,4.50104679053759,4.50104679053759,2.39561416191246,4.50104679053759,4.50104679053759,2.39561416191246,0.46577858736667,0.46577858736667,0.460595414192474,0.474358991668102,0.474358991668102,0.470468165850507
6.3341433801286,9.00179343473699,0,1,1,-0.359733652593686,1.2291420347131,0,0.332361803167219,1,29,28,7.01000050281983,7.01000050281983,3.39921036132117,7.01000050281983,7.01000050281983,3.39921036132117,0.405808066989948,0.405808066989948,0.391136788969697,0.429071589162608,0.429071589162608,0.417863048751481
0.292712164323805,3.30069819435645,0,0,0,-0.607985065143949,-0.169165836320776,1,0.332361803167219,1,29,28,1.50439966518676,6.63301674536487,1.50439966518676,1.50439966518676,6.63301674536487,1.50439966518676,0.459507555830925,0.618864933321989,0.459507555830925,0.469651172705553,0.589818594068111,0.469651172705553
3.04965343873478,3.98917487933626,0,0,0,-0.395707187272121,1.04713786487404,0,0.332361803167219,1,29,28,3.14525912212523,6.34175683017818,3.14525912212523,3.14525912212523,6.34175683017818,3.14525912212523,0.40995459759535,0.427970233323022,0.40995459759535,0.432227903080728,0.445890263778847,0.432227903080728
5.81544792152845,5.3980313138708,1,0,1,-0.836195287189965,0.557396598888987,0,0.332361803167219,1,29,28,4.1852326247575,4.1852326247575,1.77454165630449,4.1852326247575,4.1852326247575,1.77454165630449,0.528600593483052,0.528600593483052,0.446304432623312,0.521424645122386,0.521424645122386,0.459723272365962
7.98848641086874,8.73237874855393,0,1,1,-1.20701903878483,1.68461107651082,0,0.332361803167219,1,29,28,7.09802310983954,7.09802310983954,2.16010863073659,7.09802310983954,7.09802310983954,2.16010863073659,0.498745120002048,0.498745120002048,0.333123877565781,0.499060460257672,0.499060460257672,0.372726315914718
6.67819928474248,8.3177647553497,0,0,1,0.568419037513929,0.262113435899593,0,0.332361803167219,1,29,28,6.45719059600198,6.45719059600198,4.28848714272289,6.45719059600198,6.45719059600198,4.28848714272289,0.495663620078313,0.495663620078313,0.457627499538171,0.496753286598478,0.496753286598478,0.468238900541184
5.22111653071058,5.63996110704964,0,1,1,-0.257969565590497,-0.709570230577882,0,0.332361803167219,1,29,28,4.26751618215891,4.26751618215891,1.66402627003656,4.26751618215891,4.26751618215891,1.66402627003656,0.445070809134214,0.445070809134214,0.437320274250367,0.458794376486521,0.458794376486521,0.452952546476328
3.93201394297704,3.45918852948419,0,0,1,-1.21949770774315,0.391787875548355,0,0.332361803167219,1,29,28,3.09582583128419,3.09582583128419,0.842328091857497,3.09582583128419,3.09582583128419,0.842328091857497,0.626382448184746,0.626382448184746,0.453654481818331,0.595616412035756,0.595616412035756,0.46525296999304
7.6198610727536,9.57564298199288,1,0,1,0.00440682546400289,1.30037747957184,0,0.332361803167219,1,29,28,7.98970835167288,7.98970835167288,4.19872676229528,7.98970835167288,7.98970835167288,4.19872676229528,0.383046400183844,0.383046400183844,0.383044227841024,0.41165211063424,0.41165211063424,0.41165043984006
6.72795568747697,7.59016530044155,0,0,0,0.887083696998222,1.54707099534734,0,0.332361803167219,1,29,28,6.21077402113922,10.7042026857842,6.21077402113922,6.21077402113922,10.7042026857842,6.21077402113922,0.352116565716499,0.440920526351277,0.352116565716499,0.387671890514321,0.455667462871002,0.387671890514321
8.96803766832075,13.4201144990238,0,1,1,0.854417040053095,0.478363337416492,1,0.332361803167219,1,29,28,10.4055645319024,10.4055645319024,5.07673304931812,10.4055645319024,10.4055645319024,5.07673304931812,0.649655342825365,0.649655342825365,0.450129430139519,0.613714683389472,0.613714683389472,0.462601933082022
2.2780167343892,8.12623808189715,0,0,0,-0.0728719386645611,0.782695373686504,0,0.332361803167219,1,29,28,3.52648712815282,6.23909917614307,3.52648712815282,3.52648712815282,6.23909917614307,3.52648712815282,0.43225227302734,0.432868145618522,0.43225227302734,0.44912673685823,0.449591921887543,0.44912673685823
8.63043667024965,10.5226459902878,1,0,1,0.621679783804374,-0.547163064013014,1,0.332361803167219,1,29,28,8.98511955401128,8.98511955401128,3.58573213539117,8.98511955401128,8.98511955401128,3.58573213539117,0.608603014330026,0.608603014330026,0.446832256333767,0.581937565594476,0.581937565594476,0.460120640704365
1.55792567177074,5.2398194023737,0,0,0,-0.220898129934396,0.248499731517234,1,0.332361803167219,1,29,28,2.69623910344388,7.85799122000801,2.69623910344388,2.69623910344388,7.85799122000801,2.69623910344388,0.457953437263502,0.58095569851721,0.457953437263502,0.46848377104737,0.560869016663561,0.46848377104737
13.2875454526073,14.6418963692561,0,0,1,0.267907224064142,1.60847323357926,1,0.332361803167219,1,29,28,12.7210094566439,12.7210094566439,5.03382331350298,12.7210094566439,12.7210094566439,5.03382331350298,0.465182659363703,0.465182659363703,0.34377826953339,0.473911792591763,0.473911792591763,0.381133384473005
1.66451244958738,2.39219503125225,0,0,0,-0.655641513587067,-1.15828094815555,0,0.332361803167219,1,29,28,0.419971656465747,3.86158641132587,0.419971656465747,0.419971656465747,3.86158641132587,0.419971656465747,0.398787020756913,0.448347551879466,0.398787020756913,0.423715944473043,0.461261181410585,0.423715944473043
9.85983375073509,11.9100588379088,1,0,1,0.551943473314154,-0.746683061725812,1,0.332361803167219,1,29,28,8.90427511136616,8.90427511136616,3.24673951669793,8.90427511136616,8.90427511136616,3.24673951669793,0.587561882441401,0.587561882441401,0.434808586982407,0.565883892096553,0.565883892096553,0.451057101888262
11.9873214876795,15.2614344357159,0,0,1,0.758060084803891,1.34501378367047,1,0.332361803167219,1,29,28,12.6597316633372,12.6597316633372,5.75066958507369,12.6597316633372,12.6597316633372,5.75066958507369,0.560924782062713,0.560924782062713,0.377774172965597,0.545723770752054,0.545723770752054,0.407592009360853
3.13939568027801,6.05235153828857,0,0,1,0.0719831374161183,0.0543477284539454,0,0.332361803167219,1,29,28,5.19080331066972,5.19080331066972,3.08784963508162,5.19080331066972,5.19080331066972,3.08784963508162,0.461319753126583,0.461319753126583,0.460711752694849,0.471012076812832,0.471012076812832,0.470555529224803
9.28646789326555,11.0773521066258,1,1,1,0.781632239964998,-0.741561844829885,1,0.332361803167219,1,29,28,9.36115223660305,9.36115223660305,3.71123826689555,9.36115223660305,9.36115223660305,3.71123826689555,0.622519038043206,0.622519038043206,0.435162599774414,0.592634089368368,0.592634089368368,0.451324329754239
6.42422566734697,5.89102810993283,0,0,1,-0.00446418053631003,-0.428447928387817,0,0.332361803167219,1,29,28,4.73572696967481,4.73572696967481,2.452159342335,4.73572696967481,4.73572696967481,2.452159342335,0.452249219302307,0.452249219302307,0.452246887679803,0.464196341769325,0.464196341769325,0.464194588377687
1.67639633668875,3.77756243857444,0,1,0,-0.996189963703474,0.111890815228117,0,0.332361803167219,1,29,28,1.0090465196166,3.12156607414902,1.0090465196166,1.0090465196166,3.12156607414902,1.0090465196166,0.460262843814896,0.576725962141617,0.460262843814896,0.470218416505766,0.557663731940131,0.470218416505766
4.5004799880437,8.69128400305167,1,0,1,0.451304398177879,0.0611688928677441,0,0.332361803167219,1,29,28,5.9570549544736,5.9570549544736,3.85331332101894,5.9570549544736,5.9570549544736,3.85331332101894,0.484640145506586,0.484640145506586,0.460674772996723,0.488498253194054,0.488498253194054,0.470527759813424
3.73224011239515,7.00486711108834,0,0,1,-0.320499214426003,0.599541332394898,0,0.332361803167219,1,29,28,5.30752834458818,5.30752834458818,2.84807853533833,5.30752834458818,5.30752834458818,2.84807853533833,0.456036277265545,0.456036277265545,0.444028954582058,0.467043257411121,0.467043257411121,0.458009689002518
11.3677125611007,12.2328837623331,0,0,1,0.503301883444935,-0.511104922344055,1,0.332361803167219,1,29,28,8.74626271798557,8.74626271798557,3.38503447634125,8.74626271798557,8.74626271798557,3.38503447634125,0.595239471254567,0.595239471254567,0.44861495092538,0.571726547505896,0.571726547505896,0.461462412528233
9.32682098422177,7.65640664124756,0,0,1,-0.851956494583292,-2.04536363285429,1,0.332361803167219,1,29,28,8.42377140037746,8.42377140037746,-0.85974099022544,8.42377140037746,8.42377140037746,-0.85974099022544,0.467006940141746,0.467006940141746,0.278866067439097,0.475280667605764,0.475280667605764,0.328802235756182
2.83608011506041,-0.191451024314133,0,0,1,-0.193973019582237,0.546883953031317,0,-1.84977858617143,1,25,29,2.13633915409163,2.13633915409163,-0.262742903991529,2.13633915409163,2.13633915409163,-0.262742903991529,0.697782575107983,0.697782575107983,0.693995124483857,0.652041384749226,0.652041384749226,0.648972720474866
0.31046507103415,-1.58359328625439,0,0,1,-0.821610186582266,-1.07388132567433,0,-1.84977858617143,1,25,29,0.114438584934827,0.114438584934827,-3.13878251669724,0.114438584934827,0.114438584934827,-3.13878251669724,0.726638898063853,0.726638898063853,0.658492636606113,0.675778081340585,0.675778081340585,0.620653446397673
3.45733126154335,1.4775877812635,1,0,1,0.398935608226767,-1.61047780956999,0,-1.84977858617143,1,25,29,3.45935136414253,3.45935136414253,-1.23428741097483,3.45935136414253,3.45935136414253,-1.23428741097483,0.612777309601182,0.612777309601182,0.59476806490858,0.585138928732041,0.585138928732041,0.571367333273423
4.34552981105321,2.99108168300621,1,0,1,-1.0438622691367,1.7136616260303,0,-1.84977858617143,1,25,29,4.24089243842736,4.24089243842736,-0.795743730101462,4.24089243842736,4.24089243842736,-0.795743730101462,0.697481651063375,0.697481651063375,0.579043269696952,0.651797201267909,0.651797201267909,0.559419262385524
2.72077543726978,1.86706265921571,1,1,1,-1.19392410338642,-0.0347480900625747,1,-1.84977858617143,1,25,29,2.25693031506921,2.25693031506921,-2.84427711469379,2.25693031506921,2.25693031506921,-2.84427711469379,0.885283433359809,0.885283433359809,0.7059007230947,0.825551517433177,0.825551517433177,0.658653591508589
2.2739526155153,2.28914377931989,0,0,1,-0.705853865326733,1.06041138352112,0,-1.84977858617143,1,25,29,2.45149513731045,2.45149513731045,-0.77297716499072,2.45149513731045,2.45149513731045,-0.77297716499072,0.710713496054787,0.710713496054787,0.659718437741264,0.662596890599368,0.662596890599368,0.621619072344541
1.31083274173605,0.556624948995796,0,0,1,0.22148073031977,-0.0541497493624702,0,-1.84977858617143,1,25,29,2.07006308877471,2.07006308877471,-0.0328691065813033,2.07006308877471,2.07006308877471,-0.0328691065813033,0.710658668591997,0.710658668591997,0.705832535741762,0.662551867393245,0.662551867393245,0.658597850007424
11.4941032874406,8.43123211968874,1,1,1,1.61655983744023,1.88284513800914,0,-1.84977858617143,1,25,29,10.3393898087559,10.3393898087559,4.69428399503124,10.3393898087559,10.3393898087559,4.69428399503124,0.809669453852183,0.809669453852183,0.550787161875522,0.748825440268905,0.748825440268905,0.538087679366089
5.60888664171561,3.42943546266953,1,0,1,1.37791977004747,0.0626558439692986,0,-1.84977858617143,1,25,29,4.50074032098937,4.50074032098937,2.39681456620587,4.50074032098937,4.50074032098937,2.39681456620587,0.856549392349212,0.856549392349212,0.70579325208276,0.794776147594851,0.794776147594851,0.658565738165814
3.1652802660091,0.762432746497801,0,1,1,-0.219609399855413,-0.0105129016530433,0,-1.84977858617143,1,25,29,1.22869800187892,1.22869800187892,-0.871412519222242,1.22869800187892,1.22869800187892,-0.871412519222242,0.710688362925928,0.710688362925928,0.705944083984644,0.662576251489144,0.662576251489144,0.658689039806731
3.72297762866004,1.71783950384258,0,0,1,0.998049954081355,-0.613672965217169,0,-1.84977858617143,1,25,29,3.4373406333256,3.4373406333256,0.960746125087169,3.4373406333256,3.4373406333256,0.960746125087169,0.782412747776074,0.782412747776074,0.69085511252979,0.723894001380249,0.723894001380249,0.646436150450723
6.11025490153571,3.65472356648879,0,0,1,0.886890007410552,1.38037909817582,0,-1.84977858617143,1,25,29,6.73792474981926,6.73792474981926,2.73247829513856,6.73792474981926,6.73792474981926,2.73247829513856,0.708353666324401,0.708353666324401,0.625737929603813,0.660661161676851,0.660661161676851,0.595118476405766
2.75160191205234,4.06541844802472,1,0,0,1.17148853832097,1.00081885426781,1,-1.84977858617143,1,25,29,2.92211511305138,9.02375349210931,2.92211511305138,2.92211511305138,9.02375349210931,2.92211511305138,0.664932743774466,0.860939368000119,0.664932743774466,0.625735629389611,0.799327964290319,0.625735629389611
-1.31975644229358,-3.30766278236388,1,0,0,-0.364128606066822,-0.831593117250559,0,-1.84977858617143,1,25,29,-1.98153114724258,0.810015965415925,-1.98153114724258,-1.98153114724258,0.810015965415925,-1.98153114724258,0.67792411972158,0.691525823501174,0.67792411972158,0.636058631984913,0.646977401219195,0.636058631984913
-0.31030423990641,-0.462114505352959,1,1,1,-1.44763459087955,-0.106459621580665,1,-1.84977858617143,1,25,29,1.68792402982896,1.68792402982896,-3.42340962119814,1.68792402982896,1.68792402982896,-3.42340962119814,0.91442209875073,0.91442209875073,0.70550026403281,0.859659626445389,0.859659626445389,0.658326276155543
-1.28475309671814,-3.60907965711333,1,0,0,-0.589836183524298,-0.0414927998144579,1,-1.84977858617143,1,25,29,-1.64284598472143,3.45887566771502,-1.64284598472143,-1.64284598472143,3.45887566771502,-1.64284598472143,0.705880394599689,0.820698830301252,0.705880394599689,0.658636973091509,0.759249148640626,0.658636973091509
3.41061706336587,1.92920296396811,0,0,1,0.192628521264189,0.364243092653718,0,-1.84977858617143,1,25,29,2.56049234786967,2.56049234786967,0.327819317323724,2.56049234786967,2.56049234786967,0.327819317323724,0.704368576519641,0.704368576519641,0.70067813799438,0.657401942528186,0.657401942528186,0.654394287414086
10.0049631401757,11.6043703260193,1,0,1,1.13924527720369,-2.59128709925912,1,-1.84977858617143,1,25,29,11.0802914680766,11.0802914680766,-0.734477362710115,11.0802914680766,11.0802914680766,-0.734477362710115,0.666266719611046,0.666266719611046,0.402521341050198,0.626791154060376,0.626791154060376,0.426566293245775
6.63541167919039,7.00833852371146,1,0,1,1.38071624302984,-0.309726877537704,1,-1.84977858617143,1,25,29,7.22595552933285,7.22595552933285,2.0300247906636,7.22595552933285,7.22595552933285,2.0300247906636,0.905481645608272,0.905481645608272,0.702142876942221,0.848820626229542,0.848820626229542,0.655586829614663
2.25373271816918,0.849063154297151,0,0,1,0.0814613975080877,-1.16672478282937,0,-1.84977858617143,1,25,29,2.03576391319667,2.03576391319667,-1.42548280567157,2.03576391319667,2.03576391319667,-1.42548280567157,0.650279056004391,0.650279056004391,0.649563155670842,0.614203122223266,0.614203122223266,0.613642506388269
-0.850120510172442,-1.96444207461711,1,0,1,-0.687950349630541,-0.531650288136619,0,-1.84977858617143,1,25,29,0.053420223619676,0.053420223619676,-2.32923180525607,0.053420223619676,0.053420223619676,-2.32923180525607,0.740300332142993,0.740300332142993,0.694658504624368,0.68726241932435,0.68726241932435,0.649509479647732
7.52831269977912,8.77143239084936,1,1,1,1.68886916064464,0.0675614317787726,1,-1.84977858617143,1,25,29,8.12818348227367,8.12818348227367,3.02361893520967,8.12818348227367,8.12818348227367,3.02361893520967,0.939451324796437,0.939451324796437,0.70576799376869,0.89226505605319,0.89226505605319,0.658545091748453
8.65559883232343,7.26291872187994,1,1,1,1.19816245456839,0.168522500237311,1,-1.84977858617143,1,25,29,7.27156642460196,7.27156642460196,2.14316659151572,7.27156642460196,7.27156642460196,2.14316659151572,0.885246896069261,0.885246896069261,0.704824664062281,0.825510781119904,0.825510781119904,0.657774347773617
3.67270640292203,0.550819605951679,1,1,1,-0.920143379954713,-0.504329615587589,1,-1.84977858617143,1,25,29,2.58805116780334,2.58805116780334,-2.76629719335539,2.58805116780334,2.58805116780334,-2.76629719335539,0.847252597865428,0.847252597865428,0.695799483227028,0.78529370118945,0.78529370118945,0.650433392541706
-4.80236416330973,-2.81000266528393,1,0,0,-1.53881142691004,-0.63069378409445,1,-1.84977858617143,1,25,29,-4.12999745577291,1.36777719352247,-4.12999745577291,-4.12999745577291,1.36777719352247,-4.12999745577291,0.689994151482626,0.918829970140196,0.689994151482626,0.645741816251993,0.865144233438452,0.645741816251993
4.11314499666523,4.35552640800351,1,1,1,-0.0630237045466693,-0.911470488924237,0,0.00743701942917599,1,26,30,4.89320524490422,4.89320524490422,1.96242679272443,4.89320524490422,4.89320524490422,1.96242679272443,0.460449752576333,0.460449752576333,0.459983795975735,0.470358780360681,0.470358780360681,0.470008850983628
5.5072909444761,6.71181305381676,1,1,1,0.0880897673392214,0.0698632035538043,0,0.00743701942917599,1,26,30,5.35086829618506,5.35086829618506,3.24598742897426,5.35086829618506,5.35086829618506,3.24598742897426,0.499807680388815,0.499807680388815,0.498891852518412,0.499856005859234,0.499856005859234,0.499170319974246
6.04187102965226,7.89182445547922,1,1,1,0.924869830629058,-1.40606957135699,0,0.00743701942917599,1,26,30,7.52064642013917,7.52064642013917,3.44361478064314,7.52064642013917,7.52064642013917,3.44361478064314,0.506742758730825,0.506742758730825,0.406836986366974,0.505048483176773,0.505048483176773,0.42985524302438
3.03052093895437,4.13202396248046,0,1,0,-0.671061504083126,1.07903959110984,0,0.00743701942917599,1,26,30,2.73686127368559,6.00118771286807,2.73686127368559,2.73686127368559,6.00118771286807,2.73686127368559,0.444375804449735,0.497303923820896,0.444375804449735,0.458270943447382,0.497981420502861,0.458270943447382
5.31599258426625,8.1441152343549,0,0,1,-0.802759563944806,1.44805008055545,0,0.00743701942917599,1,26,30,7.03932467920451,7.03932467920451,2.84247564340785,7.03932467920451,7.03932467920451,2.84247564340785,0.476205708121816,0.476205708121816,0.40137897512546,0.48217861822812,0.48217861822812,0.425694788040496
11.3404659158218,13.8506273073189,1,1,1,-0.0880525346774906,2.14149806206087,0,0.00743701942917599,1,26,30,11.6513516332583,11.6513516332583,4.9653376834479,11.6513516332583,11.6513516332583,4.9653376834479,0.295604247169298,0.295604247169298,0.294836371622375,0.342575868937203,0.342575868937203,0.341948776839045
7.3833321090517,11.1804134532984,1,1,1,1.9582044131538,0.178802550216528,0,0.00743701942917599,1,26,30,9.22712641923007,9.22712641923007,7.09515606726614,9.22712641923007,9.22712641923007,7.09515606726614,0.860522496089549,0.860522496089549,0.49761300370556,0.798893590332179,0.798893590332179,0.49821283314447
10.6161385966092,9.63753120172546,1,1,1,-1.11223148077864,1.64030263018061,1,0.00743701942917599,1,26,30,10.2063770779428,10.2063770779428,2.41578435936534,10.2063770779428,10.2063770779428,2.41578435936534,0.633005575890241,0.633005575890241,0.374697549318395,0.600742964482325,0.600742964482325,0.405217861679594
0.78709913440459,0.289994855636259,1,1,1,-2.39288941361964,-0.0571275654843941,0,0.00743701942917599,1,26,30,0.260301856756515,0.260301856756515,-1.84296170198166,0.260301856756515,0.260301856756515,-1.84296170198166,0.939924285734503,0.939924285734503,0.498968203513855,0.892919451754365,0.892919451754365,0.499227484499598
7.28400217057177,5.99109574508219,1,1,1,0.792828333592514,0.591999633401184,0,0.00743701942917599,1,26,30,7.62806455727536,7.62806455727536,5.17760099132822,7.62806455727536,7.62806455727536,5.17760099132822,0.55653219976638,0.55653219976638,0.482583987425517,0.542413018873126,0.542413018873126,0.486958000767568
0.0418939591185057,-0.341595940708268,0,1,1,-2.21126150713021,0.146357426613586,0,0.00743701942917599,1,26,30,0.845199599420119,0.845199599420119,-1.27622089690483,0.845199599420119,0.845199599420119,-1.27622089690483,0.911810715510957,0.911810715510957,0.498111041910669,0.856455450973276,0.856455450973276,0.498585720307561
3.45776165063296,5.41485208952373,1,1,1,-0.0915786449255659,-0.903781154641919,0,0.00743701942917599,1,26,30,4.82982662173484,4.82982662173484,1.91300624624896,4.82982662173484,4.82982662173484,1.91300624624896,0.461622901892823,0.461622901892823,0.460638787468003,0.471239695722694,0.471239695722694,0.470500736810573
5.86399279436457,7.76911316922384,1,1,1,0.579176262214169,0.608746142520292,0,0.00743701942917599,1,26,30,7.23761522372398,7.23761522372398,4.76704335769064,7.23761522372398,7.23761522372398,4.76704335769064,0.521205846600258,0.521205846600258,0.481635854321222,0.515881502716024,0.515881502716024,0.486247691502195
2.53741748532068,4.50278219485283,0,0,0,0.261530081022581,-0.0049499922120954,0,0.00743701942917599,1,26,30,3.51805486057508,5.61807936299798,3.51805486057508,3.51805486057508,5.61807936299798,3.51805486057508,0.499121115215867,0.507193123059784,0.499121115215867,0.499341970511754,0.505385704828878,0.499341970511754
8.15180388833286,6.36479914269084,0,1,1,-0.0775317043465241,-0.00663744773901259,1,0.00743701942917599,1,26,30,7.93828789002244,7.93828789002244,2.83824383430995,7.93828789002244,7.93828789002244,2.83824383430995,0.615814426243334,0.615814426243334,0.499120192129601,0.587471954870719,0.587471954870719,0.499341279391092
8.13172884832644,9.11789285682096,1,1,1,1.5761784859488,-0.841359627850736,0,0.00743701942917599,1,26,30,8.11882805816601,8.11882805816601,5.31094203478888,8.11882805816601,8.11882805816601,5.31094203478888,0.738806106365651,0.738806106365651,0.465754881820411,0.685997792986109,0.685997792986109,0.474341203117249
5.02180688678959,6.56630794364724,1,1,1,0.779823661909173,-0.881549183767382,0,0.00743701942917599,1,26,30,6.55517179419391,6.55517179419391,3.67804283079297,6.55517179419391,6.55517179419391,3.67804283079297,0.534156406945097,0.534156406945097,0.462502032191607,0.525592221756286,0.525592221756286,0.471899732190578
13.4108958895888,13.4688746715613,0,1,1,0.968016626772338,1.60644204628695,1,0.00743701942917599,1,26,30,14.2230760386523,14.2230760386523,6.54241999057364,14.2230760386523,14.2230760386523,6.54241999057364,0.604423859416029,0.604423859416029,0.379588415622433,0.578738287764909,0.578738287764909,0.408990312914178
10.0143756901125,10.1172829295285,0,1,1,1.48772830230327,-2.0970876940771,0,0.00743701942917599,1,26,30,10.3760903979211,10.3760903979211,3.87831360127146,10.3760903979211,10.3760903979211,3.87831360127146,0.552545506058137,0.552545506058137,0.302340192967478,0.539410960778726,0.539410960778726,0.348058239769018
-0.865423756845378,-0.780796923007725,0,1,0,-0.709971312618235,-1.78237429918476,1,0.00743701942917599,1,26,30,-0.202372233679218,8.07448590871514,-0.202372233679218,-0.202372233679218,8.07448590871514,-0.202372233679218,0.353367064729015,0.526634717401892,0.353367064729015,0.388649539090221,0.519950621250551,0.388649539090221
8.06526345591654,5.66774992301501,0,1,1,1.04487288824303,-0.662796400644798,0,0.00743701942917599,1,26,30,6.96619313529097,6.96619313529097,4.42689406658327,6.96619313529097,6.96619313529097,4.42689406658327,0.60569524028266,0.60569524028266,0.478396265141249,0.579710970393323,0.579710970393323,0.4838203268555
3.59278292812308,5.75972247417236,1,1,1,-0.0955781471854261,-0.198914383969741,0,0.00743701942917599,1,26,30,4.74944094455148,4.74944094455148,2.60987401240142,4.74944094455148,4.74944094455148,2.60987401240142,0.498332520651782,0.498332520651782,0.497254386639795,0.498751543636888,0.498751543636888,0.497944331222341
9.15307712916997,10.8915413240001,1,1,1,1.99163077047333,0.0973899759634922,0,0.00743701942917599,1,26,30,9.19008101507032,9.19008101507032,7.08059620765215,9.19008101507032,9.19008101507032,7.08059620765215,0.86853715996449,0.86853715996449,0.498674506866914,0.807326377651492,0.807326377651492,0.499007591655764
6.07743588818984,5.523052779583,1,0,1,0.28612593696983,-0.651814094614074,0,0.00743701942917599,1,26,30,5.44524408400516,5.44524408400516,2.9203824700676,5.44524408400516,5.44524408400516,2.9203824700676,0.488729094758586,0.488729094758586,0.479076667578297,0.491560722837209,0.491560722837209,0.48433019084407
4.77025258411779,6.96047116940666,0,1,0,1.25965406888793,0.32860532689295,1,0.00743701942917599,1,26,30,5.84785815541081,11.0558396162732,5.84785815541081,5.84785815541081,11.0558396162732,5.84785815541081,0.494024857608923,0.769145647458487,0.494024857608923,0.495526273166901,0.712131274389694,0.495526273166901
13.0105077789717,12.8139657797797,1,1,1,2.25045318846361,-0.705367122706191,1,0.00743701942917599,1,26,30,12.3930267227579,12.3930267227579,6.79548394496304,12.3930267227579,12.3930267227579,6.79548394496304,0.943726936472934,0.943726936472934,0.475652179031131,0.898241562858387,0.898241562858387,0.481763726009221
2.02115651804609,-0.271629394334948,1,1,0,0.228583462140384,-0.867576708070317,0,-1.68537780147701,0,25,31,0.616668590569276,3.4693579349554,0.616668590569276,0.616668590569276,3.4693579349554,0.616668590569276,0.755993086838468,0.760574828894398,0.755993086838468,0.700679733401551,0.704646504648584,0.700679733401551
-0.763042354603215,-1.83171458292677,1,1,0,-0.576311223158876,0.62850674113563,1,-1.68537780147701,0,25,31,-0.993120780029245,4.50189994362368,-0.993120780029245,-0.993120780029245,4.50189994362368,-0.993120780029245,0.768402409822615,0.863131750486247,0.768402409822615,0.711478791080712,0.801619922692721,0.711478791080712
-1.49819531245324,-2.6778449452375,1,1,1,-1.60594972761745,0.517322896059904,0,-1.68537780147701,0,25,31,-0.684774810158586,-0.684774810158586,-3.05239778894639,-0.684774810158586,-0.684774810158586,-3.05239778894639,0.92237125008571,0.92237125008571,0.772718496821798,0.869623415174675,0.869623415174675,0.715277212766948
4.47829825429616,3.09266893913083,1,1,1,0.197488062967323,-1.46315744605842,0,-1.68537780147701,0,25,31,4.79530750417936,4.79530750417936,0.554477792223154,4.79530750417936,4.79530750417936,0.554477792223154,0.707750683958733,0.707750683958733,0.703895662350576,0.660167235210128,0.660167235210128,0.657015961980645
6.47201023770273,6.52397699832613,1,1,1,0.293438850404243,0.662734997473513,1,-1.68537780147701,0,25,31,6.28559704397321,6.28559704397321,0.746379367096993,6.28559704397321,6.28559704397321,0.746379367096993,0.847321114985133,0.847321114985133,0.766892257046255,0.785362839231848,0.785362839231848,0.710155073151061
1.87390305303688,1.86556033206307,0,1,1,-0.334949154901045,-0.245705895172153,1,-1.68537780147701,0,25,31,4.64997474340877,4.64997474340877,-0.510396643513583,4.64997474340877,4.64997474340877,-0.510396643513583,0.858123644376746,0.858123644376746,0.779622320896557,0.796402770585231,0.796402770585231,0.721401275095927
0.964533507516707,-0.178799448317042,1,1,1,-0.887380633195431,0.639770402441689,0,-1.68537780147701,0,25,31,0.894046567738046,0.894046567738046,-1.61525960010236,0.894046567738046,0.894046567738046,-1.61525960010236,0.828519030333365,0.828519030333365,0.767915015324707,0.766772482842977,0.766772482842977,0.711051270346819
-3.36498843228357,-3.28236182978484,1,1,0,-1.55875856947103,-0.984198582900868,0,-1.68537780147701,0,25,31,-2.95801547265355,0.110631377930528,-2.95801547265355,-2.95801547265355,0.110631377930528,-2.95801547265355,0.748294098799392,0.905893641704557,0.748294098799392,0.694065362808784,0.849312191379299,0.694065362808784
-2.00294544648753,-2.3276951700195,0,1,0,-0.687771490561144,0.165129603686551,0,-1.68537780147701,0,25,31,-1.21604131483378,0.911226471179896,-1.21604131483378,-1.21604131483378,0.911226471179896,-1.21604131483378,0.780711508437904,0.817161216332954,0.780711508437904,0.722373040093911,0.755882719241996,0.722373040093911
-1.9348707654293,-0.937802662690222,1,1,1,-1.24517669360202,-0.18887969477002,0,-1.68537780147701,0,25,31,-0.195176181819106,-0.195176181819106,-2.33085172091552,-0.195176181819106,-0.195176181819106,-2.33085172091552,0.882626937673284,0.882626937673284,0.78043522717103,0.822601388362585,0.822601388362585,0.722126396759211
6.69050160200338,2.74950185979213,1,1,1,0.390824904856842,-1.26114277212424,0,-1.68537780147701,0,25,31,4.6316325676834,4.6316325676834,0.941151476002192,4.6316325676834,4.6316325676834,0.941151476002192,0.739559325827825,0.739559325827825,0.72527766261713,0.686635004458143,0.686635004458143,0.674643046750972
1.36331397100893,1.60779704175484,1,1,1,-0.00995997152434519,-0.0478525477818812,0,-1.68537780147701,0,25,31,2.24187158956903,2.24187158956903,0.139581723239817,2.24187158956903,2.24187158956903,0.139581723239817,0.781538993105138,0.781538993105138,0.781530868453308,0.723112358533131,0.723112358533131,0.723105095142379
2.11485303330692,0.872968979720529,0,1,1,-0.46394363721372,0.938184594295716,0,-1.68537780147701,0,25,31,2.21180472483488,2.21180472483488,-0.768385608138933,2.21180472483488,2.21180472483488,-0.768385608138933,0.770202609038294,0.770202609038294,0.751466248873873,0.713060321192196,0.713060321192196,0.696783018384815
6.56541522827879,5.71296395154143,1,1,1,0.565156983486306,-0.368579194375075,1,-1.68537780147701,0,25,31,6.5256662557873,6.5256662557873,1.28981563326112,6.5256662557873,6.5256662557873,1.28981563326112,0.868263950326646,0.868263950326646,0.777124915158397,0.80703600858696,0.80703600858696,0.719178931628197
2.28030093314856,3.03510896098022,0,1,1,0.453330926719794,-0.078533781727674,0,-1.68537780147701,0,25,31,3.17233107460054,3.17233107460054,1.06616351972809,3.17233107460054,3.17233107460054,1.06616351972809,0.797790845536309,0.797790845536309,0.781403806724921,0.737823965935883,0.737823965935883,0.722991514076779
4.82667431627176,2.63571628024674,1,1,1,0.411643948626988,-1.12780279313504,0,-1.68537780147701,0,25,31,4.35472870374569,4.35472870374569,0.982789563542483,4.35472870374569,4.35472870374569,0.982789563542483,0.752603104960244,0.752603104960244,0.737223441450805,0.697759563590217,0.697759563590217,0.684660658706891
3.36487478556675,2.28083546128136,1,1,1,0.128127528946118,-0.735476590062489,0,-1.68537780147701,0,25,31,3.05668253871069,3.05668253871069,0.415756724180742,3.05668253871069,3.05668253871069,0.415756724180742,0.764808644298643,0.764808644298643,0.763392033835291,0.708333120871947,0.708333120871947,0.707097305220365
9.25904606407607,8.92655341792314,1,1,1,1.53376289104956,1.53517662648109,1,-1.68537780147701,0,25,31,10.6837947228815,10.6837947228815,3.22702744838763,10.6837947228815,10.6837947228815,3.22702744838763,0.920154497048554,0.920154497048554,0.69525874672124,0.86681174722889,0.86681174722889,0.64999541538274
1.59349047545368,2.65328105383744,1,1,1,-0.261135737536165,-1.01073082082426,0,-1.68537780147701,0,25,31,2.75880698338026,2.75880698338026,-0.362769808783822,2.75880698338026,2.75880698338026,-0.362769808783822,0.752503924780393,0.752503924780393,0.746383671412401,0.697674314414972,0.697674314414972,0.692433678920914
3.39087615822624,6.63458764677199,1,1,1,1.0503750399329,-0.869579089325092,0,-1.68537780147701,0,25,31,5.11641953874577,5.11641953874577,2.26025174615431,5.11641953874577,5.11641953874577,2.26025174615431,0.84033490187293,0.84033490187293,0.755870302324983,0.778367617021186,0.778367617021186,0.700573748224968
-2.51030094580526,-3.46549379741398,1,0,0,-1.42481572317554,0.451863018279598,0,-1.68537780147701,0,25,31,-2.69012978006257,-0.385949592773818,-2.69012978006257,-2.69012978006257,-0.385949592773818,-2.69012978006257,0.774847360037967,0.901909504438589,0.774847360037967,0.71715919012014,0.84458894403711,0.71715919012014
2.48635057228732,3.44260041994292,1,1,1,-0.365695239741407,-0.490996229584216,1,-1.68537780147701,0,25,31,4.76918848427161,4.76918848427161,-0.571888813194306,4.76918848427161,4.76918848427161,-0.571888813194306,0.855102661401739,0.855102661401739,0.773610915362128,0.793286768886146,0.793286768886146,0.716065448575836
6.86906129110554,3.6469474292061,1,1,1,0.899816028552933,0.314178411421679,1,-1.68537780147701,0,25,31,7.15784179759782,7.15784179759782,1.95913372339437,7.15784179759782,7.15784179759782,1.95913372339437,0.893936131116995,0.893936131116995,0.778356286465283,0.835330186405738,0.835330186405738,0.720273673245121
4.17159277844805,2.27193549950803,1,1,1,-0.408727586912581,0.223992696843259,1,-1.68537780147701,0,25,31,4.49221922070246,4.49221922070246,-0.657953507536654,4.49221922070246,4.49221922070246,-0.657953507536654,0.861568811827615,0.861568811827615,0.77995827923114,0.799984697319045,0.799984697319045,0.721700848906677
5.58887360943633,6.52495158163816,1,1,1,0.340293601801458,0.486428717838338,1,-1.68537780147701,0,25,31,6.17670176742927,6.17670176742927,0.840088869891424,6.17670176742927,6.17670176742927,0.840088869891424,0.85413043904968,0.85413043904968,0.773760765791825,0.792288798141945,0.792288798141945,0.716197902320981
4.13311818133998,4.52416861122257,1,0,1,-0.358623329456994,1.06738580871518,0,-1.39076152647666,0,25,32,3.58784818220487,3.58784818220487,0.348535717558316,3.58784818220487,3.58784818220487,0.348535717558316,0.726649677324711,0.726649677324711,0.714305622927361,0.675787075861508,0.675787075861508,0.665551843292799
6.96389293678082,5.89754362030063,1,0,1,0.576872920441421,1.16776381265801,0,-1.39076152647666,0,25,32,5.68320053950871,5.68320053950871,2.21952821735514,5.68320053950871,5.68320053950871,2.21952821735514,0.737359630228817,0.737359630228817,0.705504959188017,0.684775625448212,0.684775625448212,0.658330113042068
8.20716941573135,7.54783971348142,1,1,1,1.9541940189205,-0.0571054068239767,0,-1.39076152647666,0,25,32,7.07743144180184,7.07743144180184,4.9741704143133,7.07743144180184,7.07743144180184,4.9741704143133,0.952231270131008,0.952231270131008,0.756447652057048,0.910568563272612,0.910568563272612,0.701072248585162
5.24583691123135,5.10579432885506,1,0,1,0.407229685232975,-1.0103043663924,0,-1.39076152647666,0,25,32,5.0009566596898,5.0009566596898,1.88024174693825,5.0009566596898,5.0009566596898,1.88024174693825,0.734599012062746,0.734599012062746,0.718896020549699,0.682448612822362,0.682448612822362,0.669343121811337
5.47987209163408,7.23945312822154,1,1,1,1.29871321838391,0.133139723533033,0,-1.39076152647666,0,25,32,5.78093499922257,5.78093499922257,3.66320881324012,5.78093499922257,5.78093499922257,3.66320881324012,0.874785999573641,0.874785999573641,0.755937407180796,0.814026484688922,0.814026484688922,0.700631669776988
5.74885530819131,4.99892445658997,1,0,1,0.197415964881698,-0.946115317821542,0,-1.39076152647666,0,25,32,4.45574850085226,4.45574850085226,1.4606143062357,4.45574850085226,4.45574850085226,1.4606143062357,0.727410067445728,0.727410067445728,0.72370942992216,0.676421825387979,0.676421825387979,0.673337412167826
7.95636396027841,7.15493388072459,1,0,1,-0.245522508383721,0.761329017155824,1,-1.39076152647666,0,25,32,6.25435923206831,6.25435923206831,0.574737359704861,6.25435923206831,6.25435923206831,0.574737359704861,0.822268426384855,0.822268426384855,0.735584333305458,0.760750022146889,0.760750022146889,0.683278348052783
0.489325770087166,1.65109326025463,0,0,0,-0.467396183309087,1.34425511040778,0,-1.39076152647666,0,25,32,0.13099000985413,4.03801181171157,0.13099000985413,0.13099000985413,4.03801181171157,0.13099000985413,0.687679459179855,0.709556074762619,0.687679459179855,0.643877554844707,0.661646937417473,0.643877554844707
2.84805266630734,3.74294510546196,1,1,1,-0.391735431782977,-0.0289218202179274,0,-1.39076152647666,0,25,32,2.38314798459107,2.38314798459107,0.28231151290635,2.38314798459107,2.38314798459107,0.28231151290635,0.769807115252572,0.769807115252572,0.756533107885982,0.712712532238812,0.712712532238812,0.701146064601532
0.840567675289363,-0.373169745185025,0,1,0,-0.334411999618092,-1.54474468585325,0,-1.39076152647666,0,25,32,0.39695837723612,4.88319452170798,0.39695837723612,0.39695837723612,4.88319452170798,0.39695837723612,0.663572032684877,0.6753195799772,0.663572032684877,0.624659961961136,0.633981111803683,0.624659961961136
6.57085085333084,5.65214674248683,1,1,1,0.906510828894897,-0.492458302712923,0,-1.39076152647666,0,25,32,5.22131921417299,5.22131921417299,2.8788040342621,5.22131921417299,5.22131921417299,2.8788040342621,0.814847588979245,0.814847588979245,0.747919126876175,0.753693006382867,0.753693006382867,0.693744806358392
5.60749056628296,5.57930602801109,1,0,1,0.298043344134039,0.970256194558517,0,-1.39076152647666,0,25,32,4.70326614781956,4.70326614781956,1.66186906474038,4.70326614781956,4.70326614781956,1.66186906474038,0.730365333806347,0.730365333806347,0.72194190518881,0.678893671996056,0.678893671996056,0.671868393970448
3.01048638275606,3.08058889997473,0,1,1,-0.233818679980926,0.188345117001617,0,-1.39076152647666,0,25,32,2.73361889960881,2.73361889960881,0.598145016510452,2.73361889960881,2.73361889960881,0.598145016510452,0.760111864366761,0.760111864366761,0.755310423656612,0.7042446161603,0.7042446161603,0.700090680268272
6.71977640729802,6.40743200375726,1,0,1,1.08520637278137,-0.500274771783454,0,-1.39076152647666,0,25,32,5.58646996931803,5.58646996931803,3.23619512203504,5.58646996931803,5.58646996931803,3.23619512203504,0.83917203922703,0.83917203922703,0.747639363052241,0.777213642601227,0.777213642601227,0.693505735765107
4.68564586231663,5.79364320411138,1,0,1,-0.472627549158446,-1.31917242608314,0,-1.39076152647666,0,25,32,3.9607431678935,3.9607431678935,0.120527278155411,3.9607431678935,3.9607431678935,0.120527278155411,0.712651686037243,0.712651686037243,0.69040145840013,0.664190011524605,0.664190011524605,0.646070232535115
8.02940459567518,8.53253508003012,1,0,1,1.29182193247171,1.39079004737727,0,-1.39076152647666,0,25,32,7.68372319729938,7.68372319729938,3.64942624141572,7.68372319729938,7.68372319729938,3.64942624141572,0.826918754714526,0.826918754714526,0.682459305144441,0.765223560627274,0.765223560627274,0.639686084809388
3.23904903463027,0.90167187136871,1,1,1,-1.38066520975106,0.67250232116243,0,-1.39076152647666,0,25,32,0.856711328939034,0.856711328939034,-1.69554804302982,0.856711328939034,0.856711328939034,-1.69554804302982,0.87720374586635,0.87720374586635,0.740287875232012,0.816650023685371,0.816650023685371,0.687251867571442
4.71924840315149,5.15599791799782,0,1,1,-0.361939464293027,-0.99395655685631,0,-1.39076152647666,0,25,32,3.4298530848039,3.4298530848039,0.341903447886249,3.4298530848039,3.4298530848039,0.341903447886249,0.732572335608915,0.732572335608915,0.720156600278241,0.680744796004359,0.680744796004359,0.670387293959578
9.85332205939824,9.04414437982457,1,1,1,2.25379416805503,-1.10522728719659,0,-1.39076152647666,0,25,32,8.89489806894631,8.89489806894631,5.57337071258237,8.89489806894631,8.89489806894631,5.57337071258237,0.966917834827353,0.966917834827353,0.711098275658031,0.933536455737467,0.933536455737467,0.662912930082028
0.535940592700768,0.714089186286856,1,1,0,-0.728892158309902,0.595751041800607,0,-1.39076152647666,0,25,32,-0.3920019401475,2.06291736365901,-0.3920019401475,-0.3920019401475,2.06291736365901,-0.3920019401475,0.743847295784101,0.789264385753847,0.743847295784101,0.690273104185191,0.730059169208738,0.690273104185191
7.28838118604838,8.47471886831041,1,1,1,0.121018492303644,-0.641447393817765,1,-1.39076152647666,0,25,32,6.81927412011519,6.81927412011519,1.30781936107959,6.81927412011519,6.81927412011519,1.30781936107959,0.823787919878285,0.823787919878285,0.741783718427588,0.762207299967248,0.762207299967248,0.688520019719921
8.26064549712441,6.60042645832662,1,0,1,0.257377944232677,-0.56308775872637,1,-1.39076152647666,0,25,32,6.99760608896515,6.99760608896515,1.58053826493766,6.99760608896515,6.99760608896515,1.58053826493766,0.829959780178318,0.829959780178318,0.745223076882385,0.768171245297205,0.768171245297205,0.691444238591705
2.12067089517775,3.97149107836681,1,0,1,-0.689297740252495,0.736662110090676,0,-1.39076152647666,0,25,32,2.32985796041056,2.32985796041056,-0.312813104032687,2.32985796041056,2.32985796041056,-0.312813104032687,0.778598566814594,0.778598566814594,0.736954319346501,0.720489300934343,0.720489300934343,0.684433525228229
5.66365864505303,7.84293485273766,1,0,1,0.633637251637104,0.462210795549116,1,-1.39076152647666,0,25,32,7.64669569926866,7.64669569926866,2.33305687974651,7.64669569926866,7.64669569926866,2.33305687974651,0.854146725718667,0.854146725718667,0.748958485918346,0.792305497022019,0.792305497022019,0.694633691309939
5.10719999763918,6.10114605691446,1,1,1,0.602383059826589,0.0448110801789051,0,-1.39076152647666,0,25,32,4.37255652903228,4.37255652903228,2.27054849612548,4.37255652903228,4.37255652903228,2.27054849612548,0.78707996196122,0.78707996196122,0.756491817512352,0.728086603065093,0.728086603065093,0.701110397329364
5.75841111065725,7.75065470085624,0,0,1,0.105360657712801,-1.04686288380121,0,0.818532476939995,1,28,33,4.68978491329945,4.68978491329945,1.49386301581887,4.68978491329945,4.68978491329945,1.49386301581887,0.356882060507971,0.356882060507971,0.355675327713408,0.391393635479524,0.391393635479524,0.390452210451331
4.13587695211888,3.00424640212769,0,0,1,-1.17478957458235,-0.0580680679733156,0,0.818532476939995,1,28,33,2.02572926757461,2.02572926757461,-0.0776426329435479,2.02572926757461,2.02572926757461,-0.0776426329435479,0.565757179850417,0.565757179850417,0.40437074580166,0.549370012382665,0.549370012382665,0.42797638052817
6.01516240298756,7.72560649743994,1,0,1,0.811661191902182,-0.611164844586071,0,0.818532476939995,1,28,33,5.81568459067069,5.81568459067069,3.34216212341277,5.81568459067069,5.81568459067069,3.34216212341277,0.463575262763633,0.463575262763633,0.387619305877266,0.472705382274325,0.472705382274325,0.415165494170073
10.6640777323001,13.3422045648606,1,1,1,1.2269039743322,-0.506623480734088,1,0.818532476939995,1,28,33,9.63385640335591,9.63385640335591,4.27718905212479,9.63385640335591,9.63385640335591,4.27718905212479,0.679057183482254,0.679057183482254,0.392882300655017,0.636963713704003,0.636963713704003,0.419200137036999
3.96668011123941,5.0935089630713,0,1,1,-0.945938200133682,-0.617827421700207,1,0.818532476939995,1,28,33,5.30201148523163,5.30201148523163,-0.179699237773094,5.30201148523163,5.30201148523163,-0.179699237773094,0.607386599891062,0.607386599891062,0.387251439166768,0.581005772309021,0.581005772309021,0.414883132777764
5.55984635642355,5.4370703609407,1,0,0,1.41648466521734,-0.290768813983538,0,0.818532476939995,1,28,33,4.87220510064563,7.05675160383102,4.87220510064563,4.87220510064563,7.05675160383102,4.87220510064563,0.400677480786558,0.633081832302351,0.400677480786558,0.425159428526459,0.600802095385955,0.425159428526459
6.32598623804029,5.84159501291469,0,0,1,0.88415001421254,0.00559267163182412,0,0.818532476939995,1,28,33,6.20392856222736,6.20392856222736,4.10389728425138,6.20392856222736,6.20392856222736,4.10389728425138,0.495654089497759,0.495654089497759,0.404522961130164,0.496746150743385,0.496746150743385,0.428092393509462
2.61472509745899,3.67267120172544,1,1,1,-0.537890728151075,-0.918504543839504,0,0.818532476939995,1,28,33,3.27936918110664,3.27936918110664,0.335718584052822,3.27936918110664,3.27936918110664,0.335718584052822,0.399052590661132,0.399052590661132,0.366707473489808,0.423918789507215,0.423918789507215,0.399034511950754
6.99993449053419,7.64663683925541,1,1,1,1.15047838681532,-0.115654922500195,0,0.818532476939995,1,28,33,6.62868249642344,6.62868249642344,4.51530643532491,6.62868249642344,6.62868249642344,4.51530643532491,0.558718663571326,0.558718663571326,0.403915011635633,0.544060572827501,0.544060572827501,0.42762899646359
5.78681965765708,7.23448308224609,1,0,1,0.411069201804267,0.778974317945286,0,0.818532476939995,1,28,33,6.63791829376662,6.63791829376662,3.9311173057483,6.63791829376662,6.63791829376662,3.9311173057483,0.396151098138701,0.396151098138701,0.377188258260012,0.421701412756939,0.421701412756939,0.407140156253929
4.82450569123449,4.14449026840441,0,0,1,0.210040674683946,-0.146189227383079,0,0.818532476939995,1,28,33,4.72526799638215,4.72526799638215,2.60389670617929,4.72526799638215,4.72526799638215,2.60389670617929,0.408582445962734,0.408582445962734,0.403550906805122,0.431183956049859,0.431183956049859,0.42735141366105
2.21005016317589,3.21421173848356,1,1,1,-1.25954085493621,-0.727697316318843,0,0.818532476939995,1,28,33,1.71276894218086,1.71276894218086,-0.916774441996782,1.71276894218086,1.71276894218086,-0.916774441996782,0.565274705916053,0.565274705916053,0.380631331394169,0.549005768669352,0.549005768669352,0.409793566728408
9.53873818509268,8.54380815898645,1,1,1,0.190343674746529,-0.0929138879488323,1,0.818532476939995,1,28,33,7.72641103631247,7.72641103631247,2.6177780457387,7.72641103631247,7.72641103631247,2.6177780457387,0.525265175455646,0.525265175455646,0.404131060017012,0.518923908716036,0.518923908716036,0.427793687174091
9.18262270949674,8.82588895899683,1,1,1,1.81843758831448,-0.334119354012333,0,0.818532476939995,1,28,33,7.84439614953673,7.84439614953673,5.63276040681111,7.84439614953673,7.84439614953673,5.63276040681111,0.76118223225347,0.76118223225347,0.39944734900109,0.705174144522553,0.705174144522553,0.424220270037087
12.9312420288825,12.1243544292823,1,1,1,3.19754660594106,-1.59129058730958,0,0.818532476939995,1,28,33,11.7660129420271,11.7660129420271,7.13380720876702,11.7660129420271,11.7660129420271,7.13380720876702,0.983310528169383,0.983310528169383,0.29586939321704,0.962748902898618,0.962748902898618,0.342792300316954
6.57148091866821,4.64678183352234,1,0,1,0.113771968089978,0.312898299525202,0,0.818532476939995,1,28,33,5.0683521657454,5.0683521657454,2.87044681989964,5.0683521657454,5.0683521657454,2.87044681989964,0.40154105047872,0.40154105047872,0.400070700950395,0.42581845814317,0.42581845814317,0.42469623274012
16.6086078681554,17.9896582848876,0,0,1,-1.2286215663017,2.96730241636491,1,0.818532476939995,1,28,33,16.744947498121,16.744947498121,2.84006386795598,16.744947498121,16.744947498121,2.84006386795598,0.295913005133827,0.295913005133827,0.111503536984169,0.342827894496914,0.342827894496914,0.170848305026624
5.05261718060013,3.73865417237033,0,1,1,-0.232209373886504,-0.814638749734678,0,0.818532476939995,1,28,33,3.81458337925607,3.81458337925607,1.05094708668679,3.81458337925607,3.81458337925607,1.05094708668679,0.380663030437581,0.380663030437581,0.374662836033714,0.409817974994773,0.409817974994773,0.405191053371336
3.7106031805077,6.97925366738532,1,1,1,0.713647772799804,-1.43366785996356,0,0.818532476939995,1,28,33,6.47903580252301,6.47903580252301,2.32363226983053,6.47903580252301,6.47903580252301,2.32363226983053,0.369416899365836,0.369416899365836,0.315110023482504,0.401134206764527,0.401134206764527,0.358364417569041
10.199553940385,10.4698703083601,0,0,1,-0.855069568216267,1.64454878189494,1,0.818532476939995,1,28,33,10.068954925689,10.068954925689,2.26441422965688,10.068954925689,10.068954925689,2.26441422965688,0.480040184578578,0.480040184578578,0.28907805000015,0.485052161009646,0.485052161009646,0.337231906899314
8.57348029653341,5.03844166309127,1,0,1,0.0791515775580013,-0.24890270247944,1,0.818532476939995,1,28,33,7.40135759213261,7.40135759213261,2.23940503683104,7.40135759213261,7.40135759213261,2.23940503683104,0.5192228732982,0.5192228732982,0.401704394061299,0.514395672353629,0.514395672353629,0.425943088025737
-0.682527987723087,2.16104436165268,1,1,1,-3.04108865249066,0.84881916702978,0,0.818532476939995,1,28,33,-0.0828595754399316,-0.0828595754399316,-2.90335355375706,-0.0828595754399316,-0.0828595754399316,-2.90335355375706,0.981128605843923,0.981128605843923,0.372142917604977,0.958567935319275,0.958567935319275,0.403243701691055
9.35830146222817,8.15102310174467,0,0,1,0.280060103960343,1.2939936738985,0,0.818532476939995,1,28,33,7.958538094103,7.958538094103,4.18411846601366,7.958538094103,7.958538094103,4.18411846601366,0.339230346472905,0.339230346472905,0.330936910475064,0.3775521954475,0.3775521954475,0.370992947056188
3.9313428550588,4.69358061155658,1,1,1,-1.39678546808828,0.812332326493415,0,0.818532476939995,1,28,33,3.10864978317753,3.10864978317753,0.348765974511323,3.10864978317753,3.10864978317753,0.348765974511323,0.601158089600204,0.601158089600204,0.374829375081348,0.576242121509239,0.576242121509239,0.405319663516116
12.0407844909246,10.1454988515955,1,1,1,0.681772359297387,1.62431757117582,0,0.818532476939995,1,28,33,10.0562744459956,10.0562744459956,5.31786687396507,10.0562744459956,10.0562744459956,5.31786687396507,0.33931380881401,0.33931380881401,0.291673721304912,0.377618014739042,0.377618014739042,0.339361275806437
7.98656659699182,7.33837044159205,1,1,1,0.979245263843739,-1.18988084918082,0,0.818532476939995,1,28,33,6.61443069794841,6.61443069794841,3.09861426270113,6.61443069794841,6.61443069794841,3.09861426270113,0.449890563254895,0.449890563254895,0.34189484843313,0.462422227888467,0.462422227888467,0.379651628216759
8.16630206602413,7.01325957372735,1,1,1,0.558553450991388,1.05520036869849,0,0.818532476939995,1,28,33,7.71575967297718,7.71575967297718,4.50231185487574,7.71575967297718,7.71575967297718,4.50231185487574,0.389419431566554,0.389419431566554,0.354914157682645,0.416546534388458,0.416546534388458,0.389858040214792
5.40639154446327,5.93429221425406,1,0,1,0.305919173898714,-0.0066896105832937,0,0.818532476939995,1,28,33,5.03519807229837,5.03519807229837,2.93515332140861,5.03519807229837,5.03519807229837,2.93515332140861,0.415225064542525,0.415225064542525,0.404522347202217,0.436233066527748,0.436233066527748,0.428091925609365
-2.75996015731953,-0.139779980186623,0,0,0,-0.555818455761337,-0.282971675654014,0,1.53641695256951,1,28,34,-0.755185639319675,1.42488732990277,-0.755185639319675,-0.755185639319675,1.42488732990277,-0.755185639319675,0.322564952733911,0.355391776826393,0.322564952733911,0.36433178917932,0.390230901906168,0.36433178917932
8.74591788928324,11.4997428249728,0,0,1,-0.645663687310407,1.95574607016791,1,1.53641695256951,1,28,34,10.2287843343813,10.2287843343813,1.30384164340411,10.2287843343813,10.2287843343813,1.30384164340411,0.314206188963072,0.314206188963072,0.188748450553517,0.357638538440999,0.357638538440999,0.249692145580035
9.83992517886629,9.77558681688442,0,0,1,0.813216170529845,2.09576846514811,0,1.53641695256951,1,28,34,10.8538692135741,10.8538692135741,4.36162375406481,10.8538692135741,10.8538692135741,4.36162375406481,0.222795625494083,0.222795625494083,0.172566024672694,0.280750481487189,0.280750481487189,0.23427828701885
-1.46825086968611,1.39560139684823,0,1,0,-0.269459280473203,0.773050758472829,1,1.53641695256951,1,28,34,0.873555145383437,6.57116262055885,0.873555145383437,0.873555145383437,6.57116262055885,0.873555145383437,0.301446614451125,0.417765410054694,0.301446614451125,0.347332847723754,0.438160996794574,0.347332847723754
-0.168818654247173,-0.895182894315066,1,1,0,-0.0775744872443459,0.0369257432955462,0,1.53641695256951,1,28,34,0.521199716663868,2.6225632271818,0.521199716663868,0.521199716663868,2.6225632271818,0.521199716663868,0.325841112340001,0.326469185683116,0.325841112340001,0.366943401645387,0.367443341601507,0.366943401645387
2.46232696643377,6.55355107432536,0,0,0,1.96967904311322,0.542113551435498,0,1.53641695256951,1,28,34,5.12089458551896,7.51478168816897,5.12089458551896,5.12089458551896,7.51478168816897,5.12089458551896,0.313749649898307,0.741736522057562,0.313749649898307,0.357271685642111,0.688479973898156,0.357271685642111
-1.77584306715741,-1.37016444927787,0,0,0,-0.617676406141589,-1.21331680426601,1,1.53641695256951,1,28,34,-1.80924666869217,4.7628909988221,-1.80924666869217,-1.80924666869217,4.7628909988221,-1.80924666869217,0.267550133018304,0.4130704352137,0.267550133018304,0.319358038417519,0.434596585876846,0.319358038417519
-3.61579676271066,-3.54337484823682,1,0,0,-1.74639931439311,-0.283770858573168,0,1.53641695256951,1,28,34,-3.13714653950238,-0.956620639327026,-3.13714653950238,-3.13714653950238,-0.956620639327026,-3.13714653950238,0.322546147964629,0.668325105875429,0.322546147964629,0.364316780124029,0.628421828767367,0.364316780124029
3.5238000923093,6.7377676985333,0,1,1,-0.0646784603989084,-0.673900775084811,1,1.53641695256951,1,28,34,5.3903075066343,5.3903075066343,-0.163834748025614,5.3903075066343,5.3903075066343,-0.163834748025614,0.416496683470858,0.416496683470858,0.307225426385781,0.437198330342157,0.437198330342157,0.352014064780013
-2.68433361333993,-2.36464944460518,0,1,0,-1.54981389384296,0.691027091843504,0,1.53641695256951,1,28,34,-1.7691777479854,0.808340693676286,-1.7691777479854,-1.7691777479854,0.808340693676286,-1.7691777479854,0.306279806835165,0.578971221588553,0.306279806835165,0.351249641971814,0.559364661846894,0.351249641971814
0.0534097021422808,2.96177263451569,0,1,1,-0.306084327794443,-0.941347668165101,0,1.53641695256951,1,28,34,2.0720420564629,2.0720420564629,-0.914093375896974,2.0720420564629,2.0720420564629,-0.914093375896974,0.299274550057734,0.299274550057734,0.290006512413934,0.345567214349649,0.345567214349649,0.337994175946905
-0.48716732291253,-1.13084246404455,0,0,0,-0.43668971143099,-0.46051914743076,0,1.53641695256951,1,28,34,-0.694475622435726,1.61760226271463,-0.694475622435726,-0.694475622435726,1.61760226271463,-0.694475622435726,0.317107803877752,0.337033886142487,0.317107803877752,0.359966992327369,0.375818699286078,0.359966992327369
-1.35467203465813,-0.768392813076834,0,0,0,-0.567414515008282,1.05509215047063,1,1.53641695256951,1,28,34,0.559686068311078,6.77290551429582,0.559686068311078,0.559686068311078,6.77290551429582,0.559686068311078,0.281178226518594,0.422729492980615,0.281178226518594,0.330718334885673,0.441923839860344,0.330718334885673
1.05345526861229,3.88641214803622,0,1,1,-1.77542436003083,0.689009210533421,1,1.53641695256951,1,28,34,3.35231713052867,3.35231713052867,-2.22241656167122,3.35231713052867,3.35231713052867,-2.22241656167122,0.759638472972119,0.759638472972119,0.306392374573075,0.703833925936937,0.703833925936937,0.35134067206525
-0.482642216055661,1.21292654282426,1,1,1,-1.93314970004096,0.0472256063848563,1,1.53641695256951,1,28,34,1.92257941205836,1.92257941205836,-3.17965084584006,1.92257941205836,1.92257941205836,-3.17965084584006,0.82089470703109,0.82089470703109,0.325804945823286,0.759436203939706,0.759436203939706,0.366914606348328
3.55262577450543,4.10511068171121,1,1,0,1.91010770389117,-0.382178109178557,0,1.53641695256951,1,28,34,4.0774602464608,6.3235203535961,4.0774602464608,4.0774602464608,6.3235203535961,4.0774602464608,0.31983111306755,0.725703606318544,0.31983111306755,0.362147494736016,0.674998035755324,0.362147494736016
-2.02661839758873,-0.506947674103528,0,1,0,-0.14234952230179,-0.213132929333901,0,1.53641695256951,1,28,34,0.141590973919532,2.28701661948598,0.141590973919532,0.141590973919532,2.28701661948598,0.141590973919532,0.3240050638119,0.326116420506765,0.3240050638119,0.365480578657082,0.367162572889511,0.365480578657082
-6.87951784497848,-6.28412762268247,1,0,0,-2.81854692335738,-1.19976955989716,0,1.53641695256951,1,28,34,-6.1974404587549,-2.65799346189907,-6.1974404587549,-6.1974404587549,-2.65799346189907,-6.1974404587549,0.268774598744603,0.94304052712759,0.268774598744603,0.320385470782674,0.897272712556031,0.320385470782674
-1.67831657243944,1.4330362117136,0,1,0,0.0166970473956375,0.75195852211971,0,1.53641695256951,1,28,34,1.424775564768,4.09021718375646,1.424775564768,1.424775564768,4.09021718375646,1.424775564768,0.302737112915118,0.302765108900405,0.302737112915118,0.348380270609711,0.348402980220342,0.348380270609711
-4.54967424274598,-0.606349919312236,1,1,0,-1.94167731125619,1.09385600553567,0,1.53641695256951,1,28,34,-2.15007566911969,1.14644529172677,-2.15007566911969,-2.15007566911969,1.14644529172677,-2.15007566911969,0.277979381732958,0.696508438881882,0.277979381732958,0.328066240234534,0.651007931552054,0.328066240234534
3.64245908280318,4.04510302377583,1,1,1,0.340777204287286,0.425597222418534,0,1.53641695256951,1,28,34,4.02770757458049,4.02770757458049,1.74657457885012,4.02770757458049,4.02770757458049,1.74657457885012,0.330470289256309,0.330470289256309,0.318382838204406,0.370622756092089,0.370622756092089,0.360988468749913
-1.60757551931036,-0.881440469769871,1,1,1,-1.43398448413759,-0.161228372171044,0,1.53641695256951,1,28,34,-0.263779804596286,-0.263779804596286,-2.38977439258921,-0.263779804596286,-0.263779804596286,-2.38977439258921,0.559857355621029,0.559857355621029,0.324814112433422,0.544918928829522,0.544918928829522,0.366125415169402
2.90333704472154,4.38537958090412,0,0,0,0.572580027440328,2.23697950292496,1,1.53641695256951,1,28,34,4.02156250566262,14.125639802169,4.02156250566262,4.02156250566262,14.125639802169,4.02156250566262,0.156329214376053,0.259680710727133,0.156329214376053,0.218305725975657,0.312721519709921,0.218305725975657
-0.767708636263562,-0.496462475316415,0,1,0,0.126520030033579,-1.99917575022994,0,1.53641695256951,1,28,34,-1.10671274230577,4.98999093800167,-1.10671274230577,-1.10671274230577,4.98999093800167,-1.10671274230577,0.183733344237386,0.184892808342758,0.183733344237386,0.2449650343472,0.246061755455272,0.2449650343472
-1.79273863528409,-0.499033549093929,0,0,0,-0.417357430830207,-0.155196583653345,0,1.53641695256951,1,28,34,-0.350488497456746,1.77359748212092,-0.350488497456746,-0.350488497456746,1.77359748212092,-0.350488497456746,0.324893634997968,0.343283213470777,0.324893634997968,0.366188775904391,0.380744083679374,0.366188775904391
3.7898031235755,6.73084103118586,0,0,1,-0.414305730065551,0.638318947176186,1,1.53641695256951,1,28,34,5.95658151322621,5.95658151322621,0.449130434902097,5.95658151322621,5.95658151322621,0.449130434902097,0.438019042926758,0.438019042926758,0.309118834033201,0.453479663599401,0.453479663599401,0.35354282774117
-3.25498307876197,0.301182002308958,0,1,0,-0.720732527126268,-0.575206839070724,1,1.53641695256951,1,28,34,-1.37724894546625,4.05361396224749,-1.37724894546625,-1.37724894546625,4.05361396224749,-1.37724894546625,0.312237922831863,0.482385435545048,0.312237922831863,0.35605596257221,0.486809256228071,0.35605596257221
-0.485257449287607,3.38906135982563,0,1,1,-0.547526805097311,0.486800450422294,0,1.53641695256951,1,28,34,2.36814446661603,2.36814446661603,0.031169788084685,2.36814446661603,2.36814446661603,0.031169788084685,0.347620422593049,0.347620422593049,0.316083874287557,0.384150519416382,0.384150519416382,0.359145938010354
2.24360930309959,1.82416535921913,0,1,0,-0.348273911975505,-0.847542573449131,0,0.453960507045599,1,24,35,1.24982946064276,4.06815787445154,1.24982946064276,1.24982946064276,4.06815787445154,1.24982946064276,0.413351973518328,0.427320131741734,0.413351973518328,0.434810487372283,0.445398565217331,0.434810487372283
9.0092909872296,9.35731328989205,0,0,0,1.51145157284676,1.92004150279056,0,0.453960507045599,1,24,35,7.73686450652699,13.5234238789652,7.73686450652699,7.73686450652699,13.5234238789652,7.73686450652699,0.286322051023792,0.541910462120929,0.286322051023792,0.33496523041273,0.531413976271686,0.33496523041273
2.73039783060605,2.83657177015408,1,0,0,0.210380722144273,-1.08454168940921,0,0.453960507045599,1,24,35,2.13013961292224,5.40637028898882,2.13013961292224,2.13013961292224,5.40637028898882,2.13013961292224,0.392515199381164,0.39751917462306,0.392515199381164,0.418919015483555,0.42274725032699,0.418919015483555
5.77499424918078,7.63235741487601,0,0,1,0.998491899110231,-0.417581842639215,0,0.453960507045599,1,24,35,6.64769640892611,6.64769640892611,4.37332181362415,6.64769640892611,6.64769640892611,4.37332181362415,0.555636816207122,0.555636816207122,0.438488669876429,0.541738555478816,0.541738555478816,0.453833877350719
2.74542862930322,0.886622755941267,1,1,0,-1.36534001022504,0.077926712948162,1,0.453960507045599,1,24,35,0.141166550540987,5.24723912313189,0.141166550540987,0.141166550540987,5.24723912313189,0.141166550540987,0.446333457183343,0.758057442975025,0.446333457183343,0.459745124431536,0.702464122423526,0.459745124431536
7.92895457421212,5.57469359376625,1,1,1,-0.899784461009585,-0.448915465723504,1,0.453960507045599,1,24,35,5.84696056566598,5.84696056566598,0.545435470300229,5.84696056566598,5.84696056566598,0.545435470300229,0.646292868220734,0.646292868220734,0.437225786729052,0.611084719983716,0.611084719983716,0.452881262806189
6.60402518462108,3.69305277613269,1,0,1,0.0324702606799793,0.0251268411234225,0,0.453960507045599,1,24,35,4.98461857867113,4.98461857867113,2.88398722052628,4.98461857867113,4.98461857867113,2.88398722052628,0.446710609121117,0.446710609121117,0.446587525556458,0.46002906331451,0.46002906331451,0.459936402278801
1.66184084020621,-0.450896692382188,0,0,0,-1.53248904122785,-0.418820863248765,0,0.453960507045599,1,24,35,-0.68987908766156,1.58553182783088,-0.68987908766156,-0.68987908766156,1.58553182783088,-0.68987908766156,0.438440452258183,0.703434350364444,0.438440452258183,0.453797511295695,0.656639611162449,0.453797511295695
10.8982986029015,10.2270623566069,1,1,1,2.01393748430737,0.556990291215897,0,0.453960507045599,1,24,35,9.7890233023823,9.7890233023823,7.37878511787353,9.7890233023823,9.7890233023823,7.37878511787353,0.839795084875717,0.839795084875717,0.432176999502972,0.777831565756934,0.777831565756934,0.449069875572792
2.35668797583931,2.90962104761187,1,0,0,-0.111257150162736,-1.21576305082445,0,0.453960507045599,1,24,35,1.35564250689298,4.93372230264296,1.35564250689298,1.35564250689298,4.93372230264296,1.35564250689298,0.378976186160127,0.380356329249374,0.378976186160127,0.408518584117812,0.409581799393655,0.408518584117812
4.51979220337887,1.92509666244688,1,1,0,-0.637599053350734,0.334736672629618,0,0.453960507045599,1,24,35,1.85345842397105,4.0655070639742,1.85345842397105,1.85345842397105,4.0655070639742,1.85345842397105,0.441390558444283,0.489114399076985,0.441390558444283,0.456021741012832,0.491849270287857,0.456021741012832
6.37838646730453,7.52096820105301,0,1,1,0.864148106693491,-1.20985432469559,0,0.453960507045599,1,24,35,6.87610923371892,6.87610923371892,3.31236174673429,6.87610923371892,6.87610923371892,3.31236174673429,0.465506255999072,0.465506255999072,0.379615166510145,0.474154631892779,0.474154631892779,0.409010921526187
8.8573397619186,11.0576093327435,1,1,1,-1.32304113785022,1.43330408913532,1,0.453960507045599,1,24,35,8.73550228340983,8.73550228340983,1.58114167147779,8.73550228340983,8.73550228340983,1.58114167147779,0.66763551062103,0.66763551062103,0.353635266373113,0.627875258651813,0.627875258651813,0.388859123984876
5.40515514733911,3.83875470090951,1,0,0,0.182802182334009,1.0627236688497,0,0.453960507045599,1,24,35,4.22224789156062,7.451629487894,4.22224789156062,4.22224789156062,7.451629487894,4.22224789156062,0.394631310714741,0.398414092920309,0.394631310714741,0.42053890326948,0.423431061696537,0.42053890326948
3.90041293939814,2.6120780481181,1,1,0,-0.262421930477761,0.183754258590774,0,0.453960507045599,1,24,35,2.45283025567815,4.5865958832284,2.45283025567815,2.45283025567815,4.5865958832284,2.45283025567815,0.445040792831545,0.453087916623615,0.445040792831545,0.458771771738542,0.464826997554995,0.458771771738542
12.7160282976805,12.8274754356661,1,1,1,1.38270483884834,0.438037922264727,1,0.453960507045599,1,24,35,11.2892446793463,11.2892446793463,5.99736745800432,11.2892446793463,11.2892446793463,5.99736745800432,0.755715865859649,0.755715865859649,0.437674461697256,0.700440465061844,0.700440465061844,0.453219739439538
6.18307465444522,7.01794206873712,0,1,0,1.36404616596202,0.465098305662646,0,0.453960507045599,1,24,35,5.98711049562959,8.30342692955986,5.98711049562959,5.98711049562959,8.30342692955986,5.98711049562959,0.436538104809139,0.651164841974712,0.436538104809139,0.452362409184536,0.614897121630944,0.452362409184536
6.48271486093555,4.86222152984653,1,1,1,-0.503875823145212,0.278499668078239,0,0.453960507045599,1,24,35,4.24222994495041,4.24222994495041,2.06466787983072,4.24222994495041,4.24222994495041,2.06466787983072,0.472751448608436,0.472751448608436,0.442997901658482,0.479589149020617,0.479589149020617,0.457232961979818
0.715523285037681,0.742171317649062,0,0,0,-1.52068694350961,0.211434429302214,0,0.453960507045599,1,24,35,-0.036019599674111,2.10868491822024,-0.036019599674111,-0.036019599674111,2.10868491822024,-0.036019599674111,0.444530378308016,0.705045240333531,0.444530378308016,0.458387365341189,0.657954508896514,0.458387365341189
8.19883845765882,8.48617500628246,1,1,1,0.776478325661742,-0.446212821128057,1,0.453960507045599,1,24,35,9.19976956997739,9.19976956997739,3.90066368823833,9.19976956997739,9.19976956997739,3.90066368823833,0.623708150249374,0.623708150249374,0.437338283243561,0.59355139537772,0.59355139537772,0.452966132709541
0.142465076294192,-0.295740349875443,0,1,0,-1.62361136454343,-0.283855097896437,0,0.453960507045599,1,24,35,-0.737157968940395,1.4434157476614,-0.737157968940395,-0.737157968940395,1.4434157476614,-0.737157968940395,0.442857489431827,0.734749010461428,0.442857489431827,0.457127171055749,0.682574867300533,0.457127171055749
5.65367345227796,5.79530547933923,1,0,0,0.889902049170224,-0.135025599720109,1,0.453960507045599,1,24,35,4.43869835666324,9.55693026924302,4.43869835666324,4.43869835666324,9.55693026924302,4.43869835666324,0.445765793898896,0.652299043076738,0.445765793898896,0.459317716968406,0.615786315833995,0.459317716968406
8.26973669870839,5.80667044331813,1,0,0,1.68525184867621,0.106796721064753,0,0.453960507045599,1,24,35,6.27122027646007,8.38262581609025,6.27122027646007,6.27122027646007,8.38262581609025,6.27122027646007,0.446084469148276,0.755750282150344,0.446084469148276,0.459557661549069,0.70047016507008,0.459557661549069
1.44283063846592,-0.224224403716363,0,0,0,-1.72833696651271,-0.108704061659627,0,0.453960507045599,1,24,35,-0.771458136642138,1.34035843637916,-0.771458136642138,-0.771458136642138,1.34035843637916,-0.771458136642138,0.446065279698855,0.768495476119831,0.446065279698855,0.459543213424027,0.7115604570247,0.459543213424027
2.94628161605448,2.02166070436646,0,0,0,0.609305081084169,0.0784603530433951,1,0.272065109180813,0,29,36,4.14459073853477,9.25074676553447,4.14459073853477,4.14459073853477,9.25074676553447,4.14459073853477,0.584833329800309,0.729772349877007,0.584833329800309,0.563811262470348,0.678397060003579,0.563811262470348
1.23481806573678,-1.39258484673741,0,0,0,-0.60954760854253,-1.17170711489243,1,0.272065109180813,0,29,36,1.70688535928137,8.17978292237092,1.70688535928137,1.70688535928137,8.17978292237092,1.70688535928137,0.521087611679491,0.675551312903301,0.521087611679491,0.515792903460553,0.634165788466825,0.515792903460553
6.98608909068215,5.71706479764786,0,0,0,1.17788821599957,1.21900904676735,1,0.272065109180813,0,29,36,5.28175700836556,11.8677400644662,5.28175700836556,5.28175700836556,11.8677400644662,5.28175700836556,0.515755919643118,0.76785585720491,0.515755919643118,0.51179841405613,0.710999398802806,0.51179841405613
-0.778717034875808,0.316342399913452,1,0,0,-0.874524251927606,-1.34283446752752,0,0.272065109180813,0,29,36,1.17693207251122,5.08013647969115,1.17693207251122,1.17693207251122,5.08013647969115,1.17693207251122,0.500785220812257,0.590100870979763,0.500785220812257,0.500587895850017,0.567814281107508,0.500587895850017
3.43228966058038,4.43857310302008,1,1,0,0.405829333684796,-0.3822085763967,0,0.272065109180813,0,29,36,3.73763924373602,5.98372263960722,3.73763924373602,3.73763924373602,5.98372263960722,3.73763924373602,0.578395354998206,0.597259125863659,0.578395354998206,0.558928294024208,0.573266263387051,0.558928294024208
1.15016493720909,-1.47459453825028,0,0,0,-1.34083856094877,-1.21856021746562,0,0.272065109180813,0,29,36,0.2443034544689,3.82919245805875,0.2443034544689,0.2443034544689,3.82919245805875,0.2443034544689,0.515807519653644,0.713993534282742,0.515807519653644,0.511837065757148,0.665294705809628,0.511837065757148
4.11680095397404,2.70911329965131,1,1,0,0.405969863962511,-0.836338955022274,0,0.272065109180813,0,29,36,3.73792030429146,6.5373831519792,3.73792030429146,3.73792030429146,6.5373831519792,3.73792030429146,0.552704554944263,0.571866019905005,0.552704554944263,0.539530679735048,0.553985895135643,0.539530679735048
4.51886666114466,3.96062719386794,1,0,0,1.52086413770377,-1.09029039917766,1,0.272065109180813,0,29,36,5.96770885177398,12.256442006313,5.96770885177398,5.96770885177398,12.256442006313,5.96770885177398,0.529760195944152,0.845412631815658,0.529760195944152,0.522294269257114,0.783441068138209,0.522294269257114
0.326528397644683,-0.51939991372789,1,1,0,-1.64077491732012,-0.824859780260362,0,0.272065109180813,0,29,36,-0.355569258273811,2.42482439881736,-0.355569258273811,-0.355569258273811,2.42482439881736,-0.355569258273811,0.553595101228345,0.817191414094491,0.553595101228345,0.540201082187965,0.755911361565851,0.540201082187965
4.84383380273682,4.63291610623062,0,1,0,0.989568810761906,1.39162145948821,0,0.272065109180813,0,29,36,4.90511819789025,8.94172848439835,4.90511819789025,4.90511819789025,8.94172848439835,4.90511819789025,0.494487491360697,0.608396534974222,0.494487491360697,0.495872671503241,0.581779364496502,0.495872671503241
0.0674263053571942,-1.2053306176413,1,0,0,-1.40805842040811,1.00283378172934,0,0.272065109180813,0,29,36,0.109863735550207,3.21553932932778,0.109863735550207,0.109863735550207,3.21553932932778,0.109863735550207,0.538363743624019,0.749226835989537,0.538363743624019,0.528750270468005,0.694863372326168,0.528750270468005
4.97480308661532,1.6842395601012,1,1,0,0.62306706331231,0.537455826222835,0,0.272065109180813,0,29,36,4.17211470299105,6.56097346813192,4.17211470299105,4.17211470299105,6.56097346813192,4.17211470299105,0.571800082124423,0.616043673164597,0.571800082124423,0.553936031019936,0.587648188696542,0.553936031019936
3.46382967929478,3.76186835500002,1,0,0,0.617266971199043,0.524602387528232,0,0.272065109180813,0,29,36,4.16051451876452,6.53572218376484,4.16051451876452,4.16051451876452,6.53572218376484,4.16051451876452,0.572431761060085,0.615849566778379,0.572431761060085,0.554413763530615,0.587498967973164,0.554413763530615
2.46112076878021,-0.110164696727324,0,1,0,-0.639921226983871,-0.915259464671022,0,0.272065109180813,0,29,36,1.64613812239869,4.58383801006858,1.64613812239869,1.64613812239869,4.58383801006858,1.64613812239869,0.546239476395574,0.593631322742351,0.546239476395574,0.534667300385902,0.570501390310531,0.534667300385902
8.89546785174391,7.26754775296891,1,0,1,0.799311926925245,0.868535180931163,0,0.272065109180813,0,29,36,7.37895779073205,7.37895779073205,4.52460443021692,7.37895779073205,7.37895779073205,4.52460443021692,0.623238794215398,0.623238794215398,0.550139344915236,0.593189259338126,0.593189259338126,0.537600266459726
5.68437291844525,4.80150970483035,1,0,1,0.341570551295802,-0.475598201795759,0,0.272065109180813,0,29,36,5.9353153285094,5.9353153285094,3.60912167895804,5.9353153285094,5.9353153285094,3.60912167895804,0.588118860260133,0.588118860260133,0.574697925240354,0.566307214739421,0.566307214739421,0.556128350192803
1.79449945271827,1.77519176367438,1,1,0,0.26492754336173,0.331987992536659,1,0.272065109180813,0,29,36,3.45583566308989,8.66605169027841,3.45583566308989,3.45583566308989,8.66605169027841,3.45583566308989,0.580048101091797,0.696402813141814,0.580048101091797,0.560180885969752,0.650922309862417,0.560180885969752
5.78374438552525,2.53788252757581,1,1,0,0.922036138447621,0.348351943858564,0,0.272065109180813,0,29,36,4.77005285326167,6.99140193005171,4.77005285326167,4.77005285326167,6.99140193005171,4.77005285326167,0.579535278397976,0.673384755973782,0.579535278397976,0.559792156214117,0.632440427999636,0.559792156214117
4.28464395516092,-0.13220553651308,0,1,0,0.322205500132979,-0.781154824388787,0,0.272065109180813,0,29,36,3.57039157663239,6.28059443629827,3.57039157663239,3.57039157663239,6.28059443629827,3.57039157663239,0.556870204705478,0.568937495797712,0.556870204705478,0.542667661392616,0.551772135603811,0.542667661392616
5.03012025873399,2.4328832330465,0,0,0,0.710011887372616,0.156469166381228,1,0.272065109180813,0,29,36,4.34600435111167,9.4704869511397,4.34600435111167,4.34600435111167,9.4704869511397,4.34600435111167,0.583991656811785,0.741424874442399,0.583991656811785,0.563172305303041,0.688215597793247,0.563172305303041
5.21061600619151,2.64897520687991,0,1,0,0.115920753523501,0.265398101921961,1,0.272065109180813,0,29,36,3.15782208341343,8.32825823591721,3.15782208341343,3.15782208341343,8.32825823591721,3.15782208341343,0.581879132892823,0.692280867550558,0.581879132892823,0.561569358688248,0.64758707226615,0.561569358688248
3.51476998259225,0.700623429352043,1,0,0,-0.0407403893431621,-0.620507485406805,1,0.272065109180813,0,29,36,2.84449979768011,8.32952933712598,2.84449979768011,2.84449979768011,8.32952933712598,2.84449979768011,0.567343748643365,0.678175389613232,0.567343748643365,0.550568112121989,0.636259276280616,0.550568112121989
0.772494883835303,3.01440437977394,0,1,0,-0.231377484602669,2.39691036521483,0,0.272065109180813,0,29,36,2.46322560716109,10.3084049060354,2.46322560716109,2.46322560716109,10.3084049060354,2.46322560716109,0.322389489252407,0.327968581619319,0.322389489252407,0.36419173436008,0.368635905347479,0.36419173436008
3.44557990424301,3.19403609151355,0,1,0,0.509600686018958,0.395694430769942,0,0.272065109180813,0,29,36,3.94518194840435,6.2017560309467,3.94518194840435,3.94518194840435,6.2017560309467,3.94518194840435,0.577911632517505,0.607546333204658,0.577911632517505,0.558561808936378,0.581128102751183,0.558561808936378
1.67081775300295,3.30482137190516,1,0,0,-0.19206218252173,1.1700000463869,0,0.272065109180813,0,29,36,2.54185621132297,6.01075631986832,2.54185621132297,2.54185621132297,6.01075631986832,2.54185621132297,0.52127600459425,0.52562045161058,0.52127600459425,0.515934075963706,0.51919023723268,0.515934075963706
-0.373141153154867,-2.59705090294,1,0,0,-1.65045182937178,0.596008132914502,0,0.272065109180813,0,29,36,-0.374923082377132,2.0803026121231,-0.374923082377132,-0.374923082377132,2.0803026121231,-0.374923082377132,0.568725934307302,0.82856950476297,0.568725934307302,0.551612278399995,0.76682141796695,0.551612278399995
9.00493548268659,6.50221648916651,0,1,0,1.86532050332387,1.29830404088439,0,0.272065109180813,0,29,36,6.65662158301418,10.4422149655909,6.65662158301418,6.65662158301418,10.4422149655909,6.65662158301418,0.506337183593296,0.843356005437855,0.506337183593296,0.504744801936508,0.781379317334513,0.504744801936508
3.75841224757311,2.22643648097253,0,0,0,-0.0689597918576287,0.722963091772838,0,0.272065109180813,0,29,36,2.78806099265117,5.41073662471692,2.78806099265117,2.78806099265117,5.41073662471692,2.78806099265117,0.560947608097337,0.561500840780067,0.560947608097337,0.545740983844224,0.546158204693679,0.545740983844224
1.76002618606652,0.681519718924258,0,0,0,-0.859654318360523,0.755869899418712,0,0.272065109180813,0,29,36,1.20667193964539,3.87801124449264,1.20667193964539,1.20667193964539,3.87801124449264,1.20667193964539,0.558681573039238,0.642313025703191,0.558681573039238,0.544032617436481,0.607978786541749,0.544032617436481
9.39963895406164,8.37135073229876,1,1,1,0.956103767586839,0.971620149645696,1,0.24947374618569,0,25,37,10.8940161003353,10.8940161003353,4.84997038513776,10.8940161003353,10.8940161003353,4.84997038513776,0.747313802626941,0.747313802626941,0.543903512977413,0.693227631093868,0.693227631093868,0.53291148835984
1.81856371180277,-0.242087486640739,0,1,0,-0.777653444973026,-0.0388375571673935,0,0.24947374618569,0,25,37,1.38245596001803,3.48396431586476,1.38245596001803,1.38245596001803,3.48396431586476,1.38245596001803,0.587637194892748,0.654875612083657,0.587637194892748,0.565941127423603,0.617808691727662,0.565941127423603
6.99724201497863,5.16670786867598,1,1,1,0.11571842117278,-1.18567247568126,0,0.24947374618569,0,25,37,6.67501891189778,6.67501891189778,3.16919969230964,6.67501891189778,6.67501891189778,3.16919969230964,0.523774940269449,0.523774940269449,0.522197715391207,0.517806870515189,0.517806870515189,0.516624793030821
7.59989770034041,8.87950968056234,0,1,1,1.51230350131006,-0.10112057172151,0,0.24947374618569,0,25,37,8.07259522260948,8.07259522260948,5.96236985258419,8.07259522260948,8.07259522260948,5.96236985258419,0.808814605339683,0.808814605339683,0.587237670644632,0.748026180971595,0.748026180971595,0.565637517306751
9.08789974571297,8.65326706568251,1,1,1,-0.741986182791382,2.33881071298853,0,0.24947374618569,0,25,37,9.02382603557124,9.02382603557124,1.45379048438131,9.02382603557124,9.02382603557124,1.45379048438131,0.396754483617966,0.396754483617966,0.336298637855043,0.422162748389586,0.422162748389586,0.375237841433209
7.29449020951018,6.4961011298442,0,1,1,1.21140220243179,0.0985819480535458,0,0.24947374618569,0,25,37,7.47028565530968,7.47028565530968,5.36056725482765,7.47028565530968,7.47028565530968,5.36056725482765,0.740680316092691,0.740680316092691,0.58726090942932,0.687584361171236,0.687584361171236,0.565655175991418
9.030498592336,9.61368778297021,0,1,1,0.119672289411849,-0.718645151801775,1,0.24947374618569,0,25,37,8.79355828299597,8.79355828299597,3.17710742878778,8.79355828299597,8.79355828299597,3.17710742878778,0.67637766527146,0.67637766527146,0.563863818582099,0.634824602438183,0.634824602438183,0.547940874515031
9.35039903331353,8.87379479340746,0,1,1,0.609461987084495,0.056927212985675,1,0.24947374618569,0,25,37,9.25992753171138,9.25992753171138,4.15668682413307,9.25992753171138,9.25992753171138,4.15668682413307,0.732019687236826,0.732019687236826,0.58755780528854,0.680280844604541,0.680280844604541,0.565880793618501
1.42968286694664,2.76207530050983,1,1,0,-0.581586738605776,-0.150473480331479,0,0.24947374618569,0,25,37,1.77458937275253,3.89723164103559,1.77458937275253,1.77458937275253,3.89723164103559,1.77458937275253,0.586668381720891,0.624862830643058,0.586668381720891,0.565204970102691,0.594442663250807,0.565204970102691
1.76357686267336,1.47683198490704,1,1,0,-0.241780731858028,-0.224760840135568,0,0.24947374618569,0,25,37,2.45420138624802,4.60471882150647,2.45420138624802,2.45420138624802,4.60471882150647,2.45420138624802,0.585389560949003,0.592081636148543,0.585389560949003,0.564233624572208,0.569321462927056,0.564233624572208
8.22763535530333,6.96390575346093,1,1,1,0.0496000758333721,-0.595661501773377,1,0.24947374618569,0,25,37,8.49177562632574,8.49177562632574,3.03696300163082,8.49177562632574,8.49177562632574,3.03696300163082,0.681843070076646,0.681843070076646,0.571361492186654,0.639192436904601,0.639192436904601,0.553604379678431
8.56442672148396,5.30188977664705,0,1,1,1.28206931362334,-0.189126995003906,0,0.24947374618569,0,25,37,7.63767049744997,7.63767049744997,5.50190147721076,7.63767049744997,7.63767049744997,5.50190147721076,0.755606281161475,0.755606281161475,0.586066307336153,0.700345906047231,0.700345906047231,0.564747603934294
6.76375543880803,7.80349591602863,1,1,1,1.04108510187759,-0.88879002600204,0,0.24947374618569,0,25,37,7.90988076403998,7.90988076403998,5.01993305371927,7.90988076403998,7.90988076403998,5.01993305371927,0.672220198750037,0.672220198750037,0.551115630519774,0.631514168094919,0.631514168094919,0.53833484055141
2.50528044883251,0.206646379365477,0,1,0,-0.128113776679951,1.2670016312343,0,0.24947374618569,0,25,37,2.68153529660418,6.38682843015454,2.68153529660418,2.68153529660418,6.38682843015454,2.68153529660418,0.512792016376783,0.514727732425027,0.512792016376783,0.509578451635483,0.511028260881079,0.509578451635483
1.20561213327698,0.470610959244497,1,1,0,-1.12515987687242,1.54843022565135,0,0.24947374618569,0,25,37,0.68744309621924,5.18507925992994,0.68744309621924,0.68744309621924,5.18507925992994,0.68744309621924,0.475407949607327,0.622389409916774,0.475407949607327,0.481580659460897,0.592534124317893,0.481580659460897
10.8583658887322,9.8736713612056,1,1,1,1.13302364750326,1.28855466089625,1,0.24947374618569,0,25,37,11.9641832590881,11.9641832590881,5.2038101449706,11.9641832590881,11.9641832590881,5.2038101449706,0.754739648451548,0.754739648451548,0.510193065386481,0.69959856130227,0.69959856130227,0.507632107102262
9.77019085940837,8.69754493247358,1,1,1,2.04134373296161,0.579950761308875,0,0.24947374618569,0,25,37,9.45679320143004,9.45679320143004,7.0204503158873,9.45679320143004,9.45679320143004,7.0204503158873,0.908179515226939,0.908179515226939,0.572216300993227,0.852053052968819,0.852053052968819,0.554250803651622
11.6815805020591,10.2443062808622,0,1,1,0.158845755973596,-1.50172124663834,1,0.24947374618569,0,25,37,10.6106210645163,10.6106210645163,3.25545436191127,10.6106210645163,10.6106210645163,3.25545436191127,0.601744070237934,0.601744070237934,0.482122127015734,0.576689766496571,0.576689766496571,0.48661199635148
0.634845829056804,1.4376112761241,1,1,0,-0.84429267304267,-1.71599517683706,0,0.24947374618569,0,25,37,1.24917750387874,6.29381695080679,1.24917750387874,1.24917750387874,6.29381695080679,1.24917750387874,0.449727880958555,0.533646932673867,0.449727880958555,0.462299833389437,0.525209930862446,0.462299833389437
9.43621033130356,9.04965257648832,0,1,1,0.743475480608876,-0.184797899493142,1,0.24947374618569,0,25,37,9.55886407483891,9.55886407483891,4.42471381118183,9.55886407483891,9.55886407483891,4.42471381118183,0.747546513066548,0.747546513066548,0.58614056685696,0.693426409102678,0.693426409102678,0.56480401016109
1.09427251506425,1.99188630439527,0,0,0,-0.803214317054379,1.65844676627413,0,0.24947374618569,0,25,37,1.33133421585532,6.18177989242045,1.33133421585532,1.33133421585532,6.18177989242045,1.33133421585532,0.458822287545073,0.534821959864816,0.458822287545073,0.469136457825681,0.526091667087329,0.469136457825681
2.79078959033119,1.81526181552078,1,1,0,-0.576390035750519,-1.32609947654089,0,0.24947374618569,0,25,37,1.78498277846304,5.64352260014507,1.78498277846304,1.78498277846304,5.64352260014507,1.78498277846304,0.505559851101549,0.544656473512019,0.505559851101549,0.504162769311765,0.533477368488182,0.504162769311765
2.55400680851738,2.55809007498051,0,1,0,-0.132512191650955,1.78883974088189,1,0.24947374618569,0,25,37,2.67273846666217,10.9726860852206,2.67273846666217,2.67273846666217,10.9726860852206,2.67273846666217,0.437820811139991,0.557365906769003,0.437820811139991,0.45333013624894,0.543041142496439,0.45333013624894
-2.16104074957374,-2.61542133301163,0,1,0,-2.27255344541095,-0.503880060772421,0,0.24947374618569,0,25,37,-1.60734404085783,0.746551074786191,-1.60734404085783,-1.60734404085783,0.746551074786191,-1.60734404085783,0.57602704181915,0.942547652542681,0.57602704181915,0.55713449040823,0.896579287349891,0.55713449040823
2.98353343667931,0.207165937401048,1,1,1,-1.45052076857071,0.0196273181658678,0,0.24947374618569,0,25,37,2.13710654444104,2.13710654444104,0.0367213128226538,2.13710654444104,2.13710654444104,0.0367213128226538,0.795139237928664,0.795139237928664,0.587688662712573,0.73539785287017,0.73539785287017,0.565980242363957
7.24120982352935,3.72052650396197,0,0,1,-0.320828018564676,0.880614210994244,0,-0.420138314159061,1,28,38,5.93792335944549,5.93792335944549,3.06244197084047,5.93792335944549,5.93792335944549,3.06244197084047,0.525104032762638,0.525104032762638,0.512973273361396,0.518803113067274,0.518803113067274,0.509714202997545
6.69521820905807,6.23905327209168,1,1,1,-1.05951402938338,-0.0139488219552331,1,-0.420138314159061,1,28,38,5.79070148588753,5.79070148588753,0.690506916253591,5.79070148588753,5.79070148588753,0.690506916253591,0.769700725254718,0.769700725254718,0.549422341238353,0.712619007459082,0.712619007459082,0.537060869442433
8.800254366632,10.2565528074212,1,1,1,0.353139728919385,-0.0231612726851266,1,-0.420138314159061,1,28,38,8.60713842668162,8.60713842668162,3.50660198212923,8.60713842668162,8.60713842668162,3.50660198212923,0.674958437718747,0.674958437718747,0.549406351837298,0.633693368098212,0.633693368098212,0.537048841572242
9.58819133584239,10.4259814308629,1,0,1,0.651990700434511,1.07307547679743,0,-0.420138314159061,1,28,38,8.45203165354605,8.45203165354605,5.20054067464203,8.45203165354605,8.45203165354605,5.20054067464203,0.54527693862385,0.54527693862385,0.495225191016868,0.533943728237385,0.533943728237385,0.496425019312232
8.35893873753778,9.4292431120624,0,0,1,0.205830104644218,-0.570148534080313,1,-0.420138314159061,1,28,38,8.09006482309763,8.09006482309763,2.6649954721837,8.09006482309763,8.09006482309763,2.6649954721837,0.652493074534148,0.652493074534148,0.534188628801046,0.615938497165178,0.615938497165178,0.525616400719407
0.610202062768006,1.12457920986298,1,1,0,-0.292956300480196,-0.727957965049176,0,-0.420138314159061,1,28,38,1.50961323096601,4.13953602984455,1.50961323096601,1.50961323096601,4.13953602984455,1.50961323096601,0.524549784947586,0.534644725721292,0.524549784947586,0.518387652579468,0.525958662419083,0.518387652579468
7.09159819834464,8.29520790580795,1,0,1,0.29417740761163,0.403567294087958,0,-0.420138314159061,1,28,38,6.07827246714428,6.07827246714428,3.8154059062868,6.07827246714428,6.07827246714428,3.8154059062868,0.551931662466015,0.551931662466015,0.541803789072453,0.538948945948001,0.538948945948001,0.531333839529493
2.13557768286219,1.97382444952706,1,1,0,-0.252850494811273,-0.592475915421861,0,-0.420138314159061,1,28,38,1.72530689193118,4.17633460228615,1.72530689193118,1.72530689193118,4.17633460228615,1.72530689193118,0.532968426867381,0.540475091234279,0.532968426867381,0.524700844051813,0.530335787126889,0.524700844051813
6.73219983339501,5.07057706930618,1,0,0,1.3542090272251,-0.701393473309764,1,-0.420138314159061,1,28,38,4.83050837811601,10.4224611825175,4.83050837811601,4.83050837811601,10.4224611825175,4.83050837811601,0.526337884658764,0.810575689601298,0.526337884658764,0.51972808092225,0.749674065785864,0.51972808092225
0.356315551925301,-3.42893724160943,0,1,0,-2.20672025887173,-0.377422323142424,1,-0.420138314159061,1,28,38,-1.96737904391029,3.27506856609593,-1.96737904391029,-1.96737904391029,3.27506856609593,-1.96737904391029,0.542761180080129,0.952777418032523,0.542761180080129,0.532053116943874,0.911382041485513,0.532053116943874
7.30558625182583,7.12322263239869,1,1,1,0.972639071199694,-1.15055181272484,0,-0.420138314159061,1,28,38,7.04197960041454,7.04197960041454,3.61821012665014,7.04197960041454,7.04197960041454,3.61821012665014,0.597538762764635,0.597538762764635,0.487094706630072,0.573479543054399,0.573479543054399,0.490336703534497
2.58190921611862,3.0404265255839,0,0,0,-0.193324651792515,-0.00694581556100633,0,-0.420138314159061,1,28,38,2.42988867782954,4.52993692218335,2.42988867782954,2.42988867782954,4.52993692218335,2.42988867782954,0.549429184803956,0.553795403785523,0.549429184803956,0.537066017458819,0.540351886802196,0.537066017458819
6.63468515919454,7.68940180622236,1,0,1,-1.34648908684454,1.18196220840887,1,-0.420138314159061,1,28,38,7.80950249380214,7.80950249380214,1.31246783169537,7.80950249380214,7.80950249380214,1.31246783169537,0.780702198378151,0.780702198378151,0.483638772441252,0.722364727131977,0.722364727131977,0.487748157142236
3.63900969691826,2.45589074984654,1,0,0,0.304158557562923,-0.812530731769698,1,-0.420138314159061,1,28,38,2.61927018033173,8.37947637040193,2.61927018033173,2.61927018033173,8.37947637040193,2.61927018033173,0.518410132717477,0.643418993907496,0.518410132717477,0.513786754790704,0.608841164204732,0.513786754790704
4.32642358912986,2.90662832623227,0,1,0,-0.0832861411531954,0.515058867341319,1,-0.420138314159061,1,28,38,3.17197038201051,8.53725601883743,3.17197038201051,3.17197038201051,8.53725601883743,3.17197038201051,0.53699732560842,0.651253783514719,0.53699732560842,0.527724424755013,0.61496682726565,0.527724424755013
8.9529221844279,9.40201820662507,1,0,0,1.93001176680916,1.07763113137665,0,-0.420138314159061,1,28,38,7.76113846197056,11.0224273172827,7.76113846197056,7.76113846197056,11.0224273172827,7.76113846197056,0.494762688376992,0.852556153554805,0.494762688376992,0.496078724422838,0.790677719073304,0.496078724422838
9.14909800422975,9.99668699188678,1,1,1,0.601325365137745,1.32552724966368,0,-0.420138314159061,1,28,38,9.20868426651571,9.20868426651571,5.35166177691475,9.20868426651571,9.20868426651571,5.35166177691475,0.509313470338361,0.509313470338361,0.466685642845846,0.506973429117588,0.506973429117588,0.475039601166361
3.13763587926609,2.11949340429141,0,1,0,-1.46728568668424,1.77545159217235,0,-0.420138314159061,1,28,38,1.66436401577944,6.91659237192676,1.66436401577944,1.66436401577944,6.91659237192676,1.66436401577944,0.401995482711369,0.650306919660743,0.401995482711369,0.426165166710099,0.614224947093723,0.426165166710099
4.84249478234794,5.35380384741124,1,0,1,0.241894326949149,-0.891919553714516,0,-0.420138314159061,1,28,38,5.31087338745767,5.31087338745767,2.41535289715936,5.31087338745767,5.31087338745767,2.41535289715936,0.518927226039676,0.518927226039676,0.512027812948621,0.514174164792679,0.514174164792679,0.509006119035066
4.91612317834072,5.61495441775096,1,1,1,-1.49478865997366,-1.02416831684382,1,-0.420138314159061,1,28,38,4.95865890141114,4.95865890141114,-1.19026183981556,4.95865890141114,4.95865890141114,-1.19026183981556,0.823377120802125,0.823377120802125,0.500067279304152,0.761812899356999,0.761812899356999,0.500050368962317
2.47649451318091,3.66184221566568,0,0,0,-0.534742680608963,0.162329453761668,0,-0.420138314159061,1,28,38,1.91632788951932,4.04267874107789,1.91632788951932,1.91632788951932,4.04267874107789,1.91632788951932,0.548198740235797,0.581394570592419,0.548198740235797,0.536140533079667,0.561201835909745,0.536140533079667
6.28136170562089,4.77288350030223,0,1,1,-0.00673518789446716,-1.41886859461705,0,-0.420138314159061,1,28,38,5.50433291536017,5.50433291536017,1.39114482656959,5.50433291536017,5.50433291536017,1.39114482656959,0.45466946674369,0.45466946674369,0.454664154843583,0.466015979244968,0.466015979244968,0.466011986409941
11.5247537445587,11.3923583391403,1,1,1,1.7059935401302,-0.254215666749193,1,-0.420138314159061,1,28,38,11.1458808157075,11.1458808157075,5.98125521048679,11.1458808157075,11.1458808157075,5.98125521048679,0.886757061109594,0.886757061109594,0.546407235677413,0.82719828830691,0.82719828830691,0.534793423383412
-2.08326873538169,-0.0729051560554131,1,0,0,-1.98442695493068,-0.312535361199941,0,-0.420138314159061,1,28,38,-1.45790547408572,0.739772877914659,-1.45790547408572,-1.45790547408572,0.739772877914659,-1.45790547408572,0.544859231446592,0.887455663892168,0.544859231446592,0.533629761757645,0.82798157751223,0.533629761757645
8.8610010289459,8.28109796819413,0,1,1,0.101452553733488,0.328732821622249,1,-0.420138314159061,1,28,38,8.56318699407653,8.56318699407653,3.35512172606481,8.56318699407653,8.56318699407653,3.35512172606481,0.658355500859772,0.658355500859772,0.544372594981954,0.620545466704364,0.620545466704364,0.533264013778657
3.65813400129691,5.70650601780248,1,0,0,1.75314054012034,-1.8341891617299,1,-0.420138314159061,1,28,38,4.49557571548637,12.9598255964938,4.49557571548637,4.49557571548637,12.9598255964938,4.49557571548637,0.392390104662394,0.817192879648999,0.392390104662394,0.418823209393058,0.75591275167288,0.418823209393058
2.8789882252817,3.88561663373264,0,1,0,-1.28413967844596,1.27541155246612,1,-0.420138314159061,1,28,38,1.53061599254977,8.2572906207138,1.53061599254977,1.53061599254977,8.2572906207138,1.53061599254977,0.472817701889772,0.758996805227954,0.472817701889772,0.479638823926444,0.703277649023053,0.479638823926444
5.41907986803371,6.28190484342747,0,0,0,1.08737902982367,0.323740186198371,1,-0.420138314159061,1,28,38,5.32198204282129,10.526789750981,5.32198204282129,5.32198204282129,10.526789750981,5.32198204282129,0.544525223351766,0.771223872957593,0.544525223351766,0.533378723452267,0.713959279449416,0.533378723452267
-5.89101946145815,-6.69622174900742,0,0,0,-1.97130634508522,-0.190608899175114,0,1.9565782446986,1,27,39,-4.96142001697342,-2.82508826452867,-4.96142001697342,-4.96142001697342,-2.82508826452867,-4.96142001697342,0.282199740811773,0.712347834504729,0.282199740811773,0.331563450535184,0.663940060716545,0.331563450535184
1.47364571702193,-1.05106869686342,0,0,0,1.73139310224349,-1.72501374646414,0,1.9565782446986,1,27,39,0.90957403039498,5.98524645588524,0.90957403039498,0.90957403039498,5.98524645588524,0.90957403039498,0.182885813561059,0.482406843037204,0.182885813561059,0.244161881855333,0.48682529368177,0.244161881855333
-1.95119188367552,-1.81008845766452,0,0,0,0.0397664423548982,-0.116845972249319,1,1.9565782446986,1,27,39,-0.865511515167377,4.24814146606351,-0.865511515167377,-0.865511515167377,4.24814146606351,-0.865511515167377,0.28307618222873,0.388460264327949,0.28307618222873,0.332287859003309,0.415810808280965,0.332287859003309
-1.78168131804001,-2.65491021512811,0,0,0,-0.366115512241598,-0.247010815676286,0,1.9565782446986,1,27,39,-1.80744026778734,0.353574075273726,-1.80744026778734,-1.80744026778734,0.353574075273726,-1.80744026778734,0.281247656848996,0.294331798023562,0.281247656848996,0.330775803128034,0.341536471578642,0.330775803128034
0.0381593787839093,-2.20394304366307,0,0,0,-0.247509536044738,1.00389940113498,0,1.9565782446986,1,27,39,-0.319318098582354,2.78849590901681,-0.319318098582354,-0.319318098582354,2.78849590901681,-0.319318098582354,0.246183549791007,0.251658755179648,0.246183549791007,0.301196666305617,0.305894319832416,0.301196666305617
-1.72162346774733,-3.36196150591608,0,0,0,0.433491581823979,-1.00228857523602,0,1.9565782446986,1,27,39,-0.963503839215921,2.14107854883274,-0.963503839215921,-0.963503839215921,2.14107854883274,-0.963503839215921,0.246298279840477,0.263341628032681,0.246298279840477,0.301295429104814,0.315816166036213,0.301295429104814
-2.25519359153666,-4.56831245440934,0,0,0,-0.797699532044392,-0.0551990321183528,0,1.9565782446986,1,27,39,-2.47879652383499,-0.375749590688188,-2.47879652383499,-2.47879652383499,-0.375749590688188,-2.47879652383499,0.283486603981298,0.348691097557839,0.283486603981298,0.332626869882198,0.38498996980555,0.332626869882198
3.55775813670678,2.2788085322715,0,0,0,1.56015613725427,0.715432059247388,1,1.9565782446986,1,27,39,3.00754590612807,8.61938893752703,3.00754590612807,3.00754590612807,8.61938893752703,3.00754590612807,0.26419266762979,0.646046854408112,0.26419266762979,0.316533736107629,0.610892511991384,0.316533736107629
6.42749360573033,4.6344022575315,0,0,1,0.243288762960636,0.557227851681901,1,1.9565782446986,1,27,39,5.62610982866535,5.62610982866535,0.215606949975318,5.62610982866535,5.62610982866535,0.215606949975318,0.381609417033651,0.381609417033651,0.271730295908893,0.410546521617324,0.410546521617324,0.322859958147164
-6.1649195409773,-5.176213686865,0,0,0,-2.27590704923199,0.503498785371668,0,1.9565782446986,1,27,39,-4.87651374072016,-2.52300271384942,-4.87651374072016,-4.87651374072016,-2.52300271384942,-4.87651374072016,0.273887242502888,0.815301634297207,0.273887242502888,0.324660818312634,0.754121999025521,0.324660818312634
-5.93892581151656,-5.63040769132174,0,0,0,-2.63214179639597,1.01732773005802,0,1.9565782446986,1,27,39,-5.07515429036177,-1.94019858001676,-5.07515429036177,-5.07515429036177,-1.94019858001676,-5.07515429036177,0.245221322431463,0.89856705047337,0.245221322431463,0.300367796407704,0.840677151154982,0.300367796407704
1.50614775568431,-0.214130656643932,0,0,0,0.253420841273211,1.05322298980084,1,1.9565782446986,1,27,39,0.73186624471941,6.94114491096444,0.73186624471941,0.73186624471941,6.94114491096444,0.73186624471941,0.242598949028325,0.347120887829455,0.242598949028325,0.298103756127754,0.383758669822029,0.298103756127754
-3.58892718412832,-3.68742461132853,0,0,0,-0.0856774163083485,-1.34235931620246,0,1.9565782446986,1,27,39,-2.34191257644702,1.56001595734853,-2.34191257644702,-2.34191257644702,1.56001595734853,-2.34191257644702,0.219052176712143,0.219655074810383,0.219052176712143,0.277415912986908,0.27795419344682,0.277415912986908
-3.31299238097112,-2.73812290606467,0,0,0,-1.07931308015542,-0.459524816003851,0,1.9565782446986,1,27,39,-3.44634940394256,-1.13518634741918,-3.44634940394256,-3.44634940394256,-1.13518634741918,-3.44634940394256,0.275496575250262,0.397979912044096,0.275496575250262,0.326001809561947,0.423099333054185,0.326001809561947
-2.6421947392554,-1.8443799360136,0,0,0,-0.719223820440293,1.48244402640947,0,1.9565782446986,1,27,39,-0.784202042098969,3.51343824933816,-0.784202042098969,-0.784202042098969,3.51343824933816,-0.784202042098969,0.206331926580131,0.249870938399859,0.206331926580131,0.265943720958286,0.304363859896329,0.265943720958286
4.52304770891452,5.07764540298762,0,0,1,0.766125157956204,-0.427472523286051,1,1.9565782446986,1,27,39,5.55931212316305,5.55931212316305,0.276579364998502,5.55931212316305,5.55931212316305,0.276579364998502,0.447929165669868,0.447929165669868,0.276580148278175,0.460946303280202,0.460946303280202,0.326903441423212
1.67328232235008,-1.36992322983731,1,0,0,1.2114295292408,-1.16965962023644,1,1.9565782446986,1,27,39,0.425001010617304,6.89310463782897,0.425001010617304,0.425001010617304,6.89310463782897,0.425001010617304,0.233610717105433,0.495720832140999,0.233610717105433,0.290285202449857,0.496796123103603,0.290285202449857
-4.74461119280978,-6.28671191781678,0,0,0,-1.39228253556003,-0.890110326339227,0,1.9565782446986,1,27,39,-4.50287382508714,-1.61057743203141,-4.50287382508714,-4.50287382508714,-1.61057743203141,-4.50287382508714,0.253910430184577,0.460535428230915,0.253910430184577,0.307817177470426,0.470423119316577,0.307817177470426
-5.49995412013386,-6.80276127994167,0,0,0,-3.23028939091633,1.42417331251204,0,1.9565782446986,1,27,39,-5.86460389694847,-1.73633427287694,-5.86460389694847,-5.86460389694847,-1.73633427287694,-5.86460389694847,0.211710811423014,0.976226362762518,0.211710811423014,0.270822267085654,0.949539475213662,0.270822267085654
-1.26315207681475,-3.30415216276184,0,0,0,0.371245048543119,-0.854884722303021,0,1.9565782446986,1,27,39,-0.940593052844639,1.89023483558247,-0.940593052844639,-0.940593052844639,1.89023483558247,-0.940593052844639,0.256142186071831,0.268878624420411,0.256142186071831,0.309717946581775,0.320472694251077,0.309717946581775
-1.60106919403178,-1.72609932753515,0,0,0,0.0569378467420048,-0.309334470758328,1,1.9565782446986,1,27,39,-1.02365720490217,4.17203060989716,-1.02365720490217,-1.02365720490217,4.17203060989716,-1.02365720490217,0.2799133660042,0.384963575976818,0.2799133660042,0.329670692982301,0.413125988068719,0.329670692982301
1.86786016724683,1.57720215346306,1,1,1,-3.21496522801163,-2.77436784481805,1,1.9565782446986,1,27,39,2.76462020989118,2.76462020989118,-10.0324967284692,2.76462020989118,2.76462020989118,-10.0324967284692,0.95426188018976,0.95426188018976,0.0820217684159147,0.913607454169082,0.913607454169082,0.13592323794149
-3.11566706121714,-1.45668364135221,0,0,0,0.108831919607055,-1.60308516153682,0,1.9565782446986,1,27,39,-2.21361974995057,2.45626228518897,-2.21361974995057,-2.21361974995057,2.45626228518897,-2.21361974995057,0.194855752183244,0.195751266574775,0.194855752183244,0.255391954775333,0.256222646280383,0.255391954775333
-1.57725502076438,-2.39759345682084,0,0,0,0.673193608009369,-0.504034394116768,0,1.9565782446986,1,27,39,0.0141543942741141,2.36820506472677,0.0141543942741141,0.0141543942741141,2.36820506472677,0.0141543942741141,0.273866770932735,0.318781116335402,0.273866770932735,0.324643745625426,0.361307333817562,0.324643745625426
-2.85038172357128,-3.01123314132529,0,0,0,-0.125808387858697,-0.860536369263226,0,1.9565782446986,1,27,39,-1.94035157260847,0.90017127021626,-1.94035157260847,-1.94035157260847,0.90017127021626,-1.94035157260847,0.255789369047733,0.257231296350481,0.255789369047733,0.309417788115282,0.310643722693776,0.309417788115282
-4.21900816607276,-4.11887396769472,0,0,0,-0.315274513204585,-0.484784531672256,0,1.9565782446986,1,27,39,-1.94353198570928,0.391484056439408,-1.94353198570928,-1.94353198570928,0.391484056439408,-1.94353198570928,0.274589408644087,0.284126794038601,0.274589408644087,0.325246182235514,0.333155396282326,0.325246182235514
-3.40944015568488,-3.31735978522703,0,0,0,0.487413860338103,-2.08439647965133,1,1.9565782446986,1,27,39,-1.93776718660298,7.50694149777987,-1.93776718660298,-1.93776718660298,7.50694149777987,-1.93776718660298,0.146599752905219,0.237657274175162,0.146599752905219,0.208459205133489,0.293816587581734,0.208459205133489
-1.63509932750803,0.282271395487139,0,0,0,0.246122976660244,-0.193516526661,0,2.40158088296925,0,26,40,-2.27534478412289,-0.137896138031947,-2.27534478412289,-2.27534478412289,-0.137896138031947,-2.27534478412289,0.338518791147899,0.344983329055086,0.338518791147899,0.376990904102813,0.382080489924239,0.376990904102813
-5.42767874934206,-0.949324584594661,0,0,0,-0.843952652054698,-1.45008436807142,1,2.40158088296925,0,26,40,-4.45549604155277,2.74724863297232,-4.45549604155277,-4.45549604155277,2.74724863297232,-4.45549604155277,0.256709689017747,0.437708033163386,0.256709689017747,0.310200488128899,0.453245063986985,0.310200488128899
2.82415820141721,5.40399243605272,0,0,1,-0.0521002680321141,-1.98146487444835,0,2.40158088296925,0,26,40,3.15441177516503,3.15441177516503,-2.8717912735076,3.15441177516503,3.15441177516503,-2.8717912735076,0.196004260590285,0.196004260590285,0.19579857157495,0.25645709658929,0.25645709658929,0.256266491661967
-2.43291888052702,-0.424919671845724,0,0,0,-0.271001071274367,0.0847877412929682,0,2.40158088296925,0,26,40,-3.30959287999211,-1.20240391891855,-3.30959287999211,-3.30959287999211,-1.20240391891855,-3.30959287999211,0.33980597271127,0.347664123253093,0.33980597271127,0.378006064957513,0.384184793562892,0.378006064957513
-2.92273002738061,-0.478201484617444,0,1,0,-0.500704879738145,-0.622115182704547,0,2.40158088296925,0,26,40,-3.76900049691966,-1.28197319636815,-3.76900049691966,-3.76900049691966,-1.28197319636815,-3.76900049691966,0.323817363419783,0.350392972504334,0.323817363419783,0.365330919457745,0.386323142188637,0.365330919457745
-0.919618427074718,1.1615046153183,0,1,1,-0.323384674266919,-0.337818362924384,0,2.40158088296925,0,26,40,-1.2002388396483,-1.2002388396483,-3.41436008597721,-1.2002388396483,-1.2002388396483,-3.41436008597721,0.346413571469398,0.346413571469398,0.335267543600352,0.383203616621858,0.383203616621858,0.374422762474012
3.15209343610429,4.56440944463816,0,1,1,1.2608096313344,-0.201668215444738,0,2.40158088296925,0,26,40,1.89469859434609,1.89469859434609,-0.245971474774574,1.89469859434609,1.89469859434609,-0.245971474774574,0.520264704399146,0.520264704399146,0.33838189278973,0.51517628174527,0.51517628174527,0.376882884372596
5.07765981265121,7.55927883615598,0,0,1,-0.711896224743958,-1.96908113975436,1,2.40158088296925,0,26,40,4.78589734800506,4.78589734800506,-4.19138318693129,4.78589734800506,4.78589734800506,-4.19138318693129,0.335429656101554,0.335429656101554,0.197284963080155,0.374550950932699,0.374550950932699,0.257642379852596
-5.21367221955435,-1.64583624450153,0,0,0,-0.884904745445396,-2.21481923018153,0,2.40158088296925,0,26,40,-4.53740022833417,2.46802399404774,-4.53740022833417,-4.53740022833417,2.46802399404774,-4.53740022833417,0.167764709660607,0.227082485391003,0.167764709660607,0.229611231660693,0.284547085935423,0.229611231660693
-2.72360029605261,3.07806826169398,0,0,0,0.457451798505846,-0.300721052915147,0,2.40158088296925,0,26,40,-1.85268714043168,0.337746011234712,-1.85268714043168,-1.85268714043168,0.337746011234712,-1.85268714043168,0.336270444095383,0.35876704737954,0.336270444095383,0.375215562043493,0.392862856305353,0.375215562043493
2.25464533144467,6.84880327599796,0,1,1,0.573564042309565,-0.100154943546249,1,2.40158088296925,0,26,40,3.48956835989251,3.48956835989251,-1.62046265282424,3.48956835989251,3.48956835989251,-1.62046265282424,0.490958367136978,0.490958367136978,0.33968498137078,0.493230123170306,0.493230123170306,0.377910680401191
-0.876319192847276,3.20289526841704,1,1,1,-2.05519696172277,-0.784672257678297,1,2.40158088296925,0,26,40,-1.16227410891897,-1.16227410891897,-6.87798466088892,-1.16227410891897,-1.16227410891897,-6.87798466088892,0.846075520941969,0.846075520941969,0.314374925665382,0.784107633832012,0.784107633832012,0.357774092845834
-0.710788433677765,4.55298454890831,0,0,1,0.0138934995698893,1.10284745443124,0,2.40158088296925,0,26,40,0.576468769441868,0.576468769441868,-2.7398037383036,0.576468769441868,0.576468769441868,-2.7398037383036,0.290298230620285,0.290298230620285,0.290279293136688,0.338233538287745,0.338233538287745,0.338218001599824
-4.92875042854478,-1.85899586207839,0,1,0,-0.99531621405682,1.234027820141,1,2.40158088296925,0,26,40,-4.75822316555701,1.86460149532494,-4.75822316555701,-4.75822316555701,1.86460149532494,-4.75822316555701,0.278392379172343,0.49763292293077,0.278392379172343,0.328409132639876,0.498227746937047,0.328409132639876
-4.16430326448407,0.448914901024129,1,1,0,-0.0817108391119614,-1.13789208354116,0,2.40158088296925,0,26,40,-2.9310124156673,0.463785978118338,-2.9310124156673,-2.9310124156673,0.463785978118338,-2.9310124156673,0.287207073227087,0.287858552879719,0.287207073227087,0.335693774880083,0.336229670710808,0.335693774880083
-2.66031408355018,0.700191797338533,1,0,0,0.125849053649757,-1.47188872545913,0,2.40158088296925,0,26,40,-2.51589263014386,1.75056378998983,-2.51589263014386,-2.51589263014386,1.75056378998983,-2.51589263014386,0.254393480702933,0.255831377795648,0.254393480702933,0.308229013668924,0.309453533512772,0.308229013668924
-3.09558083693602,1.67413474889607,1,0,0,0.0239105332624671,0.88623279448425,0,2.40158088296925,0,26,40,-2.71976967091844,0.165638895100923,-2.71976967091844,-2.71976967091844,0.165638895100923,-2.71976967091844,0.307461256666678,0.307519148519106,0.307461256666678,0.352204610436213,0.352251379960993,0.352204610436213
7.99380393458862,9.91761404478602,1,1,1,2.50188145038553,-1.29997925009353,0,2.40158088296925,0,26,40,6.02611821400141,6.02611821400141,2.23617216332768,6.02611821400141,6.02611821400141,2.23617216332768,0.880608867387562,0.880608867387562,0.27203434918104,0.820375789423273,0.820375789423273,0.323114065122883
-2.40202695393094,2.18649375258409,0,1,0,0.333940308691414,-1.02791613475787,0,2.40158088296925,0,26,40,-2.09971012006055,1.05690146003501,-2.09971012006055,-2.09971012006055,1.05690146003501,-2.09971012006055,0.296582758354653,0.307768640108059,0.296582758354653,0.343374340704451,0.352452912420664,0.343374340704451
-2.09247648151728,2.2587853916967,0,0,1,-0.903250125572529,0.410264470994053,0,2.40158088296925,0,26,40,-2.3057740524284,-2.3057740524284,-4.57409098858843,-2.3057740524284,-2.3057740524284,-4.57409098858843,0.423502266334435,0.423502266334435,0.332978369200224,0.442509094163748,0.442509094163748,0.372611071171674
-0.604517368965813,1.22313952447687,0,0,0,0.111739373490387,0.149010527106451,0,2.40158088296925,0,26,40,-2.5441119904626,-0.421907853274058,-2.5441119904626,-2.5441119904626,-0.421907853274058,-2.5441119904626,0.33916697555339,0.340495976781408,0.33916697555339,0.377502217981882,0.37854988713357,0.377502217981882
-4.45817470534003,1.18947880637072,1,1,0,-0.195928155764427,0.0551193512310841,0,2.40158088296925,0,26,40,-3.15944704897223,-1.05640890609209,-3.15944704897223,-3.15944704897223,-1.05640890609209,-3.15944704897223,0.339982716539181,0.344080945030626,0.339982716539181,0.378145388486422,0.381371339450095,0.378145388486422
2.65063971230255,6.67202957368536,0,1,1,-0.0356967837589065,-0.248329359768243,1,2.40158088296925,0,26,40,2.32268316596172,2.32268316596172,-2.83898430496119,2.32268316596172,2.32268316596172,-2.83898430496119,0.450003268699941,0.450003268699941,0.337490216470407,0.462507019890222,0.462507019890222,0.376179059685911
-2.14888797471085,-0.12515821034777,1,0,0,0.379257383941726,0.374681499155673,0,2.40158088296925,0,26,40,-2.00907596955992,0.231310256249621,-2.00907596955992,-2.00907596955992,0.231310256249621,-2.00907596955992,0.334157203110857,0.349507105171489,0.334157203110857,0.373544384171376,0.385629370762685,0.373544384171376
2.05667644545079,5.73551734147764,1,0,1,-0.386970836565005,-1.05097568601011,1,2.40158088296925,0,26,40,2.66301748201103,2.66301748201103,-3.54153241057338,2.66301748201103,2.66301748201103,-3.54153241057338,0.418823261040506,0.418823261040506,0.294682178985927,0.438963355919444,0.438963355919444,0.341822800802899
-3.96756465285419,0.0871358006436832,0,1,0,-0.234292777801781,0.170218375648004,1,2.40158088296925,0,26,40,-3.23617629304694,1.89279800236131,-3.23617629304694,-3.23617629304694,1.89279800236131,-3.23617629304694,0.338879042503613,0.457811027322521,0.338879042503613,0.377275112601575,0.468376782903241,0.377275112601575
2.42495297777703,1.41289746817878,1,1,1,-1.48454710970623,1.2964813594728,0,1.26626592751906,0,23,41,2.20834029685229,2.20834029685229,-1.57252361860816,2.20834029685229,2.20834029685229,-1.57252361860816,0.645233107767606,0.645233107767606,0.390918917678441,0.610256943712513,0.610256943712513,0.417696085022841
0.665583188020274,1.88144787528002,1,0,0,0.0151149248948364,0.20487608775532,0,1.26626592751906,0,23,41,1.42680045059397,3.5687746619279,1.42680045059397,1.42680045059397,3.5687746619279,1.42680045059397,0.46664040481224,0.466667254083886,0.46664040481224,0.475005658684156,0.475025803945336,0.475005658684156
0.105381644663451,0.346049111013497,1,1,0,-0.609163745718147,-0.0170086167459584,0,1.26626592751906,0,23,41,0.178243109368002,2.27853240241161,0.178243109368002,0.178243109368002,2.27853240241161,0.178243109368002,0.468600442696805,0.512354396835642,0.468600442696805,0.476476114344789,0.509250703984947,0.476476114344789
6.69354075953916,6.19053045660567,1,1,1,1.56020396118343,-0.799886142818853,0,1.26626592751906,0,23,41,7.25679636464479,7.25679636464479,4.51697852317117,7.25679636464479,7.25679636464479,4.51697852317117,0.712065262818132,0.712065262818132,0.438665168387626,0.663707680512845,0.663707680512845,0.453966990148268
-0.0309465604194873,-2.79728205780544,1,0,0,-1.1474670775724,-0.745089318678361,0,1.26626592751906,0,23,41,-0.898363554340504,1.75679453846808,-0.898363554340504,-0.898363554340504,1.75679453846808,-0.898363554340504,0.442608174461754,0.596593725637376,0.442608174461754,0.456939321297914,0.572758853624378,0.456939321297914
2.31335376018462,-0.697958861273315,1,1,0,0.0807544115593756,0.166238288730664,0,1.26626592751906,0,23,41,1.55807942392305,3.68571459256315,1.55807942392305,1.55807942392305,3.68571459256315,1.55807942392305,0.467314523384392,0.468081119839888,0.467314523384392,0.475511435282202,0.476086543871286,0.475511435282202
2.46950834136457,3.32327130933077,0,1,0,0.295889610225084,-1.81075019400326,0,1.26626592751906,0,23,41,1.98834982125446,7.36716608633729,1.98834982125446,1.98834982125446,7.36716608633729,1.98834982125446,0.321595572888998,0.330732868572075,0.321595572888998,0.363557795888756,0.370831087021668,0.363557795888756
0.0649839255929981,-0.614019687117703,1,1,0,-1.13623602084083,-0.983368621521771,0,1.26626592751906,0,23,41,-0.875901440877355,2.19111240491627,-0.875901440877355,-0.875901440877355,2.19111240491627,-0.875901440877355,0.423499428012531,0.57475607285526,0.423499428012531,0.442506944830186,0.556172359657868,0.442506944830186
1.01119026501708,1.81742887284965,0,1,0,0.356562610962148,-0.137638443181951,0,1.26626592751906,0,23,41,2.10969582272859,4.22864016377014,2.10969582272859,2.10969582272859,4.22864016377014,2.10969582272859,0.467723159002929,0.482691933637834,0.467723159002929,0.475818004781191,0.487038867513832,0.475818004781191
7.42043883186666,5.48858637881014,1,1,1,0.885006926760708,0.758052523646844,0,1.26626592751906,0,23,41,5.84122808293306,5.84122808293306,3.16658445432571,5.84122808293306,5.84122808293306,3.16658445432571,0.533836510922055,0.533836510922055,0.44170001233972,0.525352180485747,0.525352180485747,0.456254965529842
-2.59794572424278,-3.81611079748875,0,1,0,-2.0954760342329,1.14489762417498,0,1.26626592751906,0,23,41,-2.7943814676615,0.616409102180011,-2.7943814676615,-2.7943814676615,0.616409102180011,-2.7943814676615,0.407712251873149,0.847611478978659,0.407712251873149,0.430521635654611,0.785655954322345,0.430521635654611
0.210405800540279,0.458479627240914,0,1,0,-0.468320712184859,-0.483821389900157,1,1.26626592751906,0,23,41,0.459929176434579,5.7940123137595,0.459929176434579,0.459929176434579,5.7940123137595,0.459929176434579,0.457620935740532,0.600125749823989,0.457620935740532,0.468233969157116,0.575453748259802,0.468233969157116
-0.03509743555198,1.25480905977845,0,1,0,-0.086615487508729,-0.0652998309923527,0,1.26626592751906,0,23,41,1.22333962578684,3.32760369371447,1.22333962578684,1.22333962578684,3.32760369371447,1.22333962578684,0.468413506832607,0.469295666630831,0.468413506832607,0.476335887092817,0.476997598896535,0.476335887092817
8.27293485206307,9.19957990331704,0,0,1,0.13981308474539,-1.38141391170112,1,1.26626592751906,0,23,41,8.68450116573648,8.68450116573648,1.67619677029508,8.68450116573648,8.68450116573648,1.67619677029508,0.49881506520779,0.49881506520779,0.380716392445148,0.499112828757916,0.499112828757916,0.409859062903888
8.7297537142647,9.68814398083286,1,1,1,1.44869988562816,0.049364852799049,1,1.26626592751906,0,23,41,9.39640726075249,9.39640726075249,4.29397037206062,9.39640726075249,9.39640726075249,4.29397037206062,0.793341909656829,0.793341909656829,0.468499439038762,0.733759270296548,0.733759270296548,0.476400348297536
-0.132996672669788,2.65895071841686,1,1,0,-0.349206696582609,0.428928167149578,0,1.26626592751906,0,23,41,0.698157207639078,2.98213658021337,0.698157207639078,0.698157207639078,2.98213658021337,0.698157207639078,0.459970977640867,0.474303078950319,0.459970977640867,0.469999224170139,0.48075243031562,0.469999224170139
6.79197854462926,5.18906417150468,0,1,1,0.269040780198972,-1.45589934160824,0,1.26626592751906,0,23,41,6.15429505409753,6.15429505409753,1.93465216120224,6.15429505409753,6.15429505409753,1.93465216120224,0.379360922879235,0.379360922879235,0.371325195008458,0.408815043972258,0.408815043972258,0.402611233265049
1.21568404465979,1.43832979667941,0,1,0,0.312998867160804,1.48045905023122,0,1.26626592751906,0,23,41,2.0225683351259,6.31432733453744,2.0225683351259,2.0225683351259,6.31432733453744,2.0225683351259,0.368141316308901,0.37899748925582,0.368141316308901,0.400146063398284,0.408535000729629,0.400146063398284
0.837070905838776,0.798464029287142,0,0,0,-0.347858546189726,0.694221129579826,1,1.26626592751906,0,23,41,0.700853508424844,6.28279648517993,0.700853508424844,0.700853508424844,6.28279648517993,0.700853508424844,0.446023731908384,0.577526190806119,0.446023731908384,0.459511931052427,0.558269823598388,0.459511931052427
0.728472893318418,-1.39070000312118,0,1,0,-1.29661955567513,0.475268155149579,0,1.26626592751906,0,23,41,-1.19666851054596,1.12921130875333,-1.19666851054596,-1.19666851054596,1.12921130875333,-1.19666851054596,0.458005579819655,0.65164612090925,0.458005579819655,0.468522943502744,0.615274358208341,0.468522943502744
2.38280548710013,0.179337427770256,0,1,0,0.145597633085915,0.947595246270366,0,1.26626592751906,0,23,41,1.68776586697613,4.68570261773032,1.68776586697613,1.68776586697613,4.68570261773032,1.68776586697613,0.426690728084771,0.429143089771907,0.426690728084771,0.44492243476164,0.446777116198317,0.44492243476164
7.11407188183014,6.97732459699632,1,1,1,-1.30710929620349,-2.39411715903656,0,1.26626592751906,0,23,41,6.61414897959062,6.61414897959062,-1.21764799160269,6.61414897959062,6.61414897959062,-1.21764799160269,0.40089342547944,0.40089342547944,0.22891341214391,0.425324246804361,0.425324246804361,0.286161635669858
15.1138898680159,15.4402643228425,0,1,1,1.30041881305835,-2.55337435285703,1,1.26626592751906,0,23,41,15.617128812749,15.617128812749,3.997408226921,15.617128812749,15.617128812749,3.997408226921,0.478407053756029,0.478407053756029,0.203317473002874,0.483828411596724,0.483828411596724,0.263191370551259
-3.40206064347046,-4.65956834170979,0,1,0,-1.47291354678545,-1.33005282880635,0,-1.49769400158801,1,21,42,-3.51896724476995,0.350073282645829,-3.51896724476995,-3.51896724476995,0.350073282645829,-3.51896724476995,0.592230163176017,0.803252163077069,0.592230163176017,0.569434521982591,0.742854410630186,0.569434521982591
-1.44856661084515,-3.64911516395611,1,1,0,-0.860314119077586,0.0794355315814367,1,-1.49769400158801,1,21,42,-0.884280028966435,4.22202997471119,-0.884280028966435,-0.884280028966435,4.22202997471119,-0.884280028966435,0.669784808612033,0.823401474466385,0.669784808612033,0.629579673944367,0.761836272118383,0.629579673944367
6.40151572737648,4.785670528919,1,0,1,0.408186343036425,0.949416804337075,0,-1.49769400158801,1,21,42,5.52409443637485,5.52409443637485,2.52270216801723,5.52409443637485,5.52409443637485,2.52270216801723,0.64939835959423,0.64939835959423,0.631215817626744,0.613513491268504,0.613513491268504,0.599355846565063
-2.86273162255772,-0.0878658252168512,1,1,0,-0.915798339293467,-0.232867459506496,0,-1.49769400158801,1,21,42,-1.30755146048613,0.846675793210881,-1.30755146048613,-1.30755146048613,0.846675793210881,-1.30755146048613,0.667769269044469,0.74980084600263,0.667769269044469,0.627981253970243,0.695354919221984,0.627981253970243
2.26562156038316,0.349817311298266,0,0,1,-0.0693535813380779,-0.980627347800707,0,-1.49769400158801,1,21,42,2.69920816238509,2.69920816238509,-0.362421832869562,2.69920816238509,2.69920816238509,-0.362421832869562,0.629086984920002,0.629086984920002,0.628555282272339,0.597707663247291,0.597707663247291,0.597296297849955
2.95737877385151,2.54978624071448,1,0,1,-1.43459902281465,-0.121824767110646,1,-1.49769400158801,1,21,42,2.88073113874893,2.88073113874893,-2.23411013513264,2.88073113874893,2.88073113874893,-2.23411013513264,0.898220349387713,0.898220349387713,0.669426391934406,0.840273959478438,0.840273959478438,0.629295262964368
6.09203893208032,5.20301741407908,1,1,1,-0.179435492308026,0.43062320027552,1,-1.49769400158801,1,21,42,6.1141012338823,6.1141012338823,0.82866489326677,6.1141012338823,6.1141012338823,0.82866489326677,0.762241005107206,0.762241005107206,0.662220246531585,0.706094882988528,0.706094882988528,0.62359235083475
-5.77982892263725,-7.38257197917674,0,0,0,-2.05131080724904,-2.11915441414515,0,-1.49769400158801,1,21,42,-5.46486335103593,1.12595207995494,-5.46486335103593,-5.46486335103593,1.12595207995494,-5.46486335103593,0.464810252490715,0.865958920969182,0.464810252490715,0.473632311150408,0.80459452373503,0.473632311150408
6.03478277874241,4.27153034101024,1,1,1,-0.279164734187968,0.586806609784527,1,-1.49769400158801,1,21,42,6.2297318163027,6.2297318163027,0.785389819015893,6.2297318163027,6.2297318163027,0.785389819015893,0.760691380464146,0.760691380464146,0.655442415060109,0.704747718422638,0.704747718422638,0.618254031958176
4.21447979753634,3.7960380108786,1,0,1,-0.899503215537297,-0.549935762525985,1,-1.49769400158801,1,21,42,3.81039982691176,3.81039982691176,-1.59202951599328,3.81039982691176,3.81039982691176,-1.59202951599328,0.819905153171694,0.819905153171694,0.657236130663651,0.75849192630251,0.75849192630251,0.619664449825221
3.42392834709673,3.28868394972169,1,0,0,0.403131201026802,0.963494631675389,1,-1.49769400158801,1,21,42,2.52666971133629,8.55499161660359,2.52666971133629,2.52666971133629,8.55499161660359,2.52666971133629,0.630027340017887,0.74747959469824,0.630027340017887,0.598435474910056,0.693369242679699,0.598435474910056
5.92164058247432,2.91239406492667,1,0,1,0.860558261056087,0.294248062566336,0,-1.49769400158801,1,21,42,4.95885918460985,4.95885918460985,2.77227726228581,4.95885918460985,4.95885918460985,2.77227726228581,0.739714940027275,0.739714940027275,0.666405002090868,0.686766719855913,0.686766719855913,0.626900628366841
0.840757717806753,1.64874448149307,1,1,1,-0.37074450074669,-1.43876155101203,0,-1.49769400158801,1,21,42,2.74669692577244,2.74669692577244,-1.42333787489811,2.74669692577244,2.74669692577244,-1.42333787489811,0.594176206877968,0.594176206877968,0.578415933913018,0.570916424172984,0.570916424172984,0.558943886537347
6.71816817794532,5.08232182999831,1,1,1,1.19981189553139,-1.41346806472658,0,-1.49769400158801,1,21,42,5.84096037394541,5.84096037394541,1.74306840394351,5.84096037394541,5.84096037394541,1.74306840394351,0.733646453801604,0.733646453801604,0.581738449669271,0.681647328126837,0.681647328126837,0.561462649720219
8.9764461636795,7.99060941670053,0,0,1,0.0471464154606057,0.676820790550025,1,-1.49769400158801,1,21,42,7.0861126815993,7.0861126815993,1.52802629907854,7.0861126815993,7.0861126815993,1.52802629907854,0.749979479544197,0.749979479544197,0.650553292335859,0.695507960064967,0.695507960064967,0.614417940895841
-2.11231543901977,-2.26230163116519,1,1,0,-0.837983621855434,0.464603813002392,1,-1.49769400158801,1,21,42,-0.454450753101173,4.86140594995519,-0.454450753101173,-0.454450753101173,4.86140594995519,-0.454450753101173,0.660927539906611,0.814705860891002,0.660927539906611,0.622572322691855,0.753559171339602,0.622572322691855
3.66161168609301,2.65429898202798,1,1,1,-0.661191657361568,0.770186213233008,0,-1.49769400158801,1,21,42,2.89790237917137,2.89790237917137,0.204715576117174,2.89790237917137,2.89790237917137,0.204715576117174,0.690697985544201,0.690697985544201,0.644706744801245,0.646309395957526,0.646309395957526,0.609845999039206
2.36712756555869,2.46817627427197,0,1,0,0.62907950434164,0.267929087205144,0,-1.49769400158801,1,21,42,2.28300077349573,4.45478676926631,2.28300077349573,2.28300077349573,4.45478676926631,2.28300077349573,0.667029219316214,0.707422954187059,0.667029219316214,0.627394936467342,0.65989889575776,0.627394936467342
9.91722883201963,7.50700036161914,1,0,1,1.03755219100891,1.64688516759781,0,-1.49769400158801,1,21,42,9.29113298247661,9.29113298247661,4.47890222722293,9.29113298247661,9.29113298247661,4.47890222722293,0.669169871980644,0.669169871980644,0.548573478704001,0.629091754250186,0.629091754250186,0.536422371530656
-5.16387030614484,-3.60701446186448,0,0,0,-1.4611653228075,-1.4892775908891,0,-1.49769400158801,1,21,42,-3.6546955588968,0.663252183827653,-3.6546955588968,-3.6546955588968,0.663252183827653,-3.6546955588968,0.571582954065422,0.786491788501195,0.571582954065422,0.553771838827198,0.727556605656057,0.553771838827198
7.34586528202109,5.40463550595943,0,0,1,0.157157142187673,1.2583574733783,0,-1.49769400158801,1,21,42,6.01304796616796,6.01304796616796,2.32958443536095,6.01304796616796,6.01304796616796,2.32958443536095,0.603479023444754,0.603479023444754,0.600679946379001,0.578015765519202,0.578015765519202,0.575876934427578
0.552656580278071,-0.21725304175013,1,1,0,-0.318543896999882,1.02513932532353,0,1.23811999490676,0,23,43,0.829971084212322,3.9808817205371,0.829971084212322,0.829971084212322,3.9808817205371,0.829971084212322,0.422874966954586,0.434618407330398,0.422874966954586,0.442034023948007,0.450913534156424,0.442034023948007
0.754174293623224,0.778407971665704,1,1,0,0.547461103905995,-0.0644852071030512,0,1.23811999490676,0,23,43,2.56198108602408,4.6661394279592,2.56198108602408,2.56198108602408,4.6661394279592,2.56198108602408,0.47172898203929,0.507072665285699,0.47172898203929,0.478822487120269,0.505295508631522,0.478822487120269
0.796482578229959,-1.60148821218479,0,0,0,-0.293970322929812,-1.89781622074967,1,1.23811999490676,0,23,43,0.879118232352463,9.58082464009301,0.879118232352463,0.879118232352463,9.58082464009301,0.879118232352463,0.311213856197474,0.430516327632524,0.311213856197474,0.35523155870872,0.447815120864435,0.35523155870872
-4.37275485454475,-3.35039819729467,0,0,0,-2.04387122076156,-2.83262959146171,0,1.23811999490676,0,23,43,-2.62068356331104,7.50310683911349,-2.62068356331104,-2.62068356331104,7.50310683911349,-2.62068356331104,0.162182205030281,0.58532692601791,0.162182205030281,0.224126617078537,0.564186060152822,0.224126617078537
6.54398561605525,4.04271142415989,1,1,1,0.439574177978077,-1.64300290906465,0,1.23811999490676,0,23,43,7.14566579336313,7.14566579336313,2.34620723416824,7.14566579336313,7.14566579336313,2.34620723416824,0.370158960982422,0.370158960982422,0.349075552599019,0.401708743200408,0.401708743200408,0.38529125895522
-2.62126952735248,-2.04490787441177,0,1,0,-0.321493765868467,0.457519304668001,0,1.23811999490676,0,23,43,0.824071346475154,3.13339526061905,0.824071346475154,0.824071346475154,3.13339526061905,0.824071346475154,0.462084036365071,0.474234921169981,0.462084036365071,0.471585918443142,0.480701335201706,0.471585918443142
2.6586176778468,1.54974246568882,1,0,0,1.18133610923112,1.04031573510496,0,1.23811999490676,0,23,43,3.82973109667433,7.0119879253813,3.82973109667433,3.82973109667433,7.0119879253813,3.82973109667433,0.421429334956501,0.584725405736266,0.421429334956501,0.440938864594179,0.563729321771814,0.440938864594179
3.22159255408285,1.59006027899555,0,1,0,0.794573961218752,-1.10840496673709,0,1.23811999490676,0,23,43,3.05620680064959,6.38476837093703,3.05620680064959,3.05620680064959,6.38476837093703,3.05620680064959,0.414699335864043,0.488412571563962,0.414699335864043,0.435833875668581,0.491323680732671,0.435833875668581
2.7488564800295,-0.784260183697233,0,0,0,0.208374364405635,-0.204091581409326,0,1.23811999490676,0,23,43,1.88380760702336,4.02546098062552,1.88380760702336,1.88380760702336,4.02546098062552,1.88380760702336,0.469964614893645,0.475074343019544,0.469964614893645,0.47749933366387,0.481330591806488,0.47749933366387
-1.61524154583425,-2.61670605688569,1,0,0,-1.29915343562782,0.220922894106177,0,1.23811999490676,0,23,43,-1.13124799304354,1.01755893209671,-1.13124799304354,-1.13124799304354,1.01755893209671,-1.13124799304354,0.469628077076585,0.662924411958621,0.469628077076585,0.477246923353804,0.624148361457985,0.477246923353804
-0.659436671940285,-0.441314822677412,0,1,0,-0.139429325116169,1.1313353526653,0,1.23811999490676,0,23,43,1.18820022797975,4.56811990817006,1.18820022797975,1.18820022797975,4.56811990817006,1.18820022797975,0.412343916058814,0.414572807725062,0.412343916058814,0.434044510271757,0.43573779112125,0.434044510271757
1.67844963470654,-0.25046174209336,1,1,0,0.441994656061855,0.361702744301474,0,1.23811999490676,0,23,43,2.3510481903358,4.58187706557102,2.3510481903358,2.3510481903358,4.58187706557102,2.3510481903358,0.465771317506937,0.488778798780294,0.465771317506937,0.474353536399203,0.491597945549185,0.474353536399203
1.03520155230739,3.34734475758753,0,0,0,1.06782323831462,-0.0578264304587923,0,1.23811999490676,0,23,43,3.60270535484133,5.70604925090094,3.60270535484133,3.60270535484133,5.70604925090094,3.60270535484133,0.471767314241119,0.604812016975725,0.471767314241119,0.478851230743554,0.579035196646551,0.478851230743554
-1.01109975750698,-0.189724857640315,1,0,0,0.138356655657418,-0.0604797218484656,0,1.23811999490676,0,23,43,1.74377218952692,3.84742998628179,1.74377218952692,1.74377218952692,3.84742998628179,1.74377218952692,0.471752540349124,0.474005455506049,0.471752540349124,0.478840152469379,0.480529311587572,0.478840152469379
0.0709749929972328,0.147440408781775,1,0,0,0.357671855336559,1.58609736689933,1,1.23811999490676,0,23,43,2.1824025888852,9.79810744617019,2.1824025888852,2.1824025888852,9.79810744617019,2.1824025888852,0.357034201878771,0.486256925680999,0.357034201878771,0.391512279848303,0.489709238352748,0.391512279848303
0.669089472625158,-1.67939461480047,1,0,0,-0.168592115443972,0.99337105961552,0,1.23811999490676,0,23,43,1.12987464732414,4.2166607094058,1.12987464732414,1.12987464732414,4.2166607094058,1.12987464732414,0.425836180592002,0.429123507116538,0.425836180592002,0.444275850037462,0.446762311201436,0.444275850037462
1.58934903307238,-0.584183198434352,1,1,0,0.145453976931607,-0.636103016937402,1,1.23811999490676,0,23,43,1.7579668320753,7.26259388023217,1.7579668320753,1.7579668320753,7.26259388023217,1.7579668320753,0.452927665289615,0.572817362495529,0.452927665289615,0.464706504549641,0.554705432046403,0.464706504549641
1.44690408017818,1.61700301543577,1,1,0,0.848189113822128,0.670403053810148,0,1.23811999490676,0,23,43,3.16343710585634,5.71287736041432,3.16343710585634,3.16343710585634,5.71287736041432,3.16343710585634,0.450830749111207,0.535529980587834,0.450830749111207,0.463129504119651,0.526623030220224,0.463129504119651
1.08778291105018,1.80111789459635,1,1,1,-0.00852419038515998,0.233554516098527,0,1.23811999490676,0,23,43,3.60455820943179,3.60455820943179,1.45001049744177,3.60455820943179,3.60455820943179,1.45001049744177,0.469366566629753,0.469366566629753,0.469358021579379,0.477050778260514,0.477050778260514,0.477044368970292
-0.441690014933707,-1.26466286211234,0,0,0,-0.174477318265012,0.510695094805203,0,1.23811999490676,0,23,43,1.11810424168206,3.47891372154016,1.11810424168206,1.11810424168206,3.47891372154016,1.11810424168206,0.459667636188459,0.463240159495159,0.459667636188459,0.46977140338274,0.472453840998275,0.46977140338274
1.96580948603249,3.02047007259455,0,0,0,0.863110264879325,0.148305798536456,1,1.23811999490676,0,23,43,3.19327940797074,8.31527401785027,3.19327940797074,3.19327940797074,8.31527401785027,3.19327940797074,0.470889591713344,0.67008625604346,0.470889591713344,0.478193035057173,0.629818935702142,0.478193035057173
2.83923560407544,2.62976025354637,0,1,0,1.20481914346472,0.33885612033739,1,1.23811999490676,0,23,43,3.87669716514153,9.09152063543164,3.87669716514153,3.87669716514153,9.09152063543164,3.87669716514153,0.46652361664061,0.736384502286089,0.46652361664061,0.474918030609566,0.683952838102255,0.474918030609566
1.74782001911126,-0.7598618415393,1,1,0,0.265312543586771,0.0602339804132021,0,1.23811999490676,0,23,43,1.99768396538563,4.10131209778205,1.99768396538563,1.99768396538563,4.10131209778205,1.99768396538563,0.47175393651486,0.480043046610096,0.47175393651486,0.478841199391753,0.485054305469441,0.478841199391753
1.55851895663002,1.88370521249913,1,0,0,-1.13548355583822,-0.810290010892752,0,0.485219443789657,1,27,44,-0.316695031200742,2.43987487055183,-0.316695031200742,-0.316695031200742,2.43987487055183,-0.316695031200742,0.412600616198372,0.56357676633687,0.412600616198372,0.434239590262345,0.547724262386255,0.434239590262345
3.79129732704345,4.30752572658095,1,0,0,-1.22892948527291,1.73489299115026,0,0.485219443789657,1,27,44,2.0415961119729,7.15144980271521,2.0415961119729,2.0415961119729,7.15144980271521,2.0415961119729,0.310159213242664,0.478898568089101,0.310159213242664,0.354381811794082,0.484196733569776,0.354381811794082
4.35528477193891,3.47916072635947,1,1,0,-1.43219277633354,0.771695938311734,0,0.485219443789657,1,27,44,0.671872477013115,3.36738709821994,0.671872477013115,0.671872477013115,3.36738709821994,0.671872477013115,0.415401681817144,0.651984750444174,0.415401681817144,0.436367157986357,0.615539851902165,0.436367157986357
1.78355772942439,-0.199296633072688,0,0,0,-0.783091516308274,-0.489978597261559,0,0.485219443789657,1,27,44,0.708400461490348,3.04847948726475,0.708400461490348,0.708400461490348,3.04847948726475,0.708400461490348,0.4318065334056,0.503774436344588,0.4318065334056,0.448790010597073,0.502825963091379,0.448790010597073
2.30807123827988,3.47558623248982,1,0,0,-0.998848932310854,0.409371756740754,1,0.485219443789657,1,27,44,1.1762359834875,6.44382121870451,1.1762359834875,1.1762359834875,6.44382121870451,1.1762359834875,0.435171176473931,0.664543770568568,0.435171176473931,0.451330803610475,0.625428035008109,0.451330803610475
4.19841967255666,1.93665616749625,0,1,0,-0.199181079218475,-0.335428717987486,0,0.485219443789657,1,27,44,2.03077121494402,4.24328363979475,2.03077121494402,2.03077121494402,4.24328363979475,2.03077121494402,0.43773108641539,0.442349218037093,0.43773108641539,0.45326245402778,0.456744195997317,0.45326245402778
10.5655339686188,10.4498064994319,0,1,1,-0.267142369318653,-1.80386966211048,1,0.485219443789657,1,27,44,8.78035344850326,8.78035344850326,0.426407690620667,8.78035344850326,8.78035344850326,0.426407690620667,0.416319524235995,0.416319524235995,0.300311915475673,0.437063876171986,0.437063876171986,0.346410894919929
4.92768377357152,5.00988650257979,0,0,0,0.0193484475170303,0.9996183683177,0,0.485219443789657,1,27,44,3.80287735472022,6.90211423699836,3.80287735472022,3.80287735472022,6.90211423699836,3.80287735472022,0.396984378719099,0.397026773828115,0.396984378719099,0.422338491095585,0.422370898112888,0.422338491095585
4.10930212447347,4.11924011302485,0,0,0,-0.261312821650099,-0.203010115965987,0,0.485219443789657,1,27,44,2.03892633210227,4.18013943928679,2.03892633210227,2.03892633210227,4.18013943928679,2.03892633210227,0.441049920294058,0.449016054299845,0.441049920294058,0.455764995004358,0.461764242741664,0.455764995004358
9.76833749580167,11.8566332740374,0,0,1,0.663054792373444,-1.50926378887641,1,0.485219443789657,1,27,44,9.95928507165251,9.95928507165251,2.58140788723893,9.95928507165251,9.95928507165251,2.58140788723893,0.505106814711165,0.505106814711165,0.340667154048957,0.50382355999093,0.50382355999093,0.378684760376632
11.932088450932,10.1828826982857,1,1,1,0.715601581133531,0.407081342720947,1,0.485219443789657,1,27,44,9.86856181594795,9.86856181594795,4.60284659635646,9.86856181594795,9.86856181594795,4.60284659635646,0.611553462529277,0.611553462529277,0.435258045843229,0.584199716148696,0.584199716148696,0.451396373475528
3.09778323177536,2.85290373971469,1,1,1,-1.17082088162589,-0.389809608281713,0,0.485219443789657,1,27,44,2.28506225054371,2.28506225054371,0.033110719834964,2.28506225054371,2.28506225054371,0.033110719834964,0.5961918658394,0.5961918658394,0.435897537954039,0.572452472825191,0.572452472825191,0.451879024389754
4.59784878219139,5.18140842455068,0,0,1,-0.570363929447312,-0.4052778626449,0,0.485219443789657,1,27,44,3.48280651577895,3.48280651577895,1.21855636982893,3.48280651577895,3.48280651577895,1.21855636982893,0.473397601178363,0.473397601178363,0.435326106756305,0.480073602004987,0.480073602004987,0.451447745526325
14.2743841706743,13.6420811700751,1,1,1,1.43632764674695,1.77731899867945,0,0.485219443789657,1,27,44,12.6733992066087,12.6733992066087,7.41453638354181,12.6733992066087,12.6733992066087,7.41453638354181,0.537026498324403,0.537026498324403,0.304127499689272,0.52774632421156,0.52774632421156,0.349507447707477
4.65132855062817,4.85149374563771,1,1,0,0.615655409132434,-0.911564733971439,1,0.485219443789657,1,27,44,3.08430817566189,9.01525843988231,3.08430817566189,3.08430817566189,9.01525843988231,3.08430817566189,0.404630668892409,0.565894462854772,0.404630668892409,0.428174480405859,0.54947366241106,0.428174480405859
4.0890134522661,4.67258735022103,1,0,0,-0.109731857991004,0.399239760479131,0,0.485219443789657,1,27,44,2.94433813586558,5.20373052221301,2.94433813586558,2.94433813586558,5.20373052221301,2.94433813586558,0.435551793619613,0.436950900301475,0.435551793619613,0.451618086587966,0.45267387246901,0.451618086587966
0.0891087724801938,-1.28079020051107,1,0,0,-1.33114716203417,-1.00861316479448,0,0.485219443789657,1,27,44,-0.906345397494358,2.21095511870238,-0.906345397494358,-0.906345397494358,2.21095511870238,-0.906345397494358,0.396166413413626,0.60243782601151,0.396166413413626,0.421713123911278,0.577219880988105,0.421713123911278
4.79722349073946,3.74556275472364,1,1,1,-0.996272644127402,-1.28129920178867,0,0.485219443789657,1,27,44,3.23244524582926,3.23244524582926,-0.509282398675014,3.23244524582926,3.23244524582926,-0.509282398675014,0.482380180315018,0.482380180315018,0.368258012447124,0.486805319261342,0.486805319261342,0.400236491330566
8.9630198440988,10.9335304459088,0,0,1,0.388168289512729,-2.47884091217062,0,0.485219443789657,1,27,44,9.30671002607415,9.30671002607415,1.0620577582233,9.30671002607415,9.30671002607415,1.0620577582233,0.209752726371158,0.209752726371158,0.19800284333975,0.269051084350278,0.269051084350278,0.258305650579434
1.17290743066148,1.53985437931151,0,0,0,-0.355623505645779,-0.757676532804199,1,0.485219443789657,1,27,44,1.2956385472727,6.96971227563489,1.2956385472727,1.2956385472727,6.96971227563489,1.2956385472727,0.416386583759832,0.548435161615999,0.416386583759832,0.437114771604635,0.536318341811444,0.437114771604635
4.13284179738039,4.05648560706363,0,0,1,-0.283093722391365,-0.270984210452142,0,0.485219443789657,1,27,44,4.10082287844795,4.10082287844795,1.92739043613358,4.10082287844795,4.10082287844795,1.92739043613358,0.448895689994787,0.448895689994787,0.439549538880375,0.46167367114604,0.46167367114604,0.454633886347151
0.923568586735306,-1.38318381754233,0,0,0,-0.362800418102439,-2.18253861625821,1,0.485219443789657,1,27,44,-0.143577361094629,9.71989745036366,-0.143577361094629,-0.143577361094629,9.71989745036366,-0.143577361094629,0.243450822760634,0.355448979870244,0.243450822760634,0.298840051066946,0.390275551310473,0.298840051066946
8.45355886700403,8.75456569897019,1,0,1,1.13047385228817,-1.57731911396112,0,0.485219443789657,1,27,44,8.03612626925076,8.03612626925076,3.44819068198367,8.03612626925076,8.03612626925076,3.44819068198367,0.476126941887527,0.476126941887527,0.331768511058016,0.482119581076481,0.482119581076481,0.371652384481403
4.04105603394782,7.3752004689737,0,1,0,1.45792794135537,0.47490140631074,0,0.485219443789657,1,27,44,6.15531938038993,8.48085072610585,6.15531938038993,6.15531938038993,8.48085072610585,6.15531938038993,0.432481261820582,0.675530258381064,0.432481261820582,0.449299707022174,0.634149007997988,0.449299707022174
7.18763308613781,7.85895430322056,1,1,1,1.11205295577422,-0.604399719917437,0,0.485219443789657,1,27,44,6.84956730443574,6.84956730443574,4.38426828299947,6.84956730443574,6.84956730443574,4.38426828299947,0.57098202877549,0.57098202877549,0.426008975814728,0.553317471167622,0.553317471167622,0.444406606674052
10.4514050307026,9.73535493455302,1,0,1,1.16575970102068,0.934184772923059,0,0.485219443789657,1,27,44,9.00296745629418,9.00296745629418,6.03026626633287,9.00296745629418,9.00296745629418,6.03026626633287,0.561625960286205,0.561625960286205,0.402729400045618,0.546252571306686,0.546252571306686,0.426724978798318
3.29464649213109,4.9965012464093,1,0,1,-0.944779875930347,-0.13468819008552,0,0.485219443789657,1,27,44,2.85845505797076,2.85845505797076,0.740314149422243,2.85845505797076,2.85845505797076,0.740314149422243,0.547091347916251,0.547091347916251,0.442124972290597,0.535307784860075,0.535307784860075,0.456575216268601
3.5714777825257,3.58195476130936,1,1,1,-1.76071507030095,0.543148264347585,0,-0.219858165354467,1,24,45,2.36839054793644,2.36839054793644,-0.0266194891273542,2.36839054793644,2.36839054793644,-0.0266194891273542,0.821051529510796,0.821051529510796,0.512018852030788,0.759586014058977,0.759586014058977,0.508999408083987
11.4969861545696,10.8825617594888,1,1,1,1.25461267343224,-0.567414091392998,1,-0.219858165354467,1,24,45,10.3154323937098,10.3154323937098,4.89347364259845,10.3154323937098,10.3154323937098,4.89347364259845,0.779943373760288,0.779943373760288,0.510747261714851,0.721687554581265,0.721687554581265,0.508047124290637
4.67105904063642,6.2334331765343,1,1,0,0.839311740642082,0.179515182406469,1,-0.219858165354467,1,24,45,4.8098010508176,9.94202675153203,4.8098010508176,4.8098010508176,9.94202675153203,4.8098010508176,0.524408327297987,0.712003614895876,0.524408327297987,0.518281620368816,0.663656991125123,0.518281620368816
2.00948730918974,4.45658438542553,0,1,0,0.656185980340921,-1.37875007738322,0,-0.219858165354467,1,24,45,2.88528427042559,6.88623604630983,2.88528427042559,2.88528427042559,6.88623604630983,2.88528427042559,0.436533983464199,0.487027119615844,0.436533983464199,0.452359299379188,0.490286084492567,0.452359299379188
6.18374246443893,5.97852342159391,0,1,0,0.181395467823606,0.424318496635164,0,-0.219858165354467,1,24,45,3.73877181940934,6.01881800599607,3.73877181940934,3.73877181940934,6.01881800599607,3.73877181940934,0.517441631757735,0.521319498301035,0.517441631757735,0.513061184823279,0.515966668344457,0.513061184823279
6.63789896713414,4.17246811246784,1,1,1,-0.488595906556971,-0.835961481380258,0,-0.219858165354467,1,24,45,3.93734069098424,3.93734069098424,1.13850909263277,3.93734069098424,3.93734069098424,1.13850909263277,0.521120085827272,0.521120085827272,0.492957534633433,0.515817237855688,0.515817237855688,0.494727097545964
9.80227532829801,8.19744014977002,1,1,1,0.104367446138757,1.21155502998409,0,-0.219858165354467,1,24,45,7.93981790006831,7.93981790006831,4.37195230938857,7.93981790006831,7.93981790006831,4.37195230938857,0.458031645665336,0.458031645665336,0.456754971468306,0.468542525524993,0.468542525524993,0.46758332299982
8.90687585568717,7.20693115955811,1,1,0,1.24567856885698,1.69969698722167,1,-0.219858165354467,1,24,45,7.1427165120626,15.131686360433,7.1427165120626,7.1427165120626,15.131686360433,7.1427165120626,0.391243629215009,0.682350408021485,0.391243629215009,0.417944919030741,0.639598833052775,0.417944919030741
-0.496146056315851,-1.0457623498069,0,1,0,-1.53314829859073,-1.05182753166039,0,-0.219858165354467,1,24,45,-1.16646174171489,2.0398794146439,-1.16646174171489,-1.16646174171489,2.0398794146439,-1.16646174171489,0.473742038135789,0.732692311793425,0.473742038135789,0.480331830510729,0.680845553722554,0.480331830510729
5.12350303110329,2.03385574345234,0,0,0,-0.031321457866778,0.936618790545388,1,-0.219858165354467,1,24,45,3.8256382619388,9.8028930207415,3.8256382619388,3.8256382619388,9.8028930207415,3.8256382619388,0.484538627191331,0.60131840896241,0.484538627191331,0.48842221118922,0.576364582883208,0.48842221118922
5.39598414761506,5.2238518021789,1,1,0,-0.0345241446069872,1.87082348076503,1,-0.219858165354467,1,24,45,4.75343757867803,13.3534180748598,4.75343757867803,4.75343757867803,13.3534180748598,4.75343757867803,0.364055497892924,0.478892809391177,0.364055497892924,0.39697633544626,0.484192418308386,0.39697633544626
5.1133960634892,2.62339734802763,1,1,0,0.328134551578404,-0.297452380477472,0,-0.219858165354467,1,24,45,3.3104791098063,5.49895702845802,3.3104791098063,3.3104791098063,5.49895702845802,3.3104791098063,0.521758117648179,0.534426988022662,0.521758117648179,0.516295358039631,0.525795266327662,0.516295358039631
8.0845370939582,9.93790910551475,0,1,1,0.576062048790118,-0.401982231472197,1,-0.219858165354467,1,24,45,8.96339396765437,8.96339396765437,3.70180425323501,8.96339396765437,8.96339396765437,3.70180425323501,0.668933731804802,0.668933731804802,0.518311880599497,0.628904446929177,0.628904446929177,0.513713145219715
7.89321881610231,9.35211547593373,0,1,1,0.18264245817355,-0.0998832252613189,1,-0.219858165354467,1,24,45,8.32704073690135,8.32704073690135,3.21706407821275,8.32704073690135,8.32704073690135,3.21706407821275,0.643490491380455,0.643490491380455,0.525456192796606,0.608896933677098,0.608896933677098,0.519067101426742
9.86925030534593,8.38917493942251,1,1,1,1.08192221924096,-0.943238386974847,1,-0.219858165354467,1,24,45,10.161967093297,10.161967093297,4.17226843863404,10.161967093297,10.161967093297,4.17226843863404,0.723883530932432,0.723883530932432,0.483951720113048,0.673482255288257,0.673482255288257,0.487982581023423
2.94448474233653,5.51390514471456,1,1,1,-2.13580591808044,0.424555132658222,1,-0.219858165354467,1,24,45,4.38485274429075,4.38485274429075,-0.895394316375692,4.38485274429075,4.38485274429075,-0.895394316375692,0.939708373067314,0.939708373067314,0.517432159696679,0.892620509659557,0.892620509659557,0.513054088894884
10.768265977328,10.1839486711588,1,1,1,-0.0740738428869396,0.340121017545212,1,-0.219858165354467,1,24,45,8.35931802547429,8.35931802547429,3.1436357188983,8.35931802547429,8.35931802547429,3.1436357188983,0.635828023056325,0.635828023056325,0.520476010550549,0.602933199781735,0.602933199781735,0.515334614044822
2.49620319049954,2.79436232306324,0,1,0,-0.629606699132643,0.90955057357721,0,-0.219858165354467,1,24,45,2.60199956243889,5.52928180833352,2.60199956243889,2.60199956243889,5.52928180833352,2.60199956243889,0.48689593689614,0.533629219828495,0.48689593689614,0.490187835196734,0.525196640246783,0.490187835196734
9.48448362416618,8.47437286215119,0,1,1,0.956137981503353,1.31666471218659,0,-0.219858165354467,1,24,45,10.0142090266377,10.0142090266377,6.18060306232026,10.0142090266377,10.0142090266377,6.18060306232026,0.551824613802281,0.551824613802281,0.444327213566016,0.538868380687538,0.538868380687538,0.458234344977278
2.76760862164618,1.15095762054809,1,1,0,-0.420337497283055,-1.09661257812142,1,-0.219858165354467,1,24,45,1.01437481443944,7.31693396093354,1.01437481443944,1.01437481443944,7.31693396093354,1.01437481443944,0.469213797591939,0.606476367783446,0.469213797591939,0.476936191522129,0.58030883822372,0.476936191522129
9.64404431887193,10.4759747806092,1,1,1,0.441615908275956,0.861919038863363,1,-0.219858165354467,1,24,45,10.5397176720974,10.5397176720974,4.69681324254224,10.5397176720974,10.5397176720974,4.69681324254224,0.62907251671982,0.62907251671982,0.490877425905321,0.597696468033907,0.597696468033907,0.493169512431517
6.68202605932387,5.67117647532917,1,1,1,-0.356373204226383,0.0837126743995853,0,-0.219858165354467,1,24,45,4.42963646492892,4.42963646492892,2.32262865307379,4.42963646492892,4.42963646492892,2.32262865307379,0.540521571066992,0.540521571066992,0.525596000944415,0.530370696948872,0.530370696948872,0.519171907785857
1.35512221173592,0.546631325497552,1,1,0,-1.0988729356657,-0.0260467627973695,1,-0.219858165354467,1,24,45,0.727869752998192,5.82854818685041,0.727869752998192,0.727869752998192,5.82854818685041,0.727869752998192,0.525894049553463,0.759750922859464,0.525894049553463,0.519395343010974,0.703931458916149,0.519395343010974
-0.88434847907399,-0.234838987510503,1,1,0,-2.1012758426833,0.339654395853008,0,-0.219858165354467,1,24,45,-0.911234902386617,1.30413020623566,-0.911234902386617,-0.911234902386617,1.30413020623566,-0.911234902386617,0.520490961184854,0.89995902047657,0.520490961184854,0.515345816697103,0.842300739198899,0.515345816697103
3.94926961944272,4.36131637558838,0,1,1,-0.490599720687655,-0.166825987813978,0,0.305010620068555,1,22,46,3.88677400266622,3.88677400266622,1.75894309245611,3.88677400266622,3.88677400266622,1.75894309245611,0.491095547033418,0.491095547033418,0.462753915942168,0.493332846383877,0.493332846383877,0.472088826771413
5.42502861227318,2.22435585856166,0,1,1,-0.672786230403283,-0.685123871850566,0,0.305010620068555,1,22,46,3.44566690876777,3.44566690876777,0.876272188988264,3.44566690876777,3.44566690876777,0.876272188988264,0.4952642389898,0.4952642389898,0.442090868231937,0.496454256008954,0.496454256008954,0.456549516508824
7.4117170416518,8.34769317273359,0,0,1,0.426519332218699,0.440723235880468,0,0.305010620068555,1,22,46,6.49496739260821,6.49496739260821,4.20073042196326,6.49496739260821,6.49496739260821,4.20073042196326,0.476319596427639,0.476319596427639,0.454948894628841,0.482263979448549,0.482263979448549,0.466226013625264
8.52557723154125,6.19926723029206,0,1,1,0.343814348942344,0.796786151302124,0,0.305010620068555,1,22,46,7.12625154173906,7.12625154173906,4.39138337083221,7.12625154173906,7.12625154173906,4.39138337083221,0.448159746580064,0.448159746580064,0.434392739619548,0.461119842118165,0.461119842118165,0.450743167251352
11.4785948589081,9.61889253272981,0,1,1,-0.943551884067071,1.46385652774333,1,0.305010620068555,1,22,46,9.72659721507134,9.72659721507134,2.48372128125458,9.72659721507134,9.72659721507134,2.48372128125458,0.58513824330489,0.58513824330489,0.366029134556677,0.56404278219719,0.56404278219719,0.398508344340671
12.1444421286527,12.9539516990958,1,1,1,1.65097476135444,-1.76301492372034,1,0.305010620068555,1,22,46,12.6541247418946,12.6541247418946,4.44590312063393,12.6541247418946,12.6541247418946,4.44590312063393,0.737298923828526,0.737298923828526,0.324659512092363,0.684724376630407,0.684724376630407,0.366002224315353
2.27756253327805,1.71038725546173,1,1,0,-0.278659863708537,-1.28145799904339,0,0.305010620068555,1,22,46,1.06819079518494,4.81032539849722,1.06819079518494,1.06819079518494,4.81032539849722,1.06819079518494,0.388302170077126,0.397063771709177,0.388302170077126,0.415689512372959,0.422399179003538,0.415689512372959
8.55397952865947,7.86495169669815,0,1,1,-0.115918049090536,1.05270271460724,0,0.305010620068555,1,22,46,6.936018143413,6.936018143413,3.72783513807156,6.936018143413,6.936018143413,3.72783513807156,0.414091042445571,0.414091042445571,0.412550610247697,0.435371904576042,0.435371904576042,0.434201589455319
7.36731943500234,9.47299434132943,1,1,1,-0.635639318547136,1.70483873969906,0,0.305010620068555,1,22,46,8.34700375262888,8.34700375262888,3.34052862425019,8.34700375262888,8.34700375262888,3.34052862425019,0.376931307889442,0.376931307889442,0.333116171893012,0.406941956537927,0.406941956537927,0.372720213207488
7.26569482345857,4.66830326692054,1,1,1,-0.175942183187227,-1.81855431460681,0,0.305010620068555,1,22,46,6.14366963583918,6.14366963583918,0.736529840664129,6.14366963583918,6.14366963583918,0.736529840664129,0.319617221603991,0.319617221603991,0.316427124262072,0.361976404047754,0.361976404047754,0.359421253009941
2.06826232259041,1.58723534115274,1,0,1,-1.86945599899665,-1.55856696983547,0,0.305010620068555,1,22,46,2.13862055327876,2.13862055327876,-2.39051044618337,2.13862055327876,2.13862055327876,-2.39051044618337,0.741053335433662,0.741053335433662,0.353531435884952,0.687900539222604,0.687900539222604,0.38877799019199
1.36417180801207,1.36207878746176,0,1,0,-1.00547606419406,0.268097327297077,0,0.305010620068555,1,22,46,1.16411372055435,3.33598989745819,1.16411372055435,1.16411372055435,3.33598989745819,1.16411372055435,0.460686196643807,0.579284838883119,0.460686196643807,0.470536338265569,0.559602340749587,0.470536338265569
8.29965816555803,7.44650556817147,1,0,1,0.0295841601693276,-1.11316478250118,1,0.305010620068555,1,22,46,8.19210789248377,8.19210789248377,1.85297205948287,8.19210789248377,8.19210789248377,1.85297205948287,0.523612529752133,0.523612529752133,0.406561393135614,0.517685141557235,0.517685141557235,0.429645372784837
4.74399581779099,7.15596382155228,0,1,1,0.00518238343683225,0.435868432712214,0,0.305010620068555,1,22,46,5.64318301186628,5.64318301186628,3.35320172123127,5.64318301186628,5.64318301186628,3.35320172123127,0.455151399560948,0.455151399560948,0.455148254115161,0.46637822180835,0.46637822180835,0.466375857647186
8.97617998313528,9.92895525242334,1,1,1,1.01894806891457,-0.947187807857166,1,0.305010620068555,1,22,46,9.99484159497063,9.99484159497063,3.99767685161737,9.99484159497063,9.99484159497063,3.99767685161737,0.656985640803782,0.656985640803782,0.422253106153755,0.619467387268041,0.619467387268041,0.441562983557251
3.1920969682358,3.15760364610678,1,0,1,-0.970202534070092,0.376752124026287,0,0.305010620068555,1,22,46,3.58525774048982,3.58525774048982,1.3433155775315,3.58525774048982,3.58525774048982,1.3433155775315,0.567991098547918,0.567991098547918,0.457399606692256,0.551057102150529,0.551057102150529,0.468067681436039
4.84490694273708,5.86353632114555,1,1,1,-0.937812892493782,-0.612025562145917,1,0.305010620068555,1,22,46,5.89389246323194,5.89389246323194,0.419317174511914,5.89389246323194,5.89389246323194,0.419317174511914,0.662340476489172,0.662340476489172,0.446514251051428,0.623687265682902,0.623687265682902,0.459881237890041
8.25490016920501,9.24966160719168,0,1,1,-0.611738999949601,1.72752193228275,0,0.305010620068555,1,22,46,8.49534448054688,8.49534448054688,3.41101245402894,8.49534448054688,8.49534448054688,3.41101245402894,0.370176533317274,0.370176533317274,0.329840078640117,0.401722345728661,0.401722345728661,0.37012258458364
8.68974723262407,9.17827641679788,1,1,1,0.273121720134741,-1.03614737969198,1,0.305010620068555,1,22,46,8.59066597466545,8.59066597466545,2.4170645822229,8.59066597466545,8.59066597466545,2.4170645822229,0.540062652418616,0.540062652418616,0.414136424761187,0.53002602588726,0.53002602588726,0.435406373648766
9.91398788204565,9.76082137440828,1,1,1,1.45594773268328,-1.20495286052593,0,0.305010620068555,1,22,46,8.16582252257563,8.16582252257563,4.61391112648602,8.16582252257563,8.16582252257563,4.61391112648602,0.641834206014971,0.641834206014971,0.396886881428132,0.607605601245565,0.607605601245565,0.42226396157535
4.8848122097258,4.67819652692185,1,1,1,-1.67208929726888,0.236406776138951,1,0.305010620068555,1,22,46,4.95508486705101,4.95508486705101,-0.200803296753404,4.95508486705101,4.95508486705101,-0.200803296753404,0.839184583607803,0.839184583607803,0.461436613747516,0.77722607567002,0.77722607567002,0.471099822694794
2.44829254777861,3.00432574850163,1,1,1,-1.01380400671245,-0.373561331591903,0,0.305010620068555,1,22,46,2.74534724508931,2.74534724508931,0.505799176628591,2.74534724508931,2.74534724508931,0.505799176628591,0.578103403596644,0.578103403596644,0.457511849968721,0.558707094919327,0.558707094919327,0.468152012191545
4.32173236825229,4.32357797832907,0,1,1,-0.523152597484494,-0.245008302253479,0,-0.119154723727904,1,22,47,3.85451772276399,3.85451772276399,1.69448865459086,3.85451772276399,3.85451772276399,1.69448865459086,0.543425921210124,0.543425921210124,0.511227206227693,0.532552596509228,0.532552596509228,0.508406544692284
10.5721909534457,10.3449088963176,1,1,1,0.53254145313216,0.17753841596792,1,-0.119154723727904,1,22,47,9.35994336318997,9.35994336318997,4.22842347404557,9.35994336318997,9.35994336318997,4.22842347404557,0.658669393571823,0.658669393571823,0.512572366220675,0.620792638089992,0.620792638089992,0.509413947551371
4.22659921330311,2.01030830098404,1,1,1,-1.53431580433758,-1.03034107518111,0,-0.119154723727904,1,22,47,2.04843219916243,2.04843219916243,-1.11317053204294,2.04843219916243,2.04843219916243,-1.11317053204294,0.725225711724274,0.725225711724274,0.464005208290362,0.674599760782012,0.674599760782012,0.473028098422764
8.8963762808314,5.79351673129871,0,1,1,-0.133593799994422,-0.37872717305377,1,-0.119154723727904,1,22,47,7.58332165038001,7.58332165038001,2.33988737877071,7.58332165038001,7.58332165038001,2.33988737877071,0.624853488831257,0.624853488831257,0.507291044489784,0.594435450464293,0.594435450464293,0.505459026516262
4.03910750882582,3.37034900758793,1,1,1,-0.9138529120152,-0.562643856899039,0,-0.119154723727904,1,22,47,3.01202058059011,3.01202058059011,0.595452470883887,3.01202058059011,3.01202058059011,0.595452470883887,0.596514399950462,0.596514399950462,0.499118082082776,0.572698371419605,0.572698371419605,0.499339699585368
9.02307709680663,10.4840298831815,0,1,1,0.646346476911058,0.45772149387671,1,-0.119154723727904,1,22,47,10.0457255654689,10.0457255654689,4.73621659951215,10.0457255654689,10.0457255654689,4.73621659951215,0.665354695473735,0.665354695473735,0.504172131748185,0.626069397124331,0.626069397124331,0.503123728809999
5.10654138101784,5.67022863761547,0,1,1,-0.85087454143219,0.421154159528932,0,-0.119154723727904,1,22,47,3.9825780545664,3.9825780545664,1.70520722847788,3.9825780545664,3.9825780545664,1.70520722847788,0.590186425673469,0.590186425673469,0.505689195903177,0.567879358302661,0.567879358302661,0.504259616344117
11.8014801041883,11.4222960430637,1,1,1,2.33716465404057,-1.24282849992509,0,-0.119154723727904,1,22,47,10.0619256401954,10.0619256401954,6.41730295996937,10.0619256401954,10.0619256401954,6.41730295996937,0.915290345171919,0.915290345171919,0.441400530650606,0.860732278173015,0.860732278173015,0.456029256969917
11.2036680921049,10.7778427130054,1,0,1,0.487367390222385,1.59096369678925,0,-0.119154723727904,1,22,47,10.1826661135487,10.1826661135487,5.55150062904735,10.1826661135487,10.1826661135487,5.55150062904735,0.423186402282497,0.423186402282497,0.396033808332847,0.442269893277944,0.442269893277944,0.421611722121281
2.69050190755347,-0.196641798038364,1,0,0,-0.92317530528058,-0.461202114929177,0,-0.119154723727904,1,22,47,0.678249426322989,2.99095681713814,0.678249426322989,0.678249426322989,2.99095681713814,0.678249426322989,0.504021147330143,0.603175318592698,0.504021147330143,0.503010682321816,0.577783580362786,0.503010682321816
7.19281476578518,4.96388112352721,1,0,1,0.468259218681815,-0.386556626183404,0,-0.119154723727904,1,22,47,5.78518998823985,5.78518998823985,3.53576396299355,5.78518998823985,5.78518998823985,3.53576396299355,0.532841932751953,0.532841932751953,0.507008235554723,0.524605939672988,0.524605939672988,0.505247265152546
12.1093031759938,9.97369237674967,0,1,1,0.108857049405829,1.7089208030281,0,-0.119154723727904,1,22,47,9.93284736467528,9.93284736467528,4.91243705365308,9.93284736467528,9.93284736467528,4.91243705365308,0.379871627438197,0.379871627438197,0.378550975516492,0.409208482822334,0.409208482822334,0.408190872055301
12.2709983214344,9.35270290058758,1,1,1,0.793005894257467,0.0267230109173397,1,-0.119154723727904,1,22,47,9.69925107055809,9.69925107055809,4.5985369512456,9.69925107055809,9.69925107055809,4.5985369512456,0.695768089018782,0.695768089018782,0.514025691758188,0.650407958768519,0.650407958768519,0.510502430412687
6.81441740033779,6.15430331711326,0,1,1,-1.99290760816087,1.54689505178333,0,-0.119154723727904,1,22,47,5.03976628850668,5.03976628850668,0.54688198727492,5.03976628850668,5.03976628850668,0.54688198727492,0.816164263931739,0.816164263931739,0.402308649965782,0.75493801723788,0.75493801723788,0.426404061616768
11.1565098595623,10.0240485423212,1,1,1,1.27558648695512,0.236856484760369,1,-0.119154723727904,1,22,47,10.929932604857,10.929932604857,5.77383161048393,10.929932604857,10.929932604857,5.77383161048393,0.784739085851096,0.784739085851096,0.511412555718073,0.725980076344722,0.725980076344722,0.508545351021846
3.80549783644179,1.8456200297486,0,0,0,0.478741938011882,-0.626792217301017,0,-0.119154723727904,1,22,47,3.31649381053607,5.8093622942052,3.31649381053607,3.31649381053607,5.8093622942052,3.31649381053607,0.495516140125338,0.522551414123937,0.495516140125338,0.496642863440972,0.516889864187225,0.496642863440972
10.6109535614556,8.84214540022198,1,1,1,0.960532795289067,0.621444505009464,0,-0.119154723727904,1,22,47,8.01450552020738,8.01450552020738,5.52831224740093,8.01450552020738,8.01450552020738,5.52831224740093,0.603285854141761,0.603285854141761,0.495831246911452,0.577868082447185,0.577868082447185,0.496878794067863
11.079153537556,10.0697656457161,1,1,1,2.69116083060623,-0.761038372072709,0,-0.119154723727904,1,22,47,10.2862648447202,10.2862648447202,7.60708544095307,10.2862648447202,10.2862648447202,7.60708544095307,0.969187535077197,0.969187535077197,0.486723466802142,0.937318185141612,0.937318185141612,0.490058662733586
4.005865131835,3.50789241554404,0,1,0,-1.10095278876993,1.30746688147039,0,-0.119154723727904,1,22,47,2.09136345574386,5.90083310188578,2.09136345574386,2.09136345574386,5.90083310188578,2.09136345574386,0.433734031940189,0.57585340378299,0.433734031940189,0.450245822236577,0.557003024080385,0.450245822236577
2.26857590135145,3.14793107758488,1,1,1,-1.68266717806545,0.116827548021633,0,-0.119154723727904,1,22,47,1.85094401968081,1.85094401968081,-0.262704656295934,1.85094401968081,1.85094401968081,-0.262704656295934,0.802148610955795,0.802148610955795,0.513415503600185,0.741834212610235,0.741834212610235,0.510045413941091
4.77988085857654,3.56435986512414,0,0,1,-1.11400803681192,0.473730894864936,0,-0.119154723727904,1,22,47,3.55593793380396,3.55593793380396,1.23151697305442,3.55593793380396,3.55593793380396,1.23151697305442,0.645789743935999,0.645789743935999,0.503468192345222,0.610691664850924,0.610691664850924,0.502596670787523
9.77709489958699,7.48311895180781,0,1,1,0.699776477643675,0.690087223437007,0,-0.119154723727904,1,22,47,7.65166270648868,7.65166270648868,5.07544233053769,7.65166270648868,7.65166270648868,5.07544233053769,0.54922276846945,0.54922276846945,0.491581833221862,0.536910745418012,0.536910745418012,0.493696983953427
2.90082797044795,3.08981819488083,1,1,1,-0.725100358905057,0.525645420070113,1,1.70391744306356,0,22,48,4.02276773705431,4.02276773705431,-1.35353537058638,4.02276773705431,4.02276773705431,-1.35353537058638,0.583209341037049,0.583209341037049,0.404990829306921,0.562578568676794,0.562578568676794,0.428448943807238
1.81372377158759,4.61044992865202,0,1,1,-0.069318435112054,-0.105188011149732,0,1.70391744306356,0,22,48,2.06909299468926,2.06909299468926,-0.0419715230003725,2.06909299468926,2.06909299468926,-0.0419715230003725,0.417686471090917,0.417686471090917,0.41713411633278,0.438101112187714,0.438101112187714,0.437682042413121
-4.48826428308321,-1.48748683375661,0,1,0,-1.04041971191083,-0.919188491490729,0,1.70391744306356,0,22,48,-1.98417407659793,0.96073340629107,-1.98417407659793,-1.98417407659793,0.96073340629107,-1.98417407659793,0.37934528522249,0.504790709978842,0.37934528522249,0.408802995421491,0.503586879544364,0.408802995421491
3.17871765114994,3.15485505090307,0,1,0,1.05225166918706,0.459970877317801,1,1.70391744306356,0,22,48,2.20116868559786,7.51274189357837,2.20116868559786,2.20116868559786,7.51274189357837,2.20116868559786,0.407944694940183,0.651008857558262,0.407944694940183,0.430698572768491,0.614774882294097,0.430698572768491
1.08416147146866,3.16567457185742,0,0,0,0.799838858802374,1.31316024223739,0,1.70391744306356,0,22,48,1.69634306482848,5.52073288662145,1.69634306482848,1.69634306482848,5.52073288662145,1.69634306482848,0.340954604971111,0.411903676749465,0.340954604971111,0.378911212682538,0.433709908833713,0.378911212682538
0.618753890278382,4.34122816425196,0,0,1,-0.765392505325841,-1.63959631009784,0,1.70391744306356,0,22,48,3.3541563966585,3.3541563966585,-1.43411966342795,3.3541563966585,3.3541563966585,-1.43411966342795,0.362601302464778,0.362601302464778,0.301069257807794,0.395846459095281,0.395846459095281,0.347026344710412
3.06632905024017,4.79304554994276,0,1,0,2.15218964659342,-0.836938609129036,0,1.70391744306356,0,22,48,4.40104464041057,7.20151087586141,4.40104464041057,4.40104464041057,7.20151087586141,4.40104464041057,0.385805205885193,0.850550872771672,0.385805205885193,0.413772598157134,0.788634218794049,0.413772598157134
-3.40808013187654,-3.50704860614428,1,1,0,-1.26733072553349,0.297283047867755,0,1.70391744306356,0,22,48,-2.43799610384324,-0.249618893293699,-2.43799610384324,-2.43799610384324,-0.249618893293699,-2.43799610384324,0.413583978474568,0.600969261234405,0.413583978474568,0.434986739957439,0.576097893413955,0.434986739957439
-2.42755789296481,0.184587078369072,0,1,0,-0.60927542535016,0.461876789398938,1,1.70391744306356,0,22,48,-1.12188550347658,4.19144466510889,-1.12188550347658,-1.12188550347658,4.19144466510889,-1.12188550347658,0.407864433554742,0.568276477776013,0.407864433554742,0.430637478995418,0.551272696275447,0.430637478995418
-1.21737696904426,0.204449198387984,1,1,0,-0.102443897994768,0.681227135644482,0,1.70391744306356,0,22,48,-0.108222448765801,2.45584796157259,-0.108222448765801,-0.108222448765801,2.45584796157259,-0.108222448765801,0.396460011401905,0.397648548682853,0.396460011401905,0.421937615585279,0.422846121059271,0.421937615585279
-1.74695220367803,1.04384484462631,1,1,0,-0.573193105853378,-0.661325135406301,0,1.70391744306356,0,22,48,-1.04972086448302,1.48763007023714,-1.04972086448302,-1.04972086448302,1.48763007023714,-1.04972086448302,0.397670421188112,0.435397188876392,0.397670421188112,0.422862836032295,0.45150139702893,0.422862836032295
3.08647930412191,3.87273700707172,1,1,0,1.16225919174402,-0.282348636161372,0,1.70391744306356,0,22,48,2.42118373071177,4.60090448305395,2.42118373071177,2.42118373071177,4.60090448305395,2.42118373071177,0.413981057797837,0.572106588512967,0.413981057797837,0.435288366120883,0.554167828131412,0.435288366120883
8.74280112759048,10.0016568723237,1,1,1,1.51631604493747,-0.0860406778199765,1,1.70391744306356,0,22,48,8.2367004353384,8.2367004353384,3.12929743709868,8.2367004353384,8.2367004353384,3.12929743709868,0.773895227805455,0.773895227805455,0.417302456571207,0.716316777999108,0.716316777999108,0.437809769577993
2.60197273519079,5.34174589833475,0,1,1,0.605250085021169,-0.211778743299485,0,1.70391744306356,0,22,48,3.45201575337958,3.45201575337958,1.30716551726607,3.45201575337958,3.45201575337958,1.30716551726607,0.458133126038526,0.458133126038526,0.415581673643805,0.468618762083972,0.468618762083972,0.436503803358731
4.40538523137709,5.88393265081167,1,0,1,-0.627053727105998,-0.00899428177114179,1,1.70391744306356,0,22,48,3.94263879011632,3.94263879011632,-1.15744210698826,3.94263879011632,3.94263879011632,-1.15744210698826,0.580669512594941,0.580669512594941,0.417639148998053,0.560652012213795,0.560652012213795,0.438065212010071
4.71128624130963,8.45828607659358,0,1,1,0.0423777506094111,-0.279212697709714,1,1.70391744306356,0,22,48,5.35938057900489,5.35938057900489,0.181420848442558,5.35938057900489,5.35938057900489,0.181420848442558,0.531436355999042,0.531436355999042,0.414061850472564,0.523551482576617,0.523551482576617,0.435349732218236
-0.291973964228508,2.03093930886229,0,1,0,0.803876257712693,0.652841533975988,1,1.70391744306356,0,22,48,1.70441786264912,7.23061993113324,1.70441786264912,1.70441786264912,7.23061993113324,1.70441786264912,0.398175826153223,0.590143526652041,0.398175826153223,0.42324902518342,0.567846726905463,0.42324902518342
3.68417850157734,5.12102725211112,1,1,1,0.512938752503922,0.682195201994856,0,1.70391744306356,0,22,48,3.68793314585638,3.68793314585638,1.12254285223158,3.68793314585638,3.68793314585638,1.12254285223158,0.426514235374769,0.426514235374769,0.396400251019585,0.44478890638653,0.44478890638653,0.421891923650708
1.11975742772527,2.72187768867746,0,1,1,-1.5757047385751,-1.74503618582756,0,1.70391744306356,0,22,48,2.09040715992113,2.09040715992113,-3.05474412992647,2.09040715992113,2.09040715992113,-3.05474412992647,0.565828932600771,0.565828932600771,0.286965522994212,0.549424185964477,0.549424185964477,0.335494994240646
0.280974134016418,3.8123329019101,1,1,0,0.899220742278615,0.0916446385207711,0,1.70391744306356,0,22,48,1.89510683178096,4.00350557155057,1.89510683178096,1.89510683178096,4.00350557155057,1.89510683178096,0.417256675022542,0.511955963375545,0.417256675022542,0.437775033790392,0.508952310007971,0.437775033790392
0.793608222259616,1.37689870836888,0,1,1,-0.372907537204877,0.495826282180348,0,1.70391744306356,0,22,48,1.69669397491477,1.69669397491477,-0.649149727186018,1.69669397491477,1.69669397491477,-0.649149727186018,0.422331701293075,0.422331701293075,0.406380001490855,0.441622521868726,0.441622521868726,0.42950722743108
0.211202307283323,0.655915896697078,0,1,0,0.0507198161406689,-1.31288055991544,1,1.70391744306356,0,22,48,0.198104979505073,7.02176034410895,0.198104979505073,0.198104979505073,7.02176034410895,0.198104979505073,0.340985924243743,0.454000265766755,0.340985924243743,0.378935883209442,0.465512926591623,0.378935883209442
6.72934591294427,11.1743389570179,0,0,1,1.15261945702276,-1.3612634964335,0,-0.506694605893005,1,20,49,7.64027430069331,7.64027430069331,3.68723599397096,7.64027430069331,7.64027430069331,3.68723599397096,0.626448623022282,0.626448623022282,0.472348237969779,0.595667546029896,0.595667546029896,0.479286825187052
3.93083731954358,8.77302413338758,1,0,0,0.898193571041351,0.125191626379446,0,-0.506694605893005,1,20,49,4.66483934482108,6.78051228813661,4.66483934482108,4.66483934482108,6.78051228813661,4.66483934482108,0.558801102047465,0.649767897439036,0.558801102047465,0.544122708125991,0.613802812499404,0.544122708125991
5.98363949021177,9.43196924816246,0,0,0,0.972498607632862,2.1414852355737,0,-0.506694605893005,1,20,49,6.82974302719835,13.5157020413785,6.82974302719835,6.82974302719835,13.5157020413785,6.82974302719835,0.348021909073729,0.455039064720122,0.348021909073729,0.384465366936331,0.466293788566226,0.384465366936331
4.13605930576221,6.26557919012939,1,0,0,0.15280213481392,0.309593811868761,0,-0.506694605893005,1,20,49,3.35845865785553,5.55430698620296,3.35845865785553,3.35845865785553,5.55430698620296,3.35845865785553,0.555062871903244,0.557785079990084,0.555062871903244,0.541306290590929,0.543356995996748,0.541306290590929
2.02556016050521,7.6263364563452,0,0,0,-0.066593250037312,0.733547943561806,0,-0.506694605893005,1,20,49,3.34362201984611,5.98171460534987,3.34362201984611,3.34362201984611,5.98171460534987,3.34362201984611,0.53434689344122,0.534867894356689,0.53434689344122,0.525735162439023,0.526126138962764,0.525735162439023
1.34887627233649,6.48423515527158,1,0,0,-0.375142516105734,0.218610466651444,1,-0.506694605893005,1,20,49,2.21158601079891,7.35937654692847,2.21158601079891,2.21158601079891,7.35937654692847,2.21158601079891,0.557304337067927,0.683618491497563,0.557304337067927,0.542994751265838,0.640615327406098,0.542994751265838
5.4016834857512,10.8491502480827,0,1,1,-0.258796345788494,-0.21121364727749,1,-0.506694605893005,1,20,49,7.15906544230071,7.15906544230071,2.01445423750445,7.15906544230071,7.15906544230071,2.01445423750445,0.676123761301941,0.676123761301941,0.557452546984668,0.634622132330083,0.634622132330083,0.543106424811434
2.24629653121121,5.81940731876358,1,0,0,0.118406777899263,-0.187216407843179,1,-0.506694605893005,1,20,49,2.79285772431428,7.92790770767998,2.79285772431428,2.79285772431428,7.92790770767998,2.79285772431428,0.557898200707696,0.670993864380523,0.557898200707696,0.543442239290616,0.630539629249484,0.543442239290616
0.865996920331144,5.89026166960028,0,0,0,-1.42816532981278,1.15783565749549,0,-0.506694605893005,1,20,49,1.04476557422886,4.48534898399688,1.04476557422886,1.04476557422886,4.48534898399688,1.04476557422886,0.496513828823059,0.72155080501562,0.496513828823059,0.497389861224955,0.671543704340006,0.497389861224955
5.75712360884333,8.82009881457784,1,0,0,1.04628004062349,0.135310107085303,0,-0.506694605893005,1,20,49,4.97113076469122,7.08943958977066,4.97113076469122,4.97113076469122,7.08943958977066,4.97113076469122,0.558678300939307,0.680089511467308,0.558678300939307,0.544030151243447,0.637789017596421,0.544030151243447
-0.358184672011105,4.16347373427688,0,0,0,-2.13578954903344,1.62973297078407,1,-0.506694605893005,1,20,49,0.101414449076117,7.85744400513679,0.101414449076117,0.101414449076117,7.85744400513679,0.101414449076117,0.434768973219707,0.9168812466092,0.434768973219707,0.451027197799839,0.862707408340132,0.451027197799839
0.516731992835342,4.27389903027675,1,0,0,-0.705855808994337,-0.951297082269015,1,-0.506694605893005,1,20,49,0.380251876101243,6.38521801483478,0.380251876101243,0.380251876101243,6.38521801483478,0.380251876101243,0.517072459618236,0.685120375851781,0.517072459618236,0.512784625405335,0.64182056554252,0.512784625405335
3.79860967088567,9.01518380119794,1,0,0,0.79718972859605,-0.366644632559284,0,-0.506694605893005,1,20,49,3.97099540099175,6.20542368757628,3.97099540099175,3.97099540099175,6.20542368757628,3.97099540099175,0.553261913180922,0.625830497061907,0.553261913180922,0.539950244099771,0.595189981140056,0.539950244099771
0.114767599326559,5.4683083518446,0,1,0,-0.858235671779289,0.739414731557083,0,-0.506694605893005,1,20,49,1.76620396435744,4.41293810960107,1.76620396435744,1.76620396435744,4.41293810960107,1.76620396435744,0.533940746510308,0.618723366198262,0.533940746510308,0.525430394929348,0.58970961662738,0.525430394929348
1.37877958732684,4.47462627694565,0,0,0,-1.06691377338973,0.21638391886726,0,-0.506694605893005,1,20,49,0.825816948446735,2.97263894879109,0.825816948446735,0.825816948446735,2.97263894879109,0.825816948446735,0.557349488035107,0.683408833204145,0.557349488035107,0.543028771328678,0.640447194948908,0.543028771328678
0.545596448903102,4.85202389163141,0,0,0,-0.581534617578707,-0.465840342313698,0,-0.506694605893005,1,20,49,1.11435099888782,3.43135822341476,1.11435099888782,1.11435099888782,3.43135822341476,1.11435099888782,0.549402607875648,0.588570756830709,0.549402607875648,0.537046025219114,0.566650732169197,0.537046025219114
0.722313938098897,2.58916763946534,0,0,0,-1.86489335217488,1.44349456825057,0,-0.506694605893005,1,20,49,0.456968440259736,4.64064500882864,0.456968440259736,0.456968440259736,4.64064500882864,0.456968440259736,0.461505837172317,0.817416741054843,0.461505837172317,0.471151799025426,0.756125133023999,0.471151799025426
3.50380995201711,9.45093779282248,1,0,0,1.03130551446789,0.110317967121633,1,-0.506694605893005,1,20,49,4.91618957241634,10.0283596262862,4.91618957241634,4.91618957241634,10.0283596262862,4.91618957241634,0.558964284918497,0.771630170543543,0.558964284918497,0.544245705319196,0.714317273648671,0.544245705319196
3.81875802838756,7.54914633625107,0,0,0,0.662056826409832,-0.242725310317368,1,-0.506694605893005,1,20,49,3.82464891886123,8.98356449512989,3.82464891886123,3.82464891886123,8.98356449512989,3.82464891886123,0.556785648124409,0.712982787732947,0.556785648124409,0.542603957287734,0.66446246199237,0.542603957287734
2.32360436986941,6.95019050435651,1,0,0,0.286037235682527,-0.399350556784199,1,-0.506694605893005,1,20,49,2.91598449093979,8.17546535814364,2.91598449093979,2.91598449093979,8.17546535814364,2.91598449093979,0.55209171241591,0.672880492708248,0.55209171241591,0.539069403432675,0.6320392517079,0.539069403432675
10.6636060072622,14.5788729257976,0,0,1,0.498539577669324,-2.17317614921609,1,0.782645799285796,1,26,50,11.0340631345045,11.0340631345045,1.21136855898286,11.0340631345045,11.0340631345045,1.21136855898286,0.337815585936897,0.337815585936897,0.219514149640265,0.376435932479513,0.376435932479513,0.27782841520196
0.742514220061507,1.55547074464362,0,0,0,-0.212172020302202,-0.480758469719755,0,0.782645799285796,1,26,50,1.48236304253614,3.81349174874342,1.48236304253614,1.48236304253614,3.81349174874342,1.48236304253614,0.39809659277829,0.403209523969766,0.39809659277829,0.423188486757362,0.427091118316678,0.423188486757362
2.35595471852283,4.83026363744248,1,0,0,0.590213196666544,-0.248081881043237,1,0.782645799285796,1,26,50,3.31981006515015,8.4813546848521,3.31981006515015,3.31981006515015,8.4813546848521,3.31981006515015,0.405808741104825,0.563531733071496,0.405808741104825,0.429072102685509,0.547690281290427,0.429072102685509
-1.06222894500104,0.88340890248133,0,0,0,-0.681516254279962,-0.502896641906217,1,0.782645799285796,1,26,50,0.521536402394156,5.87444143483471,0.521536402394156,0.521536402394156,5.87444143483471,0.521536402394156,0.397109676774707,0.568124558197556,0.397109676774707,0.422434267879708,0.55115792425786,0.422434267879708
2.04068212286801,2.81784127647345,0,0,0,-0.465186720831594,-0.693649864100484,1,0.782645799285796,1,26,50,0.763442247096625,6.34459238106325,0.763442247096625,0.763442247096625,6.34459238106325,0.763442247096625,0.386814794310234,0.52844863597504,0.386814794310234,0.414547918689199,0.521310695506477,0.414547918689199
1.2588472491765,3.16187065610619,1,1,0,-0.133707239747889,0.469132399682254,0,0.782645799285796,1,26,50,2.58918347304677,4.9092686814784,2.58918347304677,2.58918347304677,4.9092686814784,2.58918347304677,0.398597393183057,0.400626236427739,0.398597393183057,0.423571091699401,0.425120314566224,0.423571091699401
3.03130146716722,3.91964422701215,0,0,0,0.104825555925104,0.0959777777520557,0,0.782645799285796,1,26,50,2.69309444246256,4.80230617628478,2.69309444246256,2.69309444246256,4.80230617628478,2.69309444246256,0.40819783023719,0.409453594093628,0.40819783023719,0.43089124390575,0.431846793966241,0.43089124390575
0.112759432055136,0.899929006943171,0,0,0,-0.307968208281757,-0.482709803500871,0,0.782645799285796,1,26,50,1.28881933279591,3.62182808719176,1.28881933279591,1.28881933279591,3.62182808719176,1.28881933279591,0.398011356601691,0.408806303975184,0.398011356601691,0.423123359705068,0.431354304647549,0.423123359705068
1.82686352524543,2.79405722920565,0,0,0,0.193597243400971,-0.26507040746204,0,0.782645799285796,1,26,50,2.5095896322002,4.67985195311229,2.5095896322002,2.5095896322002,4.67985195311229,2.5095896322002,0.405411172139242,0.409690426261446,0.405411172139242,0.428769222696029,0.432026958677068,0.428769222696029
1.31605608775356,3.39311312811686,0,0,0,0.345215932995557,-0.0202849485929326,0,0.782645799285796,1,26,50,3.05761247025848,5.1580239493979,3.05761247025848,3.05761247025848,5.1580239493979,3.05761247025848,0.408599987077377,0.422280798303587,0.408599987077377,0.431197304759407,0.441583961402014,0.431197304759407
1.73596107952356,3.49799509125382,0,0,0,0.274445119880855,-0.824370306462929,0,0.782645799285796,1,26,50,2.11198548615908,4.89157188833686,2.11198548615908,2.11198548615908,4.89157188833686,2.11198548615908,0.377941821818626,0.386359775573666,0.377941821818626,0.407721274801786,0.414198528097419,0.407721274801786
-0.413499258731072,-0.901434798157282,1,0,0,-1.53817299761838,0.333177023144921,0,0.782645799285796,1,26,50,-0.355703419231549,1.85530350952016,-0.355703419231549,-0.355703419231549,1.85530350952016,-0.355703419231549,0.403554597590345,0.674363872851502,0.403554597590345,0.427354227600767,0.633219812212082,0.427354227600767
0.951177419862901,3.18400465828724,1,0,0,-0.0705991409566254,0.0367746748638211,1,0.782645799285796,1,26,50,2.28304194581087,7.38439432252221,2.28304194581087,2.28304194581087,7.38439432252221,2.28304194581087,0.408556984062952,0.526154287916286,0.408556984062952,0.431164579507773,0.51959043882116,0.431164579507773
-1.1101356940393,2.6767167183476,0,0,0,-0.987492272771705,1.00613019601951,0,0.782645799285796,1,26,50,1.4186112033364,4.53090917467865,1.4186112033364,1.4186112033364,4.53090917467865,1.4186112033364,0.363240767662342,0.474949239038294,0.363240767662342,0.39634342229242,0.48123681324527,0.39634342229242
0.206455275728852,0.373101427186912,1,0,0,-0.521032678065271,-1.7991996222982,0,0.782645799285796,1,26,50,-0.453799425568446,4.88331985530955,-0.453799425568446,-0.453799425568446,4.88331985530955,-0.453799425568446,0.272040563602182,0.298393634998468,0.272040563602182,0.323119257854879,0.344850159828866,0.323119257854879
3.73230747268872,6.73066429815304,0,0,0,0.938300278386757,1.2329279021806,1,0.782645799285796,1,26,50,5.49699401181441,12.1171052237899,5.49699401181441,5.49699401181441,12.1171052237899,5.49699401181441,0.341272684239262,0.557553583594299,0.341272684239262,0.379161743150532,0.543182556223408,0.379161743150532
3.66308009787728,3.4774944234219,1,0,0,1.29525164818781,-1.44210302089836,0,0.782645799285796,1,26,50,3.53586582833757,7.71552695122174,3.53586582833757,3.53586582833757,7.71552695122174,3.53586582833757,0.317801536054428,0.507454538508638,0.317801536054428,0.360522893849938,0.505581448149316,0.360522893849938
3.36307126356422,4.66637227477814,0,0,0,1.04636099223228,-0.679052966565257,0,0.782645799285796,1,26,50,3.8011345707596,6.36224750216067,3.8011345707596,3.8011345707596,6.36224750216067,3.8011345707596,0.387714849188881,0.515076572111835,0.387714849188881,0.415238822145055,0.511289550516699,0.415238822145055
2.16072103297875,5.82229463874189,1,0,0,-0.16297307498327,1.24102032946685,0,0.782645799285796,1,26,50,3.30253973236061,6.94267119051061,3.30253973236061,3.30253973236061,6.94267119051061,3.30253973236061,0.340419109912515,0.343253908773491,0.340419109912515,0.378489317491507,0.380721035171116,0.378489317491507
7.43720472928638,10.1078461815798,1,0,1,-1.03846453058136,2.01336804404257,0,0.782645799285796,1,26,50,8.47755541651194,8.47755541651194,2.32390453574015,8.47755541651194,8.47755541651194,2.32390453574015,0.348236217671836,0.348236217671836,0.2422636369347,0.384633395925115,0.384633395925115,0.297813718443766
6.17061318675051,5.10487142937374,1,0,0,1.37191845248398,-0.0723004830239084,1,0.782645799285796,1,26,50,5.05900197480435,10.1642293346498,5.05900197480435,5.05900197480435,10.1642293346498,5.05900197480435,0.408379894945965,0.729838042296373,0.408379894945965,0.431029809499562,0.678452060452706,0.431029809499562
3.15894171486096,2.44735271806752,1,0,0,-0.591009831101155,1.8989896064185,0,0.782645799285796,1,26,50,3.10443549707649,8.81059702236198,3.10443549707649,3.10443549707649,8.81059702236198,3.10443549707649,0.25831410949597,0.291484659039249,0.25831410949597,0.311562981372909,0.339206353968082,0.311562981372909
0.564905451481785,4.06347680555281,0,0,0,-0.818832911625253,0.889083911199117,0,0.782645799285796,1,26,50,1.63888364080891,4.52935384196203,1.63888364080891,1.63888364080891,4.52935384196203,1.63888364080891,0.37301706660268,0.449609008686391,0.37301706660268,0.403919515911493,0.462210397037564,0.403919515911493
0.768075028875517,3.45369595764486,1,0,0,-0.939847673099645,1.19091291206115,0,0.782645799285796,1,26,50,1.69868311872216,5.21695668283613,1.69868311872216,1.69868311872216,5.21695668283613,1.69868311872216,0.345629735807854,0.445137063806877,0.345629735807854,0.382588222147111,0.45884427119965,0.382588222147111
1.07975460066914,2.91630798955357,1,0,0,-0.0969664301485747,-0.00762344510116641,1,0.782645799285796,1,26,50,2.18590924746198,7.28596736437719,2.18590924746198,2.18590924746198,7.28596736437719,2.18590924746198,0.408616137575987,0.526735288483778,0.408616137575987,0.431209595141576,0.520026022557035,0.431209595141576
0.202021395145656,1.34300356908325,0,0,0,-2.12856666123934,1.75497497197662,0,0.782645799285796,1,26,50,-0.114692797641776,5.06524435462254,-0.114692797641776,-0.114692797641776,5.06524435462254,-0.114692797641776,0.27801810248808,0.767446951553531,0.27801810248808,0.328098394417416,0.710640972649816,0.328098394417416
1.84019953897979,2.77924791212235,1,1,1,-0.858222964795781,-0.437784718643112,0,-0.355398744844525,1,24,51,3.01111654380569,3.01111654380569,0.719461083928262,3.01111654380569,3.01111654380569,0.719461083928262,0.617685840622919,0.617685840622919,0.5328519882239,0.588911161113561,0.588911161113561,0.524613483907514
2.47630777210126,3.80044635135534,1,0,1,-1.50450433606262,0.513864628054988,0,-0.355398744844525,1,24,51,2.74260454405877,2.74260454405877,0.378547688092678,2.74260454405877,2.74260454405877,0.378547688092678,0.767201897781323,0.767201897781323,0.529446642865902,0.710426266192618,0.710426266192618,0.522059114242774
2.89843800220566,3.21126703657421,0,0,1,-0.848960080863151,0.528138022572651,0,-0.355398744844525,1,24,51,4.08283936389623,4.08283936389623,1.70390959300928,4.08283936389623,4.08283936389623,1.70390959300928,0.612000790927777,0.612000790927777,0.528746773215214,0.584542947828285,0.584542947828285,0.52153426391083
10.7165582415984,9.90293093824057,1,1,1,0.832951886123322,0.280174871551461,1,-0.355398744844525,1,24,51,9.99826833460992,9.99826833460992,4.81977037596104,9.99826833460992,9.99826833460992,4.81977037596104,0.722286828402695,0.722286828402695,0.538168321857743,0.672154855574491,0.672154855574491,0.52860354396986
7.52504320569412,7.05847203509905,1,1,1,0.691956039733741,0.684876855775884,0,-0.355398744844525,1,24,51,7.51153697498376,7.51153697498376,4.9424806674063,7.51153697498376,7.51153697498376,4.9424806674063,0.575751296547989,0.575751296547989,0.519791475550207,0.556925718938565,0.556925718938565,0.514821699445721
3.71975072093477,4.71646289179557,1,1,0,1.21285475837967,-0.821683594894196,0,-0.355398744844525,1,24,51,4.47771765402807,7.25288158414632,4.47771765402807,4.47771765402807,7.25288158414632,4.47771765402807,0.510069917785032,0.676178275877234,0.510069917785032,0.50753988764675,0.634665600494401,0.50753988764675
-1.20858798826021,-0.0356578262897664,0,1,0,-1.02331992503943,-0.220830449422985,0,-0.355398744844525,1,24,51,0.606221432661095,2.75498752005345,0.606221432661095,0.606221432661095,2.75498752005345,0.606221432661095,0.539563853426907,0.65791480621485,0.539563853426907,0.52965143042797,0.620198533520433,0.52965143042797
4.0026624741523,3.59775406325515,0,0,0,-0.0688934508251422,0.283749118210887,0,-0.355398744844525,1,24,51,3.01965394872354,5.200167510809,3.01965394872354,3.01965394872354,5.200167510809,3.01965394872354,0.538073694167865,0.538630725433792,0.538073694167865,0.528532497162602,0.52895073252116,0.528532497162602
2.5533609396245,3.35121301688213,0,0,1,-1.02767338964024,-0.808625669583242,0,-0.355398744844525,1,24,51,2.76359475680815,2.76359475680815,0.00971928329920713,2.76359475680815,2.76359475680815,0.00971928329920713,0.632628738166455,0.632628738166455,0.511074493980368,0.600450792146524,0.600450792146524,0.50829218089384
6.21381271980025,4.34864055398752,0,1,0,-0.0414634308428559,1.96605576521387,0,-0.355398744844525,1,24,51,4.75682063569109,10.7221959076218,4.75682063569109,4.75682063569109,10.7221959076218,4.75682063569109,0.362891642343753,0.363079996545126,0.362891642343753,0.396072120164634,0.396218495119694,0.396072120164634
3.75536059239211,3.1339501371388,0,0,1,-0.578000676780675,-0.660817051232243,0,-0.355398744844525,1,24,51,3.59355250256862,3.59355250256862,1.05687332736934,3.59355250256862,3.59355250256862,1.05687332736934,0.560476007845593,0.560476007845593,0.521317503442822,0.545385369388973,0.545385369388973,0.51596517347787
1.49211070984309,1.34582564578622,1,0,0,-0.972965032271883,0.673271116596598,0,-0.355398744844525,1,24,51,1.60103278421577,4.154326780659,1.60103278421577,1.60103278421577,4.154326780659,1.60103278421577,0.520534444465601,0.629406330238572,0.520534444465601,0.515378399207442,0.597954788171767,0.515378399207442
1.58036785416919,-0.366189993516624,0,1,0,-1.47507992998316,1.91013889935478,0,-0.355398744844525,1,24,51,1.83367077155138,7.58230138637966,1.83367077155138,1.83367077155138,7.58230138637966,1.83367077155138,0.372439138376444,0.623984990706792,0.372439138376444,0.40347274752446,0.593765034145685,0.40347274752446
6.47157785521026,7.67730129428067,0,0,1,0.846459080777105,0.698722519494009,0,-0.355398744844525,1,24,51,7.85354557245921,7.85354557245921,5.26533241321115,7.85354557245921,7.85354557245921,5.26533241321115,0.602074464895133,0.602074464895133,0.518888390394869,0.576942209887436,0.576942209887436,0.514145068349231
3.9877226748461,4.70896234846296,0,0,1,0.22249522277553,-0.878832060420875,0,-0.355398744844525,1,24,51,5.31219590771672,5.31219590771672,2.43985011729312,5.31219590771672,5.31219590771672,2.43985011729312,0.511324109384929,0.511324109384929,0.505483157788867,0.508479114331761,0.508479114331761,0.504105345254187
1.62008838507583,-0.370306516195582,0,0,0,-0.347966692399449,-0.989740758575461,0,-0.355398744844525,1,24,51,1.18801758878858,4.26760435797411,1.18801758878858,1.18801758878858,4.26760435797411,1.18801758878858,0.495699852618346,0.509988712254813,0.495699852618346,0.496780415067253,0.507479076879524,0.496780415067253
10.763949218571,9.96504892393193,1,0,1,1.07535695659457,1.28233626345386,0,-0.355398744844525,1,24,51,10.0511282013747,10.0511282013747,6.30674190880593,10.0511282013747,10.0511282013747,6.30674190880593,0.599513981527493,0.599513981527493,0.464372883458794,0.574986708536662,0.574986708536662,0.473304059283615
10.6459637358745,6.34105372849923,0,1,1,0.240567486325961,-1.20023862569803,1,-0.355398744844525,1,24,51,8.69516083773432,8.69516083773432,2.15458807911683,8.69516083773432,8.69516083773432,2.15458807911683,0.597582559638925,0.597582559638925,0.473959567970341,0.573512949114676,0.573512949114676,0.480494910587736
-1.84982240594675,-2.03877817864918,0,0,0,-1.60807985811342,-1.50969961545897,0,-0.355398744844525,1,24,51,-1.85216759952286,2.52702532939409,-1.85216759952286,-1.85216759952286,2.52702532939409,-1.85216759952286,0.434703813035317,0.723417093981227,0.434703813035317,0.450978008282299,0.673094262333044,0.450978008282299
7.93121870337858,7.48797227440313,0,1,1,1.73707487128148,0.114448287805101,0,-0.355398744844525,1,24,51,8.57538817311252,8.57538817311252,6.46228976253099,8.57538817311252,8.57538817311252,6.46228976253099,0.832493915567827,0.832493915567827,0.54123721446125,0.770641451931971,0.770641451931971,0.530908230773569
8.28474437415714,7.35577566777136,1,1,1,-0.279692386275658,0.612223708424572,1,-0.355398744844525,1,24,51,8.40134853719333,8.40134853719333,2.92653066803619,8.40134853719333,8.40134853719333,2.92653066803619,0.647230573814354,0.647230573814354,0.524232129887853,0.611817602708962,0.611817602708962,0.51814955029508
2.49018403301056,1.62213934544243,1,1,1,-1.81413783591212,0.0971451349335798,0,-0.355398744844525,1,24,51,1.45199837251353,1.45199837251353,-0.657438804727729,1.45199837251353,1.45199837251353,-0.657438804727729,0.850236884027483,0.850236884027483,0.541408932957976,0.788315112105728,0.788315112105728,0.531037220991601
1.35099858934212,2.57330000484905,0,1,0,-0.554698234906048,0.339146560038618,0,-0.355398744844525,1,24,51,2.10344182238946,4.31846221157549,2.10344182238946,2.10344182238946,4.31846221157549,2.10344182238946,0.536453282559695,0.572342571212261,0.536453282559695,0.527316037624794,0.554346304968059,0.527316037624794
0.694675268756382,3.09590748088178,1,1,1,-1.09093095359137,-0.759351791031084,0,-0.355398744844525,1,24,51,2.60909317649122,2.60909317649122,-0.0675219660508969,2.60909317649122,2.60909317649122,-0.0675219660508969,0.650598951741872,0.650598951741872,0.514719542273121,0.614453711047665,0.614453711047665,0.511022126315292
0.363693020333917,0.226673704417414,0,1,0,-0.0899071321654217,-1.46486526558494,1,0.348057898854177,1,23,52,1.23417616912943,8.48000641544667,1.23417616912943,1.23417616912943,8.48000641544667,1.23417616912943,0.361180152013422,0.47661166970683,0.361180152013422,0.394741362531571,0.48248288929406,0.394741362531571
3.69054967703924,2.83088016872005,0,1,0,-0.277150185977108,-0.177382833703264,0,0.348057898854177,1,23,52,2.14717249338773,4.27863716308033,2.14717249338773,2.14717249338773,4.27863716308033,2.14717249338773,0.457533660685322,0.466549217165068,0.457533660685322,0.468168398865243,0.474937239214528,0.468168398865243
-0.64937226480604,0.466743924746538,1,1,0,-2.03106969667349,0.414344840753132,0,0.348057898854177,1,23,52,-0.768938853548629,1.50274279351011,-0.768938853548629,-0.768938853548629,1.50274279351011,-0.768938853548629,0.450967045184271,0.854250005655927,0.450967045184271,0.463232025376946,0.792411406074603,0.463232025376946
7.57246620883622,7.28411567574543,0,1,1,0.838276275681529,0.468638855532116,0,0.348057898854177,1,23,52,7.34366948285484,7.34366948285484,5.02404710594039,7.34366948285484,7.34366948285484,5.02404710594039,0.53144878706535,0.53144878706535,0.448725508480485,0.523560807505219,0.523560807505219,0.461545609466924
12.4722869643122,11.234718988972,1,1,1,2.19489893040023,-1.69272702503362,0,0.348057898854177,1,23,52,10.5412513160912,10.5412513160912,5.57592653481206,10.5412513160912,10.5412513160912,5.57592653481206,0.829497073455117,0.829497073455117,0.330318335295894,0.767721581185568,0.767721581185568,0.370502177505643
2.83971406301103,3.97200310632042,1,1,1,-0.0134995338274392,0.0447705697806821,0,0.348057898854177,1,23,52,4.99863160508951,4.99863160508951,2.89662720117102,4.99863160508951,4.99863160508951,2.89662720117102,0.458936570413169,0.458936570413169,0.458915200567316,0.46922230120794,0.46922230120794,0.469206249402979
5.76748561622091,4.0333190318462,0,1,1,-0.01289769824574,-0.24208338110758,0,0.348057898854177,1,23,52,4.76958128485463,4.76958128485463,2.61097692144616,4.76958128485463,4.76958128485463,2.61097692144616,0.456280983831413,0.456280983831413,0.456261493771819,0.467227150478287,0.467227150478287,0.467212504289888
4.28756123299026,2.26054543811846,1,1,0,-0.695853163895142,1.59899324962889,1,0.348057898854177,1,23,52,3.08614262088382,10.7429220332426,3.08614262088382,3.08614262088382,10.7429220332426,3.08614262088382,0.343400261346785,0.513385630028366,0.343400261346785,0.380836138864752,0.510023039718302,0.380836138864752
-0.188546270166267,0.24694184691384,0,1,0,-0.725226552723649,-0.738426724408269,0,0.348057898854177,1,23,52,0.689975869189649,3.33524989650997,0.689975869189649,0.689975869189649,3.33524989650997,0.689975869189649,0.433555980136453,0.495254000159282,0.433555980136453,0.450111373025292,0.496446589810649,0.450111373025292
1.95354378984641,2.83744462516728,0,1,0,-0.181640555550192,-1.40338378598964,0,0.348057898854177,1,23,52,1.11219080195519,5.18167685273381,1.11219080195519,1.11219080195519,5.18167685273381,1.11219080195519,0.368925858219006,0.372571362524796,0.368925858219006,0.400753896593602,0.403574975413745,0.400753896593602
2.1029003847423,1.13324123219543,0,1,0,-0.793450658671325,1.41111352186189,0,0.348057898854177,1,23,52,2.70306790356446,6.79430927514593,2.70306790356446,2.70306790356446,6.79430927514593,2.70306790356446,0.367966698341371,0.4395032113974,0.367966698341371,0.400010741183389,0.454598954650144,0.400010741183389
10.2451296406947,6.82280139819136,1,1,1,-0.0234640884986283,-1.08638078096441,1,0.348057898854177,1,23,52,8.02576994233239,8.02576994233239,1.74554674108355,8.02576994233239,8.02576994233239,1.74554674108355,0.521279366751045,0.521279366751045,0.404340453779026,0.515936595420482,0.515936595420482,0.427953292253059
4.82595228805349,4.67327461564369,0,1,0,0.673390653281727,0.0162437602949822,0,0.348057898854177,1,23,52,4.24188076590365,6.34214462565217,4.24188076590365,4.24188076590365,6.34214462565217,4.24188076590365,0.458996842449287,0.512424308278481,0.458996842449287,0.469267573818263,0.509303062497708,0.469267573818263
4.43170909149495,2.77760731993118,1,1,0,-0.412520237083683,1.284658081977,0,0.348057898854177,1,23,52,3.33847330685485,7.08881969444366,3.33847330685485,3.33847330685485,7.08881969444366,3.33847330685485,0.38310664608667,0.402305862414371,0.38310664608667,0.411698446333777,0.426401935303436,0.411698446333777
1.91044854970732,0.330358529523796,1,1,0,-1.02790180388787,-0.371456033981196,0,0.348057898854177,1,23,52,0.451596057288276,2.68957564246931,0.451596057288276,0.451596057288276,2.68957564246931,0.451596057288276,0.452543973289849,0.576530688198547,0.452543973289849,0.4644179921489,0.557515854030032,0.4644179921489
2.92322632251177,2.74594448340681,0,1,0,-0.255645310768941,0.48714869276548,0,0.348057898854177,1,23,52,2.85471377027281,5.19202761913593,2.85471377027281,2.85471377027281,5.19202761913593,2.85471377027281,0.447898814797416,0.455543462470288,0.447898814797416,0.460923460132881,0.4666728917168,0.460923460132881
5.26272188032891,3.18155152641243,1,1,0,1.19126645750988,-0.561075911737964,0,0.348057898854177,1,23,52,4.70031270232702,7.11511888105961,4.70031270232702,4.70031270232702,7.11511888105961,4.70031270232702,0.444281011650611,0.609815863352237,0.444281011650611,0.458199545512568,0.582867118230594,0.458199545512568
5.42141606320995,5.77901208476452,1,1,1,0.351045248966451,-0.0571520719674866,0,0.348057898854177,1,23,52,5.62706048434081,5.62706048434081,3.52379412501063,5.62706048434081,5.62706048434081,3.52379412501063,0.473335549653738,0.473335549653738,0.458856008660028,0.480027080269705,0.480027080269705,0.469161787546053
1.60897065988242,1.18650644303206,0,1,0,-0.0682081559748345,-0.245314153068999,0,0.348057898854177,1,23,52,2.49712523402655,4.65730426772251,2.49712523402655,2.49712523402655,4.65730426772251,2.49712523402655,0.456187697985841,0.456732813841216,0.456187697985841,0.467157048558227,0.467566673538873,0.467157048558227
10.7687933966176,7.71827856367685,0,1,1,0.146172017579381,-0.612154191996397,1,0.348057898854177,1,23,52,8.03377829698634,8.03377829698634,2.55904554220758,8.03377829698634,8.03377829698634,2.55904554220758,0.561477014228388,0.561477014228388,0.441487116002361,0.546140234746777,0.546140234746777,0.456094514808919
4.8999706191708,3.15066135451878,1,1,1,-0.345127356711221,-1.07651480852852,0,0.348057898854177,1,23,52,4.37097031007545,4.37097031007545,1.11208617709426,4.37097031007545,4.37097031007545,1.11208617709426,0.418956244381967,0.418956244381967,0.405313046016418,0.439064201931467,0.439064201931467,0.428694460330334
6.39569821388645,6.24471954988878,0,1,1,0.604058490609483,-1.05713289488754,0,0.348057898854177,1,23,52,6.24736974282995,6.24736974282995,3.02983978537664,6.24736974282995,6.24736974282995,3.02983978537664,0.449394345646935,0.449394345646935,0.407199899199527,0.462048884984156,0.462048884984156,0.430131576517863
0.455620745903632,2.01982450250957,0,1,0,-1.51938938554088,0.273210067892004,1,0.348057898854177,1,23,52,0.113286995855452,5.287930737053,0.113286995855452,0.113286995855452,5.287930737053,0.113286995855452,0.455509905992541,0.801044596428133,0.455509905992541,0.466647671839507,0.740815484209215,0.466647671839507
1.56574744142755,1.584779461473,0,0,0,-0.607117161393167,0.301074616272525,1,1.56062853601311,1,21,53,-0.348721133932227,4.84192479063142,-0.348721133932227,-0.348721133932227,4.84192479063142,-0.348721133932227,0.319619699202722,0.473080849859398,0.319619699202722,0.361978386029382,0.479836121712889,0.361978386029382
2.57692873079082,2.80930504474418,1,0,0,0.023070315175426,0.0346318916777954,0,1.56062853601311,1,21,53,0.645211094610228,2.74641046253141,0.645211094610228,0.645211094610228,2.74641046253141,0.645211094610228,0.323327046053616,0.323382358215252,0.323327046053616,0.364939874269339,0.364983994918782,0.364939874269339
-0.0342288997954797,0.62422401782958,0,0,0,-1.46606950732963,1.61709616199891,0,1.56062853601311,1,21,53,-0.750604280078763,3.96439571707285,-0.750604280078763,-0.750604280078763,3.96439571707285,-0.750604280078763,0.224908328750987,0.446230833006289,0.224908328750987,0.282624465692692,0.459667859954782,0.282624465692692
1.26939794219493,1.07672027612266,0,0,0,-0.59824162506408,0.034920065299713,1,1.56062853601311,1,21,53,-0.597124612246866,4.50409479871367,-0.597124612246866,-0.597124612246866,4.50409479871367,-0.597124612246866,0.323326212912981,0.476032646196057,0.323326212912981,0.364939209686942,0.482048903668009,0.364939209686942
6.9516844794216,6.48215856027443,1,0,1,-0.0441796003398431,-0.613178861725413,1,1.56062853601311,1,21,53,5.33888882664336,5.33888882664336,-0.137099489823518,5.33888882664336,5.33888882664336,-0.137099489823518,0.417050358632642,0.417050358632642,0.307939423898639,0.437618489141261,0.437618489141261,0.352590842406765
7.01429544755705,7.46257539835605,0,0,0,1.09048468890119,2.14391443752932,0,1.56062853601311,1,21,53,4.88932238791328,11.5856915033599,4.88932238791328,4.88932238791328,11.5856915033599,4.88932238791328,0.165389238096403,0.25969729636833,0.165389238096403,0.227285227080312,0.312735569018198,0.227285227080312
1.75219826763412,4.51162471804332,1,0,0,0.978486190681173,-0.48131514026001,1,1.56062853601311,1,21,53,2.04009581368392,7.37176007792743,2.04009581368392,2.04009581368392,7.37176007792743,2.04009581368392,0.31381899388488,0.535836795648065,0.31381899388488,0.357327415865162,0.526853308098383,0.357327415865162
2.36104435226528,1.64213640989584,0,0,0,0.262641166048139,-0.5286036575701,0,1.56062853601311,1,21,53,0.561117247107759,2.94053907390425,0.561117247107759,0.561117247107759,2.94053907390425,0.561117247107759,0.311866955208972,0.318945399392583,0.311866955208972,0.355757402817863,0.361438831325253,0.355757402817863
6.99196780759819,8.48758196679757,0,0,1,0.467589944547124,1.2360098516123,0,1.56062853601311,1,21,53,6.36334866657078,6.36334866657078,2.73562831328812,6.36334866657078,6.36334866657078,2.73562831328812,0.283943700476607,0.283943700476607,0.263228624342566,0.333004272472,0.333004272472,0.31572083335877
1.32738309223178,2.62429932106657,0,1,0,0.810336591725987,-1.91693046481181,0,1.56062853601311,1,21,53,0.268181291221751,6.04280369814535,0.268181291221751,0.268181291221751,6.04280369814535,0.268181291221751,0.191410316202238,0.24493184175086,0.191410316202238,0.25218391137122,0.300118239804918,0.25218391137122
4.30594933202797,4.05304532875571,1,0,0,0.650073203762082,-0.212757115053638,0,1.56062853601311,1,21,53,1.65182786505211,3.79709345505805,1.65182786505211,1.65182786505211,3.79709345505805,1.65182786505211,0.321497916683442,0.366691314243202,0.321497916683442,0.363479791206888,0.399021979962499,0.363479791206888
-1.67861323657245,0.312072400526466,0,0,0,-1.141873973498,0.140982848028358,0,1.56062853601311,1,21,53,-1.57832652638606,0.541549637052122,-1.57832652638606,-1.57832652638606,0.541549637052122,-1.57832652638606,0.322551162372439,0.468797840767063,0.322551162372439,0.36432078240233,0.476624186226444,0.36432078240233
1.48018210013933,3.23347608959575,0,0,0,0.334778970164768,0.172091682423644,0,1.56062853601311,1,21,53,1.40608819533476,3.53570374249416,1.40608819533476,1.40608819533476,3.53570374249416,1.40608819533476,0.322146932852338,0.333876099439938,0.322146932852338,0.363998095103673,0.373321897618727,0.363998095103673
-0.563244426626427,0.614522121152642,0,0,0,-0.895572354580171,0.227292148774556,0,1.56062853601311,1,21,53,-0.999413987804205,1.15224773309035,-0.999413987804205,-0.999413987804205,1.15224773309035,-0.999413987804205,0.321232855026011,0.409007621831699,0.321232855026011,0.363268038826598,0.43150748918569,0.363268038826598
0.994137987786367,-0.366466453385256,0,0,0,-0.731218132658906,-1.04958157333033,1,1.56062853601311,1,21,53,-1.94757926606656,4.254042213008,-1.94757926606656,-1.94757926606656,4.254042213008,-1.94757926606656,0.279296633853449,0.44514224462752,0.279296633853449,0.32915938852392,0.458848172714555,0.32915938852392
-0.0743834320182885,0.92794003694179,1,0,0,-1.16397750087629,0.530396956968695,0,1.56062853601311,1,21,53,-1.2331194722023,1.14820145975935,-1.2331194722023,-1.2331194722023,1.14820145975935,-1.2331194722023,0.311789462781407,0.462499134833086,0.311789462781407,0.355695024388212,0.471897557040834,0.355695024388212
4.10368555094568,5.16055649969024,0,0,0,0.143575016032453,2.61497803169936,1,1.56062853601311,1,21,53,3.46656663634584,15.4046767426161,3.46656663634584,3.46656663634584,15.4046767426161,3.46656663634584,0.113675669938263,0.173813684221835,0.113675669938263,0.17328605139725,0.235483732691348,0.17328605139725
-0.693524601389926,1.33941746849906,0,0,0,-0.184143979776676,-1.41790261921563,0,1.56062853601311,1,21,53,-1.2217520061874,2.88869583139113,-1.2217520061874,-1.2217520061874,2.88869583139113,-1.2217520061874,0.245730893784244,0.248748374100334,0.245730893784244,0.300806869382843,0.303401183702876,0.300806869382843
6.03652510957842,5.65681576530216,0,1,0,1.12326842513797,0.919969904482865,1,1.56062853601311,1,21,53,3.73094532734039,9.6772899524946,3.73094532734039,3.73094532734039,9.6772899524946,3.73094532734039,0.289193786788408,0.542691597393184,0.289193786788408,0.33732696374289,0.532000836425474,0.33732696374289
-5.75812213403596,-2.38061595018229,1,0,0,-1.87144314199849,-0.807774985985864,0,1.56062853601311,1,21,53,-3.98622269740126,-1.23372226941679,-3.98622269740126,-3.98622269740126,-1.23372226941679,-3.98622269740126,0.296840664814455,0.688976495134373,0.296840664814455,0.343584675714578,0.644921753481658,0.343584675714578
1.04740304806752,-0.211340397961816,0,0,0,-0.8044873347221,0.350159892225712,0,1.56062853601311,1,21,53,-0.694376204636906,1.52823574548662,-0.694376204636906,-0.694376204636906,1.52823574548662,-0.694376204636906,0.318300026100406,0.388233720614605,0.318300026100406,0.360922156113574,0.415636992683602,0.360922156113574
-2.44626230588061,-4.98434725543432,1,0,0,-0.235423198812665,0.245738985488883,1,2.19397239815192,0,26,54,-2.28436128147782,2.87602636751128,-2.28436128147782,-2.28436128147782,2.87602636751128,-2.28436128147782,0.359897809986487,0.480806375747793,0.359897809986487,0.393743435390016,0.485626235268677,0.393743435390016
1.66095546606253,-0.36467946909158,0,1,1,0.0558686993154321,-1.26018674872479,0,2.19397239815192,0,26,54,1.98629315643993,1.98629315643993,-1.70177748522163,1.98629315643993,1.98629315643993,-1.70177748522163,0.296398718166998,0.296398718166998,0.296088990727828,0.343224217016427,0.343224217016427,0.342971512015097
-4.53352039208034,-3.85982905185301,0,1,0,-0.579991141343706,-1.05003437659337,0,2.19397239815192,0,26,54,-2.9734971665399,0.229075025487924,-2.9734971665399,-2.9734971665399,0.229075025487924,-2.9734971665399,0.315694186600824,0.351156891114327,0.315694186600824,0.358833284683726,0.38692110196105,0.358833284683726
-6.01430674934817,-9.37360421916351,0,0,0,-2.5412584455759,0.00592489506724166,0,2.19397239815192,0,26,54,-6.8960317750043,-4.79599667062274,-6.8960317750043,-6.8960317750043,-4.79599667062274,-6.8960317750043,0.362537322203647,0.926036040289929,0.362537322203647,0.395796726707171,0.874331187279843,0.395796726707171
2.18750981437301,-1.1789876914528,1,1,1,0.473408619929004,-0.293555473090182,0,2.19397239815192,0,26,54,1.31947717178672,1.31947717178672,-0.866697643994484,1.31947717178672,1.31947717178672,-0.866697643994484,0.38353964282759,0.38353964282759,0.358772462906701,0.41203142964255,0.41203142964255,0.392867075012748
-5.63783526885632,-7.21002254949885,1,1,0,-1.33290512203015,0.0614303546121706,0,2.19397239815192,0,26,54,-4.4793251279128,-2.37555143944502,-4.4793251279128,-4.4793251279128,-2.37555143944502,-4.4793251279128,0.362373583701346,0.568182246262085,0.362373583701346,0.395669443232035,0.551201505819811,0.395669443232035
-1.99063246523094,-2.10762654042209,0,0,0,0.409967969119844,-0.557000693152554,0,2.19397239815192,0,26,54,-0.993578945612805,1.41667082655962,-0.993578945612805,-0.993578945612805,1.41667082655962,-0.993578945612805,0.349057355877417,0.367367145992804,0.349057355877417,0.385277000217997,0.39954601407872,0.385277000217997
-3.48877624333265,-5.55401612957619,0,1,0,-0.809912679618703,-0.354459169735143,0,2.19397239815192,0,26,54,-3.4333402430899,-1.20769894008057,-3.4333402430899,-3.4333402430899,-1.20769894008057,-3.4333402430899,0.357053027236792,0.430992956083215,0.357053027236792,0.391526959682031,0.448175304519244,0.391526959682031
1.85270679703336,-0.432480554584078,0,1,0,1.27571298152834,1.21380835921438,1,2.19397239815192,0,26,54,0.737911079204194,7.3112418121029,0.737911079204194,0.737911079204194,7.3112418121029,0.737911079204194,0.300661255157455,0.598389439450481,0.300661255157455,0.346694835000585,0.574128498284031,0.346694835000585
-2.46554225058564,-3.82119744135551,0,1,0,0.321573095030873,0.701173367034609,0,2.19397239815192,0,26,54,-1.17036869379075,1.4212753968479,-1.17036869379075,-1.17036869379075,1.4212753968479,-1.17036869379075,0.341279109920342,0.352388354279413,0.341279109920342,0.379166803696127,0.387884440194649,0.379166803696127
-4.00033363779789,-5.41779348163347,0,1,0,-0.52630609491053,-1.01898481200555,0,2.19397239815192,0,26,54,-2.86612707367355,0.272202973424427,-2.86612707367355,-2.86612707367355,0.272202973424427,-2.86612707367355,0.318338060881709,0.347525241112601,0.318338060881709,0.360952613388109,0.384075865899803,0.360952613388109
-3.47682003026264,-4.9365384459996,1,1,1,-1.34137708583036,0.471583281805196,0,2.19397239815192,0,26,54,-2.17387826383506,-2.17387826383506,-4.49626905551322,-2.17387826383506,-2.17387826383506,-4.49626905551322,0.56065660809406,0.56065660809406,0.35285285934872,0.545521547968775,0.545521547968775,0.388247620177344
-5.8283477214413,-7.61171783523402,0,0,0,-1.49464038188968,0.0584470059487326,0,2.19397239815192,0,26,54,-4.80279564763186,-2.69937959512749,-4.80279564763186,-4.80279564763186,-2.69937959512749,-4.80279564763186,0.362389245740193,0.620290242168873,0.362389245740193,0.395681618756083,0.590916201406833,0.395681618756083
-0.0566922272455958,-0.966119635844756,0,1,1,-0.470522789377197,1.17562829926996,0,2.19397239815192,0,26,54,0.727541435437487,0.727541435437487,-2.75456046260689,0.727541435437487,0.727541435437487,-2.75456046260689,0.327046151312499,0.327046151312499,0.304323974245389,0.367902394950254,0.367902394950254,0.349666618729389
-1.75546430482554,-2.78575402095091,0,1,0,0.241397043598464,0.833418353599369,0,2.19397239815192,0,26,54,-1.33072079665556,1.46386535546072,-1.33072079665556,-1.33072079665556,1.46386535546072,-1.33072079665556,0.332672787959876,0.338840378333674,0.332672787959876,0.372369007686108,0.377244613103493,0.372369007686108
-4.1030719232686,-5.2926132696298,0,1,0,-0.485041676768673,-1.05106291708094,0,2.19397239815192,0,26,54,-2.78359823738984,0.421135018272854,-2.78359823738984,-2.78359823738984,0.421135018272854,-2.78359823738984,0.315605445298086,0.340216534706691,0.315605445298086,0.358762072347852,0.378329677084181,0.358762072347852
6.78452785069913,0.254175827829744,1,1,1,0.149552022311219,-1.03753523059221,1,2.19397239815192,0,26,54,4.66206851548998,4.66206851548998,-1.51441083923005,4.66206851548998,4.66206851548998,-1.51441083923005,0.429379682993569,0.429379682993569,0.316766669074434,0.446955980490714,0.446955980490714,0.359693522154496
-2.20826194544376,-1.76962969508341,1,0,0,0.375703248280917,0.940985173612214,1,2.19397239815192,0,26,54,-1.06210838729066,4.92334470966735,-1.06210838729066,-1.06210838729066,4.92334470966735,-1.06210838729066,0.324674677193157,0.452105108374308,0.324674677193157,0.366014309020959,0.464087968217953,0.366014309020959
-0.870893731754463,-3.60357421304293,1,1,1,-0.791557062980829,0.719775075645205,0,2.19397239815192,0,26,54,-0.778552850294088,-0.778552850294088,-3.39662900981415,-0.778552850294088,-0.778552850294088,-3.39662900981415,0.409533836874738,0.409533836874738,0.340152362949083,0.431907838553502,0.431907838553502,0.378279101678233
5.34605773060973,3.48177329611302,1,1,1,0.777310820441219,-1.13772557307872,1,2.19397239815192,0,26,54,6.13552623666724,6.13552623666724,-0.258893242970055,6.13552623666724,6.13552623666724,-0.258893242970055,0.487311896836585,0.487311896836585,0.307866836632565,0.490499366184045,0.490499366184045,0.352532221235178
-4.07768602909651,-4.92827952664971,0,1,0,-0.708489396132228,0.318106869219639,0,2.19397239815192,0,26,54,-3.23049367611695,-1.02930169587223,-3.23049367611695,-3.23049367611695,-1.02930169587223,-3.23049367611695,0.35811779915105,0.41436117239188,0.35811779915105,0.392356994022747,0.435577067642814,0.392356994022747
-2.93466997591626,-4.18804152810726,0,1,0,0.0045602268541456,-0.0285568911065952,0,2.19397239815192,0,26,54,-1.8043944301442,0.296421065885474,-1.8043944301442,-1.8043944301442,0.296421065885474,-1.8043944301442,0.362503140929967,0.362505418022419,0.362503140929967,0.395770156583749,0.395771926651554,0.395770156583749
0.792063138247492,1.22104432233191,1,1,0,1.34526494223001,0.719161632571212,1,2.19397239815192,0,26,54,0.877015000607535,6.49420845437003,0.877015000607535,0.877015000607535,6.49420845437003,0.877015000607535,0.34018996316136,0.660665562553576,0.34018996316136,0.378308735633256,0.622365714960061,0.378308735633256
3.55301145734152,5.66045398266678,1,1,1,0.880203063655805,1.32576654242008,1,2.19397239815192,0,26,54,6.80454816845961,6.80454816845961,-0.0531087565408814,6.80454816845961,6.80454816845961,-0.0531087565408814,0.485572330000982,0.485572330000982,0.289402468597782,0.489196482404719,0.489196482404719,0.337498331613944
2.73575713184763,2.98189462528131,1,0,1,1.75645613674996,0.506080284815739,0,2.19397239815192,0,26,54,4.05551464432661,4.05551464432661,1.69939738964743,4.05551464432661,4.05551464432661,1.69939738964743,0.699880123529743,0.699880123529743,0.351393750238374,0.653745227228986,0.653745227228986,0.387106446790527
-4.03609761196537,-6.03466709004259,0,1,0,-0.296143612725027,0.920694091913598,0,2.19397239815192,0,26,54,-2.40580210930255,0.541875501582059,-2.40580210930255,-2.40580210930255,0.541875501582059,-2.40580210930255,0.326250058691864,0.335467156659268,0.326250058691864,0.367268945285226,0.374580601975162,0.367268945285226
0.522649745949824,0.195057158574134,0,0,0,0.0874118798993458,-1.55031630876755,1,1.58271364276988,1,26,55,-0.88047502397875,6.62300563325189,-0.88047502397875,-0.88047502397875,6.62300563325189,-0.88047502397875,0.230174016599259,0.32589299126906,0.230174016599259,0.287270876917128,0.366984705599326,0.287270876917128
-0.8212427287897,1.64565217694378,0,1,1,-1.29747018324584,-0.695825502626253,0,1.58271364276988,1,26,55,-0.21157521402275,-0.21157521402275,-2.79574834412783,-0.21157521402275,-0.21157521402275,-2.79574834412783,0.489031041537507,0.489031041537507,0.301354157224403,0.491786845730839,0.491786845730839,0.347257759974088
7.16975251439423,7.14015293912831,0,0,1,1.18289453082284,0.298242198208418,0,1.58271364276988,1,26,55,5.34799719363639,5.34799719363639,3.15904878484421,5.34799719363639,5.34799719363639,3.15904878484421,0.474168735362668,0.474168735362668,0.317411966496788,0.480651718065054,0.480651718065054,0.360210761473362
-0.1654205826479,1.57078354763751,1,0,0,0.01011711473437,-1.04611028598457,0,1.58271364276988,1,26,55,-0.530858531525724,2.663488198917,-0.530858531525724,-0.530858531525724,2.663488198917,-0.530858531525724,0.277460416820005,0.277470199470534,0.277460416820005,0.327635162284514,0.327643290361871,0.327635162284514
7.58281543587627,11.5087543488248,0,0,1,1.06110427094676,1.54204211949828,0,1.58271364276988,1,26,55,8.63716208468868,8.63716208468868,4.15926818638192,8.63716208468868,8.63716208468868,4.15926818638192,0.339436462924133,0.339436462924133,0.231043865400664,0.377714734335352,0.377714734335352,0.288035157856439
4.31179351235205,4.7181015604481,1,0,1,0.548814310661322,-1.46033437244014,0,1.58271364276988,1,26,55,4.36488825320274,4.36488825320274,0.132311773872619,4.36488825320274,4.36488825320274,0.132311773872619,0.266683676247853,0.266683676247853,0.2394956127384,0.318630175486103,0.318630175486103,0.295414656783917
8.14697960207469,9.81264939947447,1,1,1,0.535296345465649,-0.871264258348444,1,1.58271364276988,1,26,55,6.55344736544843,6.55344736544843,0.694345957572963,6.55344736544843,6.55344736544843,0.694345957572963,0.42965598763513,0.42965598763513,0.290449600240444,0.447164851805783,0.447164851805783,0.338357714924465
1.45089479116727,2.53111112296008,0,0,0,0.697789905787244,-0.727190452121665,1,1.58271364276988,1,26,55,1.16340688444293,6.79221283809984,1.16340688444293,1.16340688444293,6.79221283809984,1.16340688444293,0.299568755123527,0.463789254364887,0.299568755123527,0.345806568029124,0.472866006314026,0.345806568029124
1.12783620427448,2.9895127828381,1,1,0,0.0129704573531251,-0.709380686223195,1,1.58271364276988,1,26,55,-0.188422246526835,5.41479871145966,-0.188422246526835,-0.188422246526835,5.41479871145966,-0.188422246526835,0.300591497157522,0.408483055623536,0.300591497157522,0.346638143359933,0.431108318848843,0.346638143359933
-2.21625402590166,-0.894066768294774,0,0,0,-1.77197262489035,0.735554251247862,1,1.58271364276988,1,26,55,-2.31337347354273,3.32766658298607,-2.31337347354273,-2.31337347354273,3.32766658298607,-2.31337347354273,0.299080380282323,0.752131377550896,0.299080380282323,0.345409211007201,0.697354189208894,0.345409211007201
2.8292477419532,5.07427180799455,0,0,1,0.0520263960785104,0.0961163230494037,0,1.58271364276988,1,26,55,2.80442498775307,2.80442498775307,0.695186640196534,2.80442498775307,2.80442498775307,0.695186640196534,0.320983376474004,0.320983376474004,0.320703181024601,0.363068695984282,0.363068695984282,0.362844763425046
-0.602282026553244,2.81101827609467,1,0,0,-1.06263719272139,1.36860451572489,0,1.58271364276988,1,26,55,-0.261652344727779,3.7114259757348,-0.261652344727779,-0.261652344727779,3.7114259757348,-0.261652344727779,0.248654910677814,0.361578524160547,0.248654910677814,0.303320972614082,0.395051229441279,0.303320972614082
0.578886141895055,2.63651948274946,1,0,0,-0.78480305542033,1.07610780955615,1,1.58271364276988,1,26,55,0.00151922370559965,6.25952724149333,0.00151922370559965,0.00151922370559965,6.25952724149333,0.00151922370559965,0.275032996645341,0.449415640482829,0.275032996645341,0.325615759632823,0.462064907480604,0.325615759632823
-1.84293307363965,-0.331211609832333,0,0,0,-1.18312398822586,-0.725025146613324,0,1.58271364276988,1,26,55,-2.59625559807493,0.0294058651467463,-2.59625559807493,-2.59625559807493,0.0294058651467463,-2.59625559807493,0.299694351061566,0.453720624496851,0.299694351061566,0.345908728826459,0.465302696580175,0.345908728826459
-0.923493826883345,1.67201257079236,1,0,1,-1.55431372092259,-0.0358122318133112,0,1.58271364276988,1,26,55,-0.548139632720932,-0.548139632720932,-2.64942214866838,-0.548139632720932,-0.548139632720932,-2.64942214866838,0.597084544630275,0.597084544630275,0.32103262075683,0.573133121580722,0.573133121580722,0.363108047074297
3.08561810743635,3.68498164519507,0,0,0,0.630393494081822,0.581914408791094,0,1.58271364276988,1,26,55,2.33771892194485,4.77634330110354,2.33771892194485,2.33771892194485,4.77634330110354,2.33771892194485,0.307216363773951,0.348767028579745,0.307216363773951,0.352006741630631,0.385049481092053,0.352006741630631
0.158884941320652,0.373727846539071,1,0,0,0.161141058741605,-2.42384945722029,0,1.58271364276988,1,26,55,-1.60654981474697,6.36849637652013,-1.60654981474697,-1.60654981474697,6.36849637652013,-1.60654981474697,0.132722815242549,0.134180795761917,0.132722815242549,0.19401098099834,0.195552986578196,0.19401098099834
1.06998164325496,1.78264447196193,0,0,0,-0.372855655242247,0.0631653749087133,0,1.58271364276988,1,26,55,-0.187528410585671,1.91646145400169,-0.187528410585671,-0.187528410585671,1.91646145400169,-0.187528410585671,0.320920494122551,0.335472886163352,0.320920494122551,0.363018444544826,0.374585132126815,0.363018444544826
5.79213555145591,8.07119267753642,1,1,1,0.82855135307488,-1.80781177541643,0,1.58271364276988,1,26,55,5.71249187105773,5.71249187105773,0.344308455723443,5.71249187105773,5.71249187105773,0.344308455723443,0.260297207536657,0.260297207536657,0.202087657334543,0.313243560115669,0.313243560115669,0.262064614516851
2.80103192335619,2.9586302299489,1,0,1,-0.308841540680432,0.424120353040586,0,1.58271364276988,1,26,55,2.5813328705331,2.5813328705331,0.301454796669833,2.5813328705331,2.5813328705331,0.301454796669833,0.323516882797245,0.323516882797245,0.313678725061962,0.365091292924439,0.365091292924439,0.357214681683893
2.7915755894542,4.14800659837038,0,1,1,-0.774421311068173,0.126438788787987,0,1.58271364276988,1,26,55,1.18860045895193,1.18860045895193,-0.927386308358248,1.18860045895193,1.18860045895193,-0.927386308358248,0.385213666533334,0.385213666533334,0.320423872382161,0.413318154634532,0.413318154634532,0.362621491330398
6.88046038449739,8.30257217481675,0,0,1,1.09510339210399,1.29588146685699,0,1.58271364276988,1,26,55,7.76041455219851,7.76041455219851,3.98110577605509,7.76041455219851,7.76041455219851,3.98110577605509,0.377863312241471,0.377863312241471,0.255639366534637,0.40766074142262,0.40766074142262,0.309290136007843
9.24099400728694,9.12378689183496,0,0,1,-0.311472719879399,2.0138113779858,0,1.58271364276988,1,26,55,8.04131972932218,8.04131972932218,1.88588346321711,8.04131972932218,8.04131972932218,1.88588346321711,0.185708636943584,0.185708636943584,0.178741961638809,0.246832040673477,0.246832040673477,0.240216639727399
0.895622472623808,4.15580959712046,0,0,0,0.134948273073062,0.565907936191386,1,1.58271364276988,1,26,55,1.33082200732762,6.75107379957201,1.33082200732762,1.33082200732762,6.75107379957201,1.33082200732762,0.307960655078643,0.418944201101354,0.307960655078643,0.352607987940419,0.439055069258101,0.352607987940419
4.65526028708584,5.98071630649847,0,0,1,0.426994185035435,-0.782521024810862,0,1.58271364276988,1,26,55,3.27882402452116,3.27882402452116,0.566484870250117,3.27882402452116,3.27882402452116,0.566484870250117,0.314635174124309,0.314635174124309,0.296242908616653,0.357983126905947,0.357983126905947,0.34309710172922
1.04768226979344,1.77719985133167,0,0,1,-0.911614953627399,-0.129881980605976,0,1.58271364276988,1,26,55,0.658774966015466,0.658774966015466,-1.45809436287067,0.658774966015466,0.658774966015466,-1.45809436287067,0.411389716146765,0.411389716146765,0.320387353357854,0.433319211134121,0.433319211134121,0.362592295400019
5.31660664853475,5.93438976503381,1,0,1,-0.334766276196289,-0.381131172866544,1,1.02701105912421,1,22,56,6.13984553010808,6.13984553010808,0.894584559177451,6.13984553010808,6.13984553010808,0.894584559177451,0.503181017779781,0.503181017779781,0.374537649889742,0.502381657082659,0.502381657082659,0.405094370926705
1.70859888547055,-2.14176658349864,1,0,1,-1.50708111033083,-0.864934265498723,0,1.02701105912421,1,22,56,0.914263081910013,0.914263081910013,-1.9338482017238,0.914263081910013,0.914263081910013,-1.9338482017238,0.609804885439926,0.609804885439926,0.348176162080675,0.58285870231595,0.58285870231595,0.384586311543618
12.5816099366525,10.1103094445146,0,0,1,0.472356788957248,2.15155829250488,0,1.02701105912421,1,22,56,11.7707232409024,11.7707232409024,5.04152015485594,11.7707232409024,11.7707232409024,5.04152015485594,0.22084421631959,0.22084421631959,0.202964424656517,0.279014488689625,0.279014488689625,0.262868139596028
3.89031499864872,3.88480413244978,0,0,1,0.0966421069246151,0.0147563474195422,0,1.02701105912421,1,22,56,4.25350659549451,4.25350659549451,2.15328884570535,4.25350659549451,4.25350659549451,2.15328884570535,0.382037514684673,0.382037514684673,0.380994290816493,0.410875971134263,0.410875971134263,0.410073023242663
1.01380164630532,-2.84906666357364,0,1,0,-0.79504711179194,-0.101357762592915,0,1.02701105912421,1,22,56,0.253796298259778,2.36406969429762,0.253796298259778,0.253796298259778,2.36406969429762,0.253796298259778,0.380545335257542,0.453038878094459,0.380545335257542,0.40972734781743,0.464790125849437,0.40972734781743
2.85782348917503,-2.15937818867728,0,1,0,-0.369837356941073,-0.190900718997937,0,1.02701105912421,1,22,56,1.01467285155649,3.15111593607042,1.01467285155649,1.01467285155649,3.15111593607042,1.01467285155649,0.379377849041355,0.394733547047954,0.379377849041355,0.408828085191179,0.420617128647224,0.408828085191179
3.54710130088952,1.67082929159214,1,1,1,-0.0806361396692331,0.0928798639044358,0,1.02701105912421,1,22,56,3.98548253812145,3.98548253812145,1.87685586900254,3.98548253812145,3.98548253812145,1.87685586900254,0.381344751412868,0.381344751412868,0.380618843537241,0.410342810209262,0.410342810209262,0.409783950975065
3.74757205368843,4.47423691151075,0,1,1,0.1128983061826,-0.717639252731445,0,1.02701105912421,1,22,56,4.06841174113128,4.06841174113128,1.45340564407033,4.06841174113128,4.06841174113128,1.45340564407033,0.359664214219876,0.359664214219876,0.35827422355686,0.393561570377969,0.393561570377969,0.392478889753638
6.66702910169876,5.34517921604588,0,1,1,0.905569244536808,0.417862726337781,0,1.02701105912421,1,22,56,6.44885875791041,6.44885875791041,4.17424949984797,6.44885875791041,6.44885875791041,4.17424949984797,0.467375750209309,0.467375750209309,0.37323628956041,0.475557370303864,0.475557370303864,0.40408895170125
3.11870971703478,0.307103641928075,1,1,1,-1.14585575888996,0.11463946389257,0,1.02701105912421,1,22,56,1.8813184372308,1.8813184372308,-0.231823769450778,1.8813184372308,1.8813184372308,-0.231823769450778,0.53308481263977,0.53308481263977,0.380417286834734,0.52478816582098,0.52478816582098,0.409628742634896
-1.66075499091668,-3.16761476119635,0,0,0,-1.90467770924079,-1.41059418402549,0,1.02701105912421,1,22,56,-3.2747013180705,0.81507463393604,-3.2747013180705,-3.2747013180705,0.81507463393604,-3.2747013180705,0.296712259309882,0.701492510201378,0.296712259309882,0.34347996106347,0.655057128986227,0.34347996106347
0.845955760266143,-1.63071501438174,0,0,0,-1.03879604455156,-1.00837245463969,0,1.02701105912421,1,22,56,-1.14071625930625,1.97609874796983,-1.14071625930625,-1.14071625930625,1.97609874796983,-1.14071625930625,0.336696056259957,0.458237470002443,0.336696056259957,0.375551844877775,0.468697148594055,0.375551844877775
6.59877238219746,5.9796321970868,1,1,1,1.19411762854568,-0.165180082210873,0,1.02701105912421,1,22,56,6.29558791887626,6.29558791887626,4.16830345931707,6.29558791887626,6.29558791887626,4.16830345931707,0.545670167162195,0.545670167162195,0.379786284253861,0.534239316520618,0.534239316520618,0.409142742556937
7.74668031219666,6.89375020997423,1,0,0,1.92348240720957,0.589608394773038,0,1.02701105912421,1,22,56,6.38182149362875,8.82945955281559,6.38182149362875,6.38182149362875,8.82945955281559,6.38182149362875,0.3655999232557,0.76894312494181,0.3655999232557,0.398175316759315,0.711953415413784,0.398175316759315
2.74204368558934,0.862132337692925,0,1,0,0.731552363056071,-0.749823220918139,1,1.02701105912421,1,22,56,2.65852978963058,8.32076465225863,2.65852978963058,2.65852978963058,8.32076465225863,2.65852978963058,0.356218233199393,0.533384077433919,0.356218233199393,0.390875838230135,0.525012703794506,0.390875838230135
7.31373213351962,3.35375718441087,0,1,1,-1.25157165660331,-1.35805988305242,1,1.02701105912421,1,22,56,5.02837173413389,5.02837173413389,-1.91595491182246,5.02837173413389,5.02837173413389,-1.91595491182246,0.593555549043968,0.593555549043968,0.30252144791968,0.5704436807453,0.5704436807453,0.348205310196075
9.47132075807563,5.61036302220458,1,0,1,-0.0411834818393123,-1.29567847924353,1,1.02701105912421,1,22,56,7.34598556308924,7.34598556308924,0.567202841514423,7.34598556308924,7.34598556308924,0.567202841514423,0.418458151007759,0.418458151007759,0.30920751303725,0.438686457938086,0.438686457938086,0.35361436878571
0.58403094236108,-1.13288851217915,0,0,0,-0.709539538138389,-0.0343656602044467,1,1.02701105912421,1,22,56,0.491803547955348,5.59298454655664,0.491803547955348,0.491803547955348,5.59298454655664,0.491803547955348,0.380951276121229,0.555950200535929,0.380951276121229,0.410039907110336,0.541974602780772,0.410039907110336
3.45705308163107,2.37197581749947,0,0,1,-0.973873428505286,-1.87472340107839,0,1.02701105912421,1,22,56,3.73736585689854,3.73736585689854,-1.87722197365239,3.73736585689854,3.73736585689854,-1.87722197365239,0.331345250640245,0.331345250640245,0.239748293832235,0.371316799212813,0.371316799212813,0.295634013107403
12.0851599283978,8.31661953633674,1,1,1,2.50450672656092,0.987692012937397,0,1.02701105912421,1,22,56,11.0174892629161,11.0174892629161,7.94195375049582,11.0174892629161,11.0174892629161,7.94195375049582,0.9110859284347,0.9110859284347,0.338448146139459,0.855571873527353,0.855571873527353,0.376935162874316
4.42887320730863,3.99033620781025,0,1,1,0.29894520495682,0.0726524895032055,0,1.02701105912421,1,22,56,4.72106956808443,4.72106956808443,2.61579118385342,4.72106956808443,4.72106956808443,2.61579118385342,0.390790185838423,0.390790185838423,0.380768323798903,0.417597425057713,0.417597425057713,0.409899048218531
-1.62183233960527,-3.21612817054578,0,1,0,-0.757028260558221,-0.848416799444073,0,1.02701105912421,1,22,56,-0.417225036123943,2.40258602945498,-0.417225036123943,-0.417225036123943,2.40258602945498,-0.417225036123943,0.349395398235107,0.413288711584433,0.349395398235107,0.385541859647253,0.434762425290106,0.385541859647253
4.42400602351117,8.20352880574054,1,0,1,0.112175663438879,-1.09739221514897,0,-0.47211357987687,1,25,57,5.2083375532942,5.2083375532942,1.90406787942463,5.2083375532942,5.2083375532942,1.90406787942463,0.500352783488958,0.500352783488958,0.498867667126351,0.500264127496866,0.500264127496866,0.499152212197904
4.75979924707035,6.88323078328084,0,0,0,0.708085941780666,1.07491065768234,0,-0.47211357987687,1,25,57,5.26819130893952,8.52362423093861,5.26819130893952,5.26819130893952,8.52362423093861,5.26819130893952,0.501173191798911,0.560070307237952,0.501173191798911,0.500878372349538,0.545079478738978,0.500878372349538
6.38719186008485,8.06542167107771,1,1,0,0.802258495450513,1.95151299237048,0,-0.47211357987687,1,25,57,6.33313875096735,12.2415417103581,6.33313875096735,6.33313875096735,12.2415417103581,6.33313875096735,0.378301722688513,0.452031615224573,0.378301722688513,0.407998739801172,0.464032699166695,0.407998739801172
-0.766802248012264,0.701188192192264,1,1,0,-1.48076724510642,-0.94315030345922,0,-0.47211357987687,1,25,57,-1.12757602597621,1.86195646893901,-1.12757602597621,-1.12757602597621,1.86195646893901,-1.12757602597621,0.51372277463131,0.749287812096847,0.51372277463131,0.510275550823708,0.694915572243891,0.510275550823708
7.07087681169232,8.82018484001092,1,1,1,0.0224294080054749,0.358821896145998,0,-0.47211357987687,1,25,57,5.4095426330066,5.4095426330066,3.18078947985279,5.4095426330066,5.4095426330066,3.18078947985279,0.54954568271103,0.54954568271103,0.549486862884535,0.537153653094554,0.537153653094554,0.537109405592447
-1.03813728494986,2.60206104816739,1,1,0,-1.22604730241954,-1.01073511224147,0,-0.47211357987687,1,25,57,-0.685720949384714,2.43586451773307,-0.685720949384714,-0.685720949384714,2.43586451773307,-0.685720949384714,0.507491449106755,0.677250810860704,0.507491449106755,0.505609086277163,0.635521170752971,0.505609086277163
2.17067636176732,3.63193553258826,0,1,0,-0.0480179910057319,0.55149017725097,0,-0.47211357987687,1,25,57,3.23256296293535,5.63670437853966,3.23256296293535,3.23256296293535,5.63670437853966,3.23256296293535,0.541272114041756,0.541542463833345,0.541272114041756,0.530934446093576,0.531137528166423,0.530934446093576
3.65074310724372,5.82622356939534,0,0,0,-0.0839995002069128,0.689906149107446,0,-0.47211357987687,1,25,57,3.29901591638947,5.87498641096573,3.29901591638947,3.29901591638947,5.87498641096573,3.29901591638947,0.533203269951549,0.534032439992226,0.533203269951549,0.524877043153591,0.525499199132928,0.524877043153591
4.9806227572582,10.7460514156836,1,1,0,0.953239074355184,1.08619595409881,1,-0.47211357987687,1,25,57,5.76978287050502,12.0496045212056,5.76978287050502,5.76978287050502,12.0496045212056,5.76978287050502,0.50002182917881,0.711753291717815,0.50002182917881,0.500016340209691,0.663451196227972,0.500016340209691
5.75847691784944,6.98540801822003,0,1,0,0.140674689441494,1.80151091448953,0,-0.47211357987687,1,25,57,4.85996906106836,10.2054106360933,4.85996906106836,4.85996906106836,10.2054106360933,4.85996906106836,0.403666789302118,0.405921630490068,0.403666789302118,0.427439763252309,0.429158097015549,0.427439763252309
4.56393327313715,8.15294061355684,0,1,0,0.198017864103656,0.886607151049785,0,-0.47211357987687,1,25,57,4.05975164695294,6.94582388724556,4.05975164695294,4.05975164695294,6.94582388724556,4.05975164695294,0.518602121951469,0.523222160809679,0.518602121951469,0.51393059281596,0.517392561892536,0.51393059281596
4.49606365929425,7.42717905392012,1,0,1,0.21873327660136,-0.0543284021405882,0,-0.47211357987687,1,25,57,5.26319849403713,5.26319849403713,3.16024691875798,5.26319849403713,5.26319849403713,3.16024691875798,0.560937434054595,0.560937434054595,0.555363561364212,0.54573331159624,0.54573331159624,0.541532747546793
3.55637767404403,4.86701516470225,0,1,0,-0.661111172603455,0.428280869430462,0,-0.47211357987687,1,25,57,1.8831672919194,4.16659179503951,1.8831672919194,1.8831672919194,4.16659179503951,1.8831672919194,0.54692874505524,0.597442589416436,0.54692874505524,0.535185523344575,0.573406188832667,0.535185523344575
-1.16739214824024,2.86351405642478,0,1,0,-1.74940619894901,0.138880785076192,0,-0.47211357987687,1,25,57,-0.582822845125973,1.53646502733741,-0.582822845125973,-0.582822845125973,1.53646502733741,-0.582822845125973,0.554601225840624,0.842825038663055,0.554601225840624,0.540958641380738,0.780848555462626,0.540958641380738
1.50707352773155,2.2120714776114,0,1,0,-1.07366930126119,0.476306098370554,1,-0.47211357987687,1,25,57,1.10607626354402,6.432943762889,1.10607626354402,1.10607626354402,6.432943762889,1.10607626354402,0.544894320429222,0.768978360270153,0.544894320429222,0.533656135250793,0.711984356174942,0.533656135250793
3.09275320545613,7.42751221553207,1,1,1,-0.715116444071071,-0.574259431543153,0,-0.47211357987687,1,25,57,3.20239034272682,3.20239034272682,0.77261644801055,3.20239034272682,3.20239034272682,0.77261644801055,0.599236711690976,0.599236711690976,0.540069658196859,0.574775070841577,0.574775070841577,0.530031287395511
0.784613516508697,5.66672239528656,0,0,0,0.132191573609481,-0.621782949269126,1,-0.47211357987687,1,25,57,2.41970896564568,7.9063230016475,2.41970896564568,2.41970896564568,7.9063230016475,2.41970896564568,0.537401640649622,0.652758194512914,0.537401640649622,0.528027945270307,0.61614646448704,0.528027945270307
4.78449702998365,7.69180061528341,1,1,0,0.650784238546433,0.55074290918587,0,-0.47211357987687,1,25,57,4.62942015397458,7.0327379059931,4.62942015397458,4.62942015397458,7.0327379059931,4.62942015397458,0.541310745748336,0.590428019819875,0.541310745748336,0.530963465023723,0.568063137655913,0.530963465023723
8.89882158108873,11.2813399317856,1,1,1,-0.20405645814385,0.400840051065252,1,-0.47211357987687,1,25,57,8.03050864901139,8.03050864901139,2.7698359024734,8.03050864901139,8.03050864901139,2.7698359024734,0.664970839133638,0.664970839133638,0.547993612917779,0.625765759133962,0.625765759133962,0.53598626646894
2.04018642334837,3.16984577529721,1,1,0,-0.582953055541871,-0.586923283527486,1,-0.47211357987687,1,25,57,1.02427937308462,6.4687583138313,1.02427937308462,1.02427937308462,6.4687583138313,1.02427937308462,0.539379622256647,0.68831247187845,0.539379622256647,0.529513081013075,0.644387032280314,0.529513081013075
5.22183816543317,8.03619315237821,1,0,0,0.524878600083608,1.68791121514058,1,-0.47211357987687,1,25,57,5.51477718300364,13.463821453201,5.51477718300364,5.51477718300364,13.463821453201,5.51477718300364,0.421834885609783,0.571291150653196,0.421834885609783,0.441246144191893,0.553551192856409,0.441246144191893
0.806842319693867,4.94747834830675,1,1,1,-1.12087775717287,-1.16573539878259,0,-0.47211357987687,1,25,57,2.82855687454232,2.82855687454232,-0.630382145432482,2.82855687454232,2.82855687454232,-0.630382145432482,0.636467671849197,0.636467671849197,0.491566659496492,0.603430046433144,0.603430046433144,0.493685621754239
3.93097380460756,8.06779414636586,0,1,1,-0.343717805743186,-0.288715233742641,0,-0.47211357987687,1,25,57,3.9843144086619,3.9843144086619,1.80095792246683,3.9843144086619,3.9843144086619,1.80095792246683,0.565369861789928,0.565369861789928,0.551609124398393,0.549077603049009,0.549077603049009,0.538706207735691
0.360677906223438,5.33584408554904,0,1,0,-0.1770407076301,-0.972812988976181,0,-0.47211357987687,1,25,57,1.45021436345947,4.49657947498024,1.45021436345947,1.45021436345947,4.49657947498024,1.45021436345947,0.511041342802271,0.514738204990077,0.511041342802271,0.508267354596899,0.51103610501803,0.508267354596899
6.96968491907886,8.12940475142417,1,1,1,-0.0444912124544216,-1.91609824324198,0,-0.47211357987687,1,25,57,6.54346057730002,6.54346057730002,0.772028099545026,6.54346057730002,6.54346057730002,0.772028099545026,0.384642176794412,0.384642176794412,0.384420443894948,0.412878996157543,0.412878996157543,0.412708575273717
8.43326853556217,9.3320630369886,1,1,1,1.25497673543924,0.279273598561692,0,-0.20526939278203,1,25,58,7.92508528868066,7.92508528868066,5.74709154582706,7.92508528868066,7.92508528868066,5.74709154582706,0.695900078396805,0.695900078396805,0.520533354439299,0.650514893584933,0.650514893584933,0.515377582437131
9.02898519486151,10.4016775461783,1,0,1,-0.069307168312873,1.4456019677619,0,-0.20526939278203,1,25,58,8.45461715672013,8.45461715672013,4.26485210752305,8.45461715672013,8.45461715672013,4.26485210752305,0.426645352048364,0.426645352048364,0.426090149617373,0.444888105443758,0.444888105443758,0.444468029800912
6.43031662209807,6.88613381725443,1,0,1,-0.206636723438237,-1.6427538724329,0,-0.20526939278203,1,25,58,5.70047744247081,5.70047744247081,0.901837157077524,5.70047744247081,5.70047744247081,0.901837157077524,0.403049333750352,0.403049333750352,0.398199806378585,0.42696896577357,0.42696896577357,0.42326734694143
2.4098904718672,5.16501376336331,0,0,1,-0.885558484552896,-0.00691192231393921,0,-0.20526939278203,1,25,58,3.27988335963724,3.27988335963724,1.17983558496717,3.27988335963724,3.27988335963724,1.17983558496717,0.614795772432179,0.614795772432179,0.524206068237406,0.586689090743433,0.586689090743433,0.518130015776638
7.1183876866881,7.82814311825164,1,1,1,0.64241951280761,0.0795817796010147,0,-0.20526939278203,1,25,58,6.4286185412476,6.4286185412476,4.32228528160313,6.4286185412476,6.4286185412476,4.32228528160313,0.572152657050522,0.572152657050522,0.523909991582554,0.554202669441473,0.554202669441473,0.517908094743607
8.96003869905727,9.29863768015128,0,0,1,-0.266776758351951,-1.25463569526162,1,-0.20526939278203,1,25,58,7.84378599224599,7.84378599224599,1.16967526442137,7.84378599224599,7.84378599224599,1.16967526442137,0.575776180512439,0.575776180512439,0.450073258134097,0.556944558312132,0.556944558312132,0.462559674304327
6.00960811633676,7.49914473567885,0,0,1,0.897058271733264,-0.209970413087619,0,-0.20526939278203,1,25,58,6.68609818113799,6.68609818113799,4.54201060676581,6.68609818113799,6.68609818113799,4.54201060676581,0.615118958013754,0.615118958013754,0.522131251492618,0.586937427923793,0.586937427923793,0.51657498413052
8.68325130122351,10.4400221630489,0,1,1,0.251202568574984,1.31808953395997,0,-0.20526939278203,1,25,58,8.61571916703164,8.61571916703164,4.77835914749683,8.61571916703164,8.61571916703164,4.77835914749683,0.449816439943502,0.449816439943502,0.442451379719921,0.462366461479687,0.462366461479687,0.456821176819217
2.92681371196776,6.85889008245359,1,0,0,1.1380628232707,-1.56314135196082,1,-0.20526939278203,1,25,58,3.67084877096748,11.2142596571774,3.67084877096748,3.67084877096748,11.2142596571774,3.67084877096748,0.409824895790026,0.672710359627094,0.409824895790026,0.432129246548674,0.631903932826746,0.432129246548674
3.84717256734524,5.55629363063254,0,0,0,0.557501011617052,-1.19061848341844,1,-0.20526939278203,1,25,58,2.88224801620256,9.3998203892602,2.88224801620256,2.88224801620256,9.3998203892602,2.88224801620256,0.457402880127639,0.610256281920624,0.457402880127639,0.468070140859554,0.583204786583158,0.468070140859554
4.84341642355915,5.54019091495692,1,1,1,-1.07112683720885,-0.329118186553068,0,-0.20526939278203,1,25,58,2.6948113961361,2.6948113961361,0.486492615416125,2.6948113961361,2.6948113961361,0.486492615416125,0.649992029807068,0.649992029807068,0.519103885579622,0.613978324248925,0.613978324248925,0.514306522701534
9.34467590042179,10.6794688807627,1,1,1,0.574250617400042,0.850441003843034,0,-0.20526939278203,1,25,58,7.78005661604756,7.78005661604756,4.95680671503001,7.78005661604756,7.78005661604756,4.95680671503001,0.528971053256738,0.528971053256738,0.490083769211246,0.521702452830722,0.521702452830722,0.492575193883148
8.28108410195098,8.34179253844725,1,1,1,1.188399344929,-0.0374407761673761,0,-0.20526939278203,1,25,58,7.39862420179754,7.39862420179754,5.29722239007752,7.39862420179754,7.39862420179754,5.29722239007752,0.682455075652275,0.682455075652275,0.524142287924541,0.63968269586885,0.63968269586885,0.51808220942271
6.2077103911815,10.1142797156445,1,0,1,-1.25390465511431,0.838842200773708,1,-0.20526939278203,1,25,58,7.09255360473086,7.09255360473086,1.28889736693198,7.09255360473086,7.09255360473086,1.28889736693198,0.765725443506184,0.765725443506184,0.49100844911535,0.709134159703451,0.709134159703451,0.493267625673406
11.4897498919157,12.8704427943926,1,1,1,0.650018436582091,0.491307417845759,1,-0.20526939278203,1,25,58,10.0905917462271,10.0905917462271,4.74920876739684,10.0905917462271,10.0905917462271,4.74920876739684,0.673561684832636,0.673561684832636,0.512828250243762,0.632581222667554,0.632581222667554,0.509605588681633
6.90357312536727,8.79943229074155,0,0,1,0.205391039300852,-1.79127504567969,0,-0.20526939278203,1,25,58,6.8860377985837,6.8860377985837,1.57737150930891,6.8860377985837,6.8860377985837,1.57737150930891,0.37999964996602,0.37999964996602,0.375305392651218,0.409307094087626,0.409307094087626,0.405687209217792
8.77567734033237,9.12874563146931,1,0,1,0.62486680199064,0.65465988343878,0,-0.20526939278203,1,25,58,7.39083752679103,7.39083752679103,4.86225796380696,7.39083752679103,7.39083752679103,4.86225796380696,0.549917537902642,0.549917537902642,0.503993508240734,0.537433394568048,0.537433394568048,0.502989988149005
5.36480213590618,7.38060824981235,1,1,1,-0.248617776817627,-0.994800636017615,0,-0.20526939278203,1,25,58,4.55545659215508,4.55545659215508,1.46582828673403,4.55545659215508,4.55545659215508,1.46582828673403,0.484806605412214,0.484806605412214,0.477521538458019,0.488622938526845,0.488622938526845,0.483164802229493
5.82029119710398,5.83572455571079,1,1,1,-0.270917394552688,-0.177664318193914,0,-0.20526939278203,1,25,58,4.36992997904691,4.36992997904691,2.23836536908761,4.36992997904691,4.36992997904691,2.23836536908761,0.531359370512055,0.531359370512055,0.522721314253011,0.523493733686455,0.523493733686455,0.517017194709088
4.66487087746757,6.63166316850101,0,0,1,-0.809019383793653,-0.114073665966428,0,-0.20526939278203,1,25,58,3.33876484410018,3.33876484410018,1.22575204283316,3.33876484410018,3.33876484410018,1.22575204283316,0.599575284602003,0.599575284602003,0.523595335425599,0.575033503780207,0.575033503780207,0.517672254274028
1.51358198101217,3.15542610114731,1,1,0,-0.669130726792206,-0.377761553325419,0,-0.20526939278203,1,25,58,1.24184146947707,3.4845452606479,1.24184146947707,1.24184146947707,3.4845452606479,1.24184146947707,0.517482677672204,0.569893723796269,0.517482677672204,0.513091934135604,0.55249478153867,0.513091934135604
11.708975668503,11.4177414825856,1,1,1,1.95851113982203,-0.62505758349525,1,-0.20526939278203,1,25,58,11.7405261552206,11.7405261552206,6.2498291725357,11.7405261552206,11.7405261552206,6.2498291725357,0.912246133932459,0.912246133932459,0.505781738083656,0.856987450228564,0.856987450228564,0.504328907549667
6.45179063820254,7.07966901633634,0,1,1,0.0375079267887381,0.179600557659771,0,-0.20526939278203,1,25,58,5.34473724793584,5.34473724793584,3.21248088762414,5.34473724793584,5.34473724793584,3.21248088762414,0.522854432616157,0.522854432616157,0.522688721604785,0.517116960702189,0.517116960702189,0.516992768219411
5.76500553268953,8.69960280756646,0,0,1,-1.55019375517668,-2.5093307140658,0,-0.20526939278203,1,25,58,5.74488688452173,5.74488688452173,-2.65185374803228,5.74488688452173,5.74488688452173,-2.65185374803228,0.510582002315117,0.510582002315117,0.25031241485614,0.507923366649947,0.507923366649947,0.304742094732661
6.45147977495586,7.07027963800833,1,1,1,-0.783227680243563,-0.62988005166629,1,-0.20526939278203,1,25,58,6.25827794372061,6.25827794372061,0.76152906423348,6.25827794372061,6.25827794372061,0.76152906423348,0.686868537683538,0.686868537683538,0.50549606938992,0.643225273794752,0.643225273794752,0.504115012798794
3.380742666097,5.86743282152972,0,0,1,1.14567190613012,-0.439075681524539,0,1.45867185408313,1,24,59,5.01733200694763,5.01733200694763,2.72454455284139,5.01733200694763,5.01733200694763,2.72454455284139,0.473677953376933,0.473677953376933,0.325963753667739,0.480283786085258,0.480283786085258,0.367041041251025
-1.9870630242624,1.01430582688162,1,0,0,0.164555218844549,-0.729269377844111,0,1.45867185408313,1,24,59,0.472117481950664,3.1039513074118,0.472117481950664,0.472117481950664,3.1039513074118,0.472117481950664,0.31196815405889,0.314737497837182,0.31196815405889,0.355838858031355,0.358065302283464,0.355838858031355
2.88742213308719,3.62393404787265,0,0,0,0.369868025545394,1.2724606060295,0,1.45867185408313,1,24,59,2.88447307922596,6.60362907312291,2.88447307922596,2.88447307922596,6.60362907312291,2.88447307922596,0.269324574016491,0.28235218680373,0.269324574016491,0.320846502747676,0.331689497687459,0.320846502747676
-2.70273843545963,-0.082467874219129,0,0,0,-1.38084445382466,0.319431917387566,1,1.45867185408313,1,24,59,-1.56998056815608,3.63205618168981,-1.56998056815608,-1.56998056815608,3.63205618168981,-1.56998056815608,0.329762096187023,0.660490761910954,0.329762096187023,0.370060677345741,0.622227879269599,0.370060677345741
4.77178282718177,7.36130491710133,1,1,1,0.911630191427743,0.689658538761025,0,1.45867185408313,1,24,59,5.96082424380818,5.96082424380818,3.38519534372219,5.96082424380818,5.96082424380818,3.38519534372219,0.40460170196623,0.40460170196623,0.314266516972889,0.42815240428421,0.42815240428421,0.357687004989407
1.86673780384751,0.90022576531701,0,0,1,-0.758694850792938,-0.355876971950756,0,1.45867185408313,1,24,59,1.22565816773388,1.22565816773388,-1.00099025143096,1.22565816773388,1.22565816773388,-1.00099025143096,0.391470894609939,0.391470894609939,0.328729855231776,0.418119056867055,0.418119056867055,0.369240890685424
10.0928361199471,9.35149846626227,1,1,1,0.638797110784234,1.17335809735387,1,1.45867185408313,1,24,59,9.79999796565392,9.79999796565392,3.32322874102802,9.79999796565392,9.79999796565392,3.32322874102802,0.429481633517825,0.429481633517825,0.278519876418633,0.447033051405345,0.447033051405345,0.328514958388861
3.67803709469789,6.60140317351446,1,0,1,0.825296007472797,0.764151188173297,0,1.45867185408313,1,24,59,5.97094666361123,5.97094666361123,3.28701962522457,5.97094666361123,5.97094666361123,3.28701962522457,0.382778622957131,0.382778622957131,0.309845806702113,0.411446144686374,0.411446144686374,0.354129150596778
6.58937031865271,7.37815093842209,1,1,1,0.373743465157947,-0.450488918337459,1,1.45867185408313,1,24,59,6.47221469962897,6.47221469962897,1.16927443408411,6.47221469962897,6.47221469962897,1.16927443408411,0.452905083066088,0.452905083066088,0.325540155963216,0.46468952468936,0.46468952468936,0.366703760527208
3.49528464032271,6.24205313078275,1,0,1,-0.77743969869751,0.313200712557591,1,1.45867185408313,1,24,59,4.82869242361483,4.82869242361483,-0.369402262731751,4.82869242361483,4.82869242361483,-0.369402262731751,0.512567175001919,0.512567175001919,0.329927576967628,0.509410059677874,0.509410059677874,0.370192041939287
3.3544370365176,5.58054326819239,0,1,1,1.08399023922791,-0.344513724474208,0,1.45867185408313,1,24,59,4.91443288243838,4.91443288243838,2.69574317608729,4.91443288243838,4.91443288243838,2.69574317608729,0.460996916747224,0.460996916747224,0.329063480155226,0.470769664146261,0.470769664146261,0.369505916817833
1.16655622033715,4.19573015709773,0,0,1,-0.356704422391,-0.318259125674976,0,1.45867185408313,1,24,59,2.0418973227241,2.0418973227241,-0.159391548351299,2.0418973227241,2.0418973227241,-0.159391548351299,0.343274098328546,0.343274098328546,0.32979348770286,0.380736914554363,0.380736914554363,0.37008559827066
6.66517297360762,10.634791876779,1,1,1,0.928009025490746,-1.75681744788013,1,1.45867185408313,1,24,59,9.1578845703831,9.1578845703831,0.971477025207037,9.1578845703831,9.1578845703831,0.971477025207037,0.402987189942839,0.402987189942839,0.217751428351611,0.426921576184632,0.426921576184632,0.276252941694576
2.36062296486025,5.41193738059747,0,1,1,-0.970083116060174,-1.38307115882396,1,1.45867185408313,1,24,59,4.56192486153203,4.56192486153203,-2.45096096883863,4.56192486153203,4.56192486153203,-2.45096096883863,0.466674565996685,0.466674565996685,0.258431636410917,0.47503129013027,0.47503129013027,0.311662686859229
0.22414307877107,0.148964297116815,0,1,0,-0.231172149330348,0.940470656979975,0,1.45867185408313,1,24,59,1.35040278042496,4.3348878370653,1.35040278042496,1.35040278042496,4.3348878370653,1.35040278042496,0.29775167791472,0.303095542914534,0.29775167791472,0.344327256982605,0.348670977754428,0.344327256982605
2.98837556036341,4.45041131071953,1,0,1,-1.04619384343547,-0.158760326778478,1,1.45867185408313,1,24,59,3.74633324981507,3.74633324981507,-1.37887159154374,3.74633324981507,3.74633324981507,-1.37887159154374,0.573347099490186,0.573347099490186,0.332994590803,0.555106176825245,0.555106176825245,0.372623919505382
5.93534721320868,9.38275613833327,0,0,1,0.634847567636419,-0.733563712480872,1,1.45867185408313,1,24,59,7.04652356516636,7.04652356516636,1.40840784489764,7.04652356516636,7.04652356516636,1.40840784489764,0.468070775602149,0.468070775602149,0.311711818132039,0.476078783881196,0.476078783881196,0.355632519442451
2.99758323373847,1.69366353944747,1,1,0,0.9712553599712,-0.727242479378595,0,1.45867185408313,1,24,59,2.08754466266948,4.71642628648221,2.08754466266948,2.08754466266948,4.71642628648221,2.08754466266948,0.312088658233695,0.415004263273098,0.312088658233695,0.355935843327823,0.436065418551887,0.355935843327823
1.71601112887012,3.98936975290477,0,0,1,0.0407983550926617,0.0620307734811918,0,1.45867185408313,1,24,59,3.11975172263087,3.11975172263087,1.01590390577219,3.11975172263087,3.11975172263087,1.01590390577219,0.33407155350164,0.33407155350164,0.333895820065839,0.373476599297539,0.373476599297539,0.373337507437819
-2.12038173461606,-0.343590876644686,1,1,0,-1.19917531019672,0.11748375694865,0,1.45867185408313,1,24,59,-1.40859044133912,0.705211991807652,-1.40859044133912,-1.40859044133912,0.705211991807652,-1.40859044133912,0.333475607804628,0.496911235158448,0.333475607804628,0.373004842389953,0.49768740766369,0.373004842389953
-2.01139872568918,-0.100708900368683,0,0,0,-1.04886087266845,-0.22735667596671,0,1.45867185408313,1,24,59,-1.45280199919794,0.698889058908695,-1.45280199919794,-1.45280199919794,0.698889058908695,-1.45280199919794,0.331878538899245,0.455354855980324,0.331878538899245,0.371739604261755,0.46653113976997,0.371739604261755
4.64178993458864,4.67078968961709,1,0,1,0.106009267594498,-1.4925060259723,0,1.45867185408313,1,24,59,3.919363168886,3.919363168886,-0.408211068677626,3.919363168886,3.919363168886,-0.408211068677626,0.248073130643346,0.248073130643346,0.247072213980343,0.302821476632954,0.302821476632954,0.301961284379219
3.73477717723994,7.1835917003404,1,1,1,-0.347185574282247,0.174939935262141,1,1.45867185408313,1,24,59,5.48344918975285,5.48344918975285,0.352845208803324,5.48344918975285,5.48344918975285,0.352845208803324,0.458737438611537,0.458737438611537,0.332766940974574,0.469072722683888,0.469072722683888,0.372443595760195
-6.3447447799716,-1.68195611809138,0,0,0,-1.83690455945857,-0.345066922411312,0,1.45867185408313,1,24,59,-3.14659961922277,-0.927528438280357,-3.14659961922277,-3.14659961922277,-0.927528438280357,-3.14659961922277,0.329047485183383,0.707737938728535,0.329047485183383,0.36949321214798,0.660156798101307,0.36949321214798
9.12729839650778,11.100874011472,1,1,1,1.85861157856628,0.574181614296576,0,0.42549286893845,1,27,60,9.54004511610788,9.54004511610788,7.11036058991165,9.54004511610788,9.54004511610788,7.11036058991165,0.798460802688985,0.798460802688985,0.434577465885873,0.738438613638848,0.738438613638848,0.450882626310828
1.03225173462069,1.14980884887094,1,1,0,-1.27047444523739,-0.458949405592415,0,0.42549286893845,1,27,60,-0.180942477584677,2.12969207930895,-0.180942477584677,-0.180942477584677,2.12969207930895,-0.180942477584677,0.440113553428007,0.62759464392862,0.440113553428007,0.455059132321373,0.59655336502908,0.455059132321373
0.254032987801139,3.61840447141419,1,1,0,-0.459903397111244,0.104618019150751,1,0.42549286893845,1,27,60,2.00376704341079,7.11471197334182,2.00376704341079,2.00376704341079,7.11471197334182,2.00376704341079,0.449430854091254,0.591266317502336,0.449430854091254,0.462076354345742,0.568700949465625,0.462076354345742
2.03321509400485,3.08573702846261,0,1,0,0.438573602454575,-0.566475708127905,0,0.42549286893845,1,27,60,3.12962731526377,5.55052204316278,3.12962731526377,3.12962731526377,5.55052204316278,3.12962731526377,0.434985696488687,0.457432838376654,0.434985696488687,0.451190796650982,0.468092649267981,0.451190796650982
6.67475770349878,8.44799208417123,1,1,0,2.4546477158475,-1.59777265288912,0,0.42549286893845,1,27,60,6.13047859728841,10.7833560476088,6.13047859728841,6.13047859728841,10.7833560476088,6.13047859728841,0.335329477834725,0.899499832797855,0.335329477834725,0.374471737913624,0.841764288096482,0.374471737913624
5.60397651538617,5.85079329271889,0,1,0,0.387066802456304,1.7451287499499,0,0.42549286893845,1,27,60,5.33821817334504,10.4836925272467,5.33821817334504,5.33821817334504,10.4836925272467,5.33821817334504,0.31480355150978,0.330352562803272,0.31480355150978,0.358118345877161,0.370529338889462,0.358118345877161
0.321817653785622,0.518123693761384,1,1,0,-1.76921244661079,0.180242946278404,0,0.42549286893845,1,27,60,-0.539226128460653,1.59326139122247,-0.539226128460653,-0.539226128460653,1.59326139122247,-0.539226128460653,0.448423958989083,0.782116980852139,0.448423958989083,0.461318682668235,0.723629300798512,0.461318682668235
2.70352394159962,2.45951352582522,0,1,0,-0.625017088040962,-0.101694422417942,0,0.42549286893845,1,27,60,1.46722721998266,3.57756897553358,1.46722721998266,1.46722721998266,3.57756897553358,1.46722721998266,0.449459052024399,0.495399243463657,0.449459052024399,0.462097570651296,0.496555338814374,0.462097570651296
-0.476999436854588,4.28202835530814,0,1,0,-0.469543405221529,-0.564241210894306,0,0.42549286893845,1,27,60,1.31562779714516,3.73399594121664,1.31562779714516,1.31562779714516,3.73399594121664,1.31562779714516,0.435103055912698,0.460849517307598,0.435103055912698,0.451279384525797,0.470658980354043,0.451279384525797
3.71491113688257,4.70987851823121,0,1,0,-0.0537391229306245,1.16241428366086,0,0.42549286893845,1,27,60,3.87389185628213,7.32509882314092,3.87389185628213,3.87389185628213,7.32509882314092,3.87389185628213,0.38784015503105,0.388164675752548,0.38784015503105,0.415334987605307,0.415584014525139,0.415334987605307
0.97458947644511,2.49683435649796,1,1,0,-0.308761768453797,-0.133494126442089,0,0.42549286893845,1,27,60,2.06793815513285,4.18575883692738,2.06793815513285,2.06793815513285,4.18575883692738,2.06793815513285,0.449109439954096,0.460272500158704,0.449109439954096,0.46183451198837,0.470225668279509,0.46183451198837
11.4729927845567,12.9495750584078,1,1,1,1.67143824627018,-0.705115014951626,1,0.42549286893845,1,27,60,11.0539044803815,11.0539044803815,5.45671729607125,11.0539044803815,11.0539044803815,5.45671729607125,0.818728431522605,0.818728431522605,0.426814763009259,0.757371339655728,0.757371339655728,0.445016271316429
7.24658839172083,9.82400506481146,1,1,1,-0.288907698334504,-1.01490532191492,1,0.42549286893845,1,27,60,7.35626791234983,7.35626791234983,1.2262350998986,7.35626791234983,7.35626791234983,1.2262350998986,0.528997930372606,0.528997930372606,0.402364718477767,0.521722608419594,0.521722608419594,0.426446829568484
4.0408739811981,5.44966014198072,0,1,0,0.212129378294275,1.22241057764912,0,0.42549286893845,1,27,60,4.4656251527202,8.05991277306866,4.4656251527202,4.4656251527202,8.05991277306866,4.4656251527202,0.381428695676506,0.386466509823834,0.381428695676506,0.410407424354825,0.414280491540342,0.410407424354825
13.0961056990307,17.356065380376,1,1,1,0.43223592593771,1.84066586738411,1,0.42549286893845,1,27,60,14.012144373095,14.012144373095,5.52409353774206,14.012144373095,14.012144373095,5.52409353774206,0.430342409277409,0.430342409277409,0.300920572587569,0.447683680808219,0.447683680808219,0.346905549056314
-1.21346873535013,2.56204141750083,0,1,0,-0.32525068728758,-1.66738932250703,0,0.42549286893845,1,27,60,0.501065121400335,5.3812522742108,0.501065121400335,0.501065121400335,5.3812522742108,0.501065121400335,0.325777963043151,0.336903529580058,0.325777963043151,0.366893122513643,0.375715736996597,0.366893122513643
1.72403794678617,4.36068559293482,0,1,0,0.416208856070882,-1.15004094087265,0,0.42549286893845,1,27,60,2.50133258975164,5.92392675543489,2.50133258975164,2.50133258975164,5.92392675543489,2.50133258975164,0.389126830148391,0.408772496023333,0.389126830148391,0.416322128707018,0.431328578788341,0.416322128707018
0.0557260513967606,1.92715937684502,0,1,0,-0.409166630526016,-1.14743435724313,0,0.42549286893845,1,27,60,0.853188200187361,4.26979380436932,0.853188200187361,0.853188200187361,4.26979380436932,0.853188200187361,0.389396313981322,0.408382061492287,0.389396313981322,0.416528805809359,0.431031458357017,0.416528805809359
4.90619763709565,8.14091487820407,0,1,1,1.07016686708822,-0.553169107588996,0,0.42549286893845,1,27,60,6.81211650666077,6.81211650666077,4.40612044506997,6.81211650666077,6.81211650666077,4.40612044506997,0.570060738460659,0.570060738460659,0.435677837017448,0.55262101806902,0.55262101806902,0.451713215817687
2.50257111987675,3.79023421957777,0,1,0,-0.812286471567859,1.6382226892519,0,0.42549286893845,1,27,60,2.83260556459871,7.61637914417846,2.83260556459871,2.83260556459871,7.61637914417846,2.83260556459871,0.329812912113374,0.402172869034773,0.329812912113374,0.370101018531396,0.426300486754501,0.370101018531396
1.55971356416655,4.95745441055219,0,1,0,0.952416361274805,-0.869284387275417,0,0.42549286893845,1,27,60,3.85450415375672,6.71015949971752,3.85450415375672,3.85450415375672,6.71015949971752,3.85450415375672,0.414904704882322,0.521154304929659,0.414904704882322,0.435989822713183,0.515842879896271,0.435989822713183
1.44168948907046,4.96633044138315,1,1,0,0.478682571529143,-2.1716027417475,0,0.42549286893845,1,27,60,1.60471821979331,8.42057668775857,1.60471821979331,1.60471821979331,8.42057668775857,1.60471821979331,0.250455114743315,0.271549113231222,0.250455114743315,0.304864309347347,0.322708498901026,0.304864309347347
4.0708806674099,8.32973479482994,0,1,1,0.118516810816785,0.409550232970221,0,0.42549286893845,1,27,60,5.73327106641228,5.73327106641228,3.46553967308632,5.73327106641228,5.73327106641228,3.46553967308632,0.443749394683862,0.443749394683862,0.442112199954343,0.457799104416228,0.457799104416228,0.456565591455637
2.48027657916931,4.19265360569632,0,1,0,0.163557707250951,0.634556859689011,0,0.42549286893845,1,27,60,3.78062809267344,6.28329050085182,3.78062809267344,3.78062809267344,6.28329050085182,3.78062809267344,0.431191416138952,0.434294205681828,0.431191416138952,0.44832526526484,0.450668776380246,0.44832526526484
4.28915453198024,4.84034766218711,0,1,0,-0.587934894691612,1.31816979580497,0,0.42549286893845,1,27,60,2.96125582490427,6.79882743547677,2.96125582490427,2.96125582490427,6.79882743547677,2.96125582490427,0.37061804321926,0.409509392022872,0.37061804321926,0.402064071674576,0.431889242351016,0.402064071674576
6.21061456518553,8.35150319126807,0,1,0,1.27025322673393,1.15478096512569,0,0.42549286893845,1,27,60,6.51424323707607,9.94776231449269,6.51424323707607,6.51424323707607,9.94776231449269,6.51424323707607,0.388635378244213,0.576681881981399,0.388635378244213,0.415945152309932,0.557630349964452,0.415945152309932
0.115632149824185,2.91293057996334,0,1,0,-0.426044201824548,0.2121502818487,0,0.42549286893845,1,27,60,2.17901769668213,4.32402543877061,2.17901769668213,2.17901769668213,4.32402543877061,2.17901769668213,0.447838951469505,0.469117744872852,0.447838951469505,0.460878404450063,0.476864144657552,0.460878404450063
2.21928885775414,0.28915315512085,0,1,0,-0.270935231559035,-0.132327057109114,0,0.925310950650479,0,28,61,1.60192918148824,3.7194396315314,1.60192918148824,1.60192918148824,3.7194396315314,1.60192918148824,0.507987675459877,0.516645990415442,0.507987675459877,0.505980656381361,0.512465151142088,0.505980656381361
5.15562053747452,2.42240128811611,1,0,0,1.24868916655784,-0.44828312180049,0,0.925310950650479,0,28,61,4.64117797772198,6.94213573501317,4.64117797772198,4.64117797772198,6.94213573501317,4.64117797772198,0.499327980155414,0.675885011836924,0.499327980155414,0.499496851580895,0.634431782299062,0.499496851580895
2.78202505098094,1.07201672983219,1,0,0,0.572666632582504,0.43500657130593,1,0.925310950650479,0,28,61,3.28913290977132,8.57836362685066,3.28913290977132,3.28913290977132,8.57836362685066,3.28913290977132,0.49988160025598,0.651897910247112,0.49988160025598,0.499911350062652,0.615471761677343,0.499911350062652
0.499109932648243,0.671986101872384,0,1,0,-0.058431636597925,-0.882740382983921,0,0.925310950650479,0,28,61,2.02693637141046,4.90616695516106,2.02693637141046,2.02693637141046,4.90616695516106,2.02693637141046,0.472056113925588,0.472457890767616,0.472056113925588,0.479067785016504,0.479369043179551,0.479067785016504
6.65816780651773,3.57645357045778,0,0,0,1.66339892494389,-1.19279543344637,0,0.925310950650479,0,28,61,5.47059749449408,8.99335844054459,5.47059749449408,5.47059749449408,8.99335844054459,5.47059749449408,0.441898998418635,0.74599758383046,0.441898998418635,0.456404925694735,0.692104376610507,0.456404925694735
5.19122835800924,5.08627547960429,1,0,1,0.627521756199061,0.240217855370643,0,0.925310950650479,0,28,61,5.5565477750433,5.5565477750433,3.39884315700443,5.5565477750433,5.5565477750433,3.39884315700443,0.552382357191054,0.552382357191054,0.506090513837858,0.539288159724405,0.539288159724405,0.504560105266327
-1.90073444174393,-3.2417828540426,0,0,0,-2.18553523569797,1.30087151028646,0,0.925310950650479,0,28,61,-2.22727082678962,1.56499585948536,-2.22727082678962,-2.22727082678962,1.56499585948536,-2.22727082678962,0.429377449330505,0.880224305945633,0.429377449330505,0.446954291897838,0.819953174969172,0.446954291897838
5.72763315994581,-0.755199112443582,0,1,0,0.429627390806603,0.920372233687637,0,0.925310950650479,0,28,61,3.00305442621951,5.95013947476268,3.00305442621951,3.00305442621951,5.95013947476268,3.00305442621951,0.468863437012592,0.490610585860728,0.468863437012592,0.476673390383588,0.492969694969128,0.476673390383588
9.04849233370049,4.40505520104974,0,0,0,2.00684998564248,-0.424509087901475,1,0.925310950650479,0,28,61,6.15749961589127,11.4377075816022,6.15749961589127,6.15749961589127,11.4377075816022,6.15749961589127,0.500307554241719,0.917779735190197,0.500307554241719,0.500230264109899,0.863828527463953,0.500230264109899
-0.0559220185808099,-0.8676835646716,0,0,0,-1.15081078229037,0.0628402491323189,0,0.925310950650479,0,28,61,-0.157821919974432,1.94612697693658,-0.157821919974432,-0.157821919974432,1.94612697693658,-0.157821919974432,0.508627732901377,0.659450553044198,0.508627732901377,0.506459934398859,0.621407978302455,0.506459934398859
0.386781753969365,-3.02736950808932,1,0,0,-1.34155929263631,0.217019306048424,0,0.925310950650479,0,28,61,-0.539318940666304,1.60777843853144,-0.539318940666304,-0.539318940666304,1.60777843853144,-0.539318940666304,0.506591193038889,0.706526514719705,0.506591193038889,0.504934995439631,0.659165325128527,0.504934995439631
-0.844131992522066,8.22085717263887e-05,0,0,0,-0.399223149292626,-0.976141404752635,0,0.925310950650479,0,28,61,1.34535334602105,4.3982053880935,1.34535334602105,1.34535334602105,4.3982053880935,1.34535334602105,0.463891833840189,0.482648801511286,0.463891833840189,0.472943001695117,0.487006555614115,0.472943001695117
1.08564513294428,-0.136186366431376,0,0,0,-0.635561385509291,0.243869256574499,0,0.925310950650479,0,28,61,0.872676873587724,3.03214908788992,0.872676873587724,0.872676873587724,3.03214908788992,0.872676873587724,0.506007079217099,0.553485489904001,0.506007079217099,0.504497632927358,0.540118560223097,0.504497632927358
-0.810428203050054,-0.241984418079293,0,1,0,-1.17340266536915,-0.45495167425836,1,0.925310950650479,0,28,61,-0.203005686132,5.10397533977848,-0.203005686132,-0.203005686132,5.10397533977848,-0.203005686132,0.499043629089608,0.754620194836953,0.499043629089608,0.49928395613975,0.699495613766849,0.49928395613975
3.67420742765905,2.11566682557512,1,1,0,0.658107747293938,-0.480935629551662,0,0.925310950650479,0,28,61,3.46001513919418,5.79131421896644,3.46001513919418,3.46001513919418,5.79131421896644,3.46001513919418,0.497895611619235,0.548862770012835,0.497895611619235,0.498424425257024,0.536639959290811,0.498424425257024
2.9360064549624,-0.341234404001188,1,0,0,0.676711220643796,1.74776909216342,0,0.925310950650479,0,28,61,3.4972220858939,8.65191888541566,3.4972220858939,3.4972220858939,8.65191888541566,3.4972220858939,0.367676436824934,0.419329918803017,0.367676436824934,0.399785771467662,0.439347549741485,0.399785771467662
-1.43615749139711,-0.181501613520486,0,0,0,-1.7078176091635,-0.292000473668966,0,0.925310950650479,0,28,61,-1.27183557372069,0.913428702902212,-1.27183557372069,-1.27183557372069,0.913428702902212,-1.27183557372069,0.50478960042943,0.803075159178744,0.50478960042943,0.503586048782151,0.742690647932032,0.503586048782151
1.89362094119797,-0.462698729566431,1,1,0,-0.296600651684474,-0.376740515984444,0,0.925310950650479,0,28,61,1.55059834123736,3.79253175762158,1.55059834123736,1.55059834123736,3.79253175762158,1.55059834123736,0.50211444104711,0.512494619751644,0.50211444104711,0.501583094465421,0.509355720779997,0.501583094465421
-0.958588076916239,-2.12659182057571,0,0,0,-0.852547771824739,-1.48063670793758,0,0.925310950650479,0,28,61,0.438704100956829,4.73098916184907,0.438704100956829,0.438704100956829,4.73098916184907,0.438704100956829,0.406383417983008,0.491103526048763,0.406383417983008,0.429509829469749,0.493338821224747,0.429509829469749
2.78373552959792,-0.0749082903416071,1,1,1,-1.48240892144468,0.718006554687457,0,0.925310950650479,0,28,61,1.7945152142911,1.7945152142911,-0.821018198283057,1.7945152142911,1.7945152142911,-0.821018198283057,0.726873625062678,0.726873625062678,0.484481960194824,0.675973967342422,0.675973967342422,0.488379764737524
6.36518340583767,2.24482233419046,1,0,0,1.2559276664311,2.37313729529957,1,0.925310950650479,0,28,61,4.6556549774685,15.3874355998103,4.6556549774685,4.6556549774685,15.3874355998103,4.6556549774685,0.262645158955323,0.546997480067799,0.262645158955323,0.315228414901037,0.535237204938521,0.315228414901037
3.02248801967014,0.0217963920727408,1,0,0,0.216748562695109,-0.00801524988110961,0,0.925310950650479,0,28,61,2.57729676999652,4.67736101422718,2.57729676999652,2.57729676999652,4.67736101422718,2.57729676999652,0.5088110699231,0.514352859706906,0.5088110699231,0.506597219862472,0.510747477605057,0.506597219862472
1.42904638438457,-2.51995059765168,1,0,0,-0.785475704299716,0.0104003761577918,0,0.925310950650479,0,28,61,0.572848236006874,2.6729564038311,0.572848236006874,0.572848236006874,2.6729564038311,0.572848236006874,0.508808996952144,0.58094241095695,0.508808996952144,0.506595667586542,0.560858940749747,0.506595667586542
0.232348703417757,1.52963531589314,1,0,0,0.223525836479184,-0.849896693117369,0,0.925310950650479,0,28,61,2.59085131756468,5.41317570653651,2.59085131756468,2.59085131756468,5.41317570653651,2.59085131756468,0.47473534405802,0.480620927155381,0.47473534405802,0.481076473888993,0.485487289601762,0.481076473888993
5.63328469859368,5.2675339933995,1,1,1,-0.517264788003558,-0.321079277781432,1,0.925310950650479,0,28,61,6.31236197121984,6.31236197121984,1.10927006859919,6.31236197121984,6.31236197121984,1.10927006859919,0.649102726100957,0.649102726100957,0.503948039457774,0.613282079560769,0.613282079560769,0.50295594439629
3.6722354260535,0.51456671602169,1,0,0,0.711888870241982,-1.28840530434728,1,0.925310950650479,0,28,61,3.56757738509027,10.3275656133605,3.56757738509027,3.56757738509027,10.3275656133605,3.56757738509027,0.430872922863925,0.606697822960999,0.430872922863925,0.44808460091087,0.580478374065072,0.44808460091087
1.35957671424941,-0.494736540108772,0,0,0,-0.484411434060012,0.1288595746197,0,0.925310950650479,0,28,61,1.17497677648628,3.29158156645745,1.17497677648628,1.17497677648628,3.29158156645745,1.17497677648628,0.508030420217651,0.535667740046979,0.508030420217651,0.506012663554893,0.526726423406886,0.506012663554893
1.66541628759778,-0.184778579092803,1,0,0,0.229673581414513,-1.23120112956988,0,0.925310950650479,0,28,61,2.60314680743533,6.21900302888947,2.60314680743533,2.60314680743533,6.21900302888947,2.60314680743533,0.437564928216127,0.443706918684203,0.437564928216127,0.453137111710139,0.457767107319886,0.453137111710139
4.00589493654932,2.07870045537309,1,0,0,0.230161461038472,1.00743731807421,0,-0.783178013165943,1,22,62,3.8543924398446,6.96932238969314,3.8543924398446,3.8543924398446,6.96932238969314,3.8543924398446,0.544407012714402,0.550605325670168,0.544407012714402,0.533289880573639,0.537950860849452,0.533289880573639
3.88046722272985,1.11365108092569,1,0,0,0.306399431969034,1.03020778144894,0,-0.783178013165943,1,22,62,4.02963884508046,7.19096691803841,4.02963884508046,4.02963884508046,7.19096691803841,4.02963884508046,0.542232270247761,0.553215693287731,0.542232270247761,0.531655738851652,0.539915449170931,0.531655738851652
7.99993894286936,7.01028179121757,1,0,1,1.10991873600652,0.479458523327986,0,-0.783178013165943,1,22,62,7.41580867062632,7.41580867062632,5.08592819503446,7.41580867062632,7.41580867062632,5.08592819503446,0.713148255034513,0.713148255034513,0.580897296377424,0.664598651157576,0.664598651157576,0.560824730828182
2.15282191712553,-0.241003707543477,0,1,0,-0.789760843709336,0.560586657278492,0,-0.783178013165943,1,22,62,1.36769716955327,3.78195456987194,1.36769716955327,1.36769716955327,3.78195456987194,1.36769716955327,0.577008631122228,0.646959682090507,0.577008631122228,0.55787780814038,0.611605838865072,0.55787780814038
10.489784581498,6.09782516710267,0,0,1,0.35721047638739,0.589471978245134,1,-0.783178013165943,1,22,62,9.13800234384959,9.13800234384959,3.69052513071336,9.13800234384959,9.13800234384959,3.69052513071336,0.698185242238757,0.698185242238757,0.57547511030785,0.652368227926718,0.652368227926718,0.556716630729424
-0.0187826246732317,-1.72160171387304,1,1,0,-0.694102123660785,-0.367002680656251,1,-0.783178013165943,1,22,62,0.631425271715625,5.8661162393245,0.631425271715625,0.631425271715625,5.8661162393245,0.631425271715625,0.585272789574601,0.740400018269678,0.585272789574601,0.56414495021753,0.687346864907658,0.56414495021753
3.06960457890792,2.19418899796629,1,1,1,-0.361142881462086,0.011639640958811,0,-0.783178013165943,1,22,62,3.77612155896973,3.77612155896973,1.67598607772808,3.77612155896973,3.77612155896973,1.67598607772808,0.606253886764946,0.606253886764946,0.59143583480772,0.580138533126673,0.580138533126673,0.568829948685349
7.88403031225231,7.05302098222125,1,1,1,1.99367954500388,-0.563114033542187,0,-0.783178013165943,1,22,62,8.22797467093117,8.22797467093117,5.81087725615901,8.22797467093117,8.22797467093117,5.81087725615901,0.901792361286552,0.901792361286552,0.576877582840123,0.844451078196346,0.844451078196346,0.557778557917953
7.18086113927815,7.27827072317991,1,1,1,0.551839682045411,0.683197109503591,1,-0.783178013165943,1,22,62,9.74026696372192,9.74026696372192,4.17350867328786,9.74026696372192,9.74026696372192,4.17350867328786,0.710985859076072,0.710985859076072,0.569957529587623,0.662820584502564,0.662820584502564,0.552543007891299
-1.53628863381595,-1.33865391594608,0,0,0,-0.586832474504621,-1.82123588961638,0,-0.783178013165943,1,22,62,-0.608268638932175,4.80863152669459,-0.608268638932175,-0.608268638932175,4.80863152669459,-0.608268638932175,0.436178467000337,0.476505319270988,0.436178467000337,0.452091028643259,0.482403179976565,0.452091028643259
5.22905631097772,2.9099530584378,1,1,0,0.378485148425172,1.49148354137531,0,-0.783178013165943,1,22,62,4.6350860379191,8.95960919211254,4.6350860379191,4.6350860379191,8.95960919211254,4.6350860379191,0.487417678335717,0.504321847003206,0.487417678335717,0.490578589659512,0.503235825308532,0.490578589659512
4.09989860797544,0.255926477024595,1,0,0,-0.472928517429751,1.54162411498715,0,-0.783178013165943,1,22,62,2.98239927982109,7.45900419173101,2.98239927982109,2.98239927982109,7.45900419173101,2.98239927982109,0.480245333514968,0.506632179262304,0.480245333514968,0.485205873586948,0.504965684622077,0.485205873586948
1.08607897571209,0.0568392433574254,1,0,0,-0.322394141093347,-0.504243721437472,1,-0.783178013165943,1,22,62,1.23760019606928,6.59186192667839,1.23760019606928,1.23760019606928,6.59186192667839,1.23760019606928,0.579774603592695,0.699549456670716,0.579774603592695,0.559973561678609,0.653476416261876,0.559973561678609
-0.761687521573914,-0.369813688872434,1,1,0,0.360095857800936,-0.779321872402255,0,-0.783178013165943,1,22,62,2.32750204289306,5.03484462369762,2.32750204289306,2.32750204289306,5.03484462369762,2.32750204289306,0.56343330462235,0.578442434033959,0.56343330462235,0.547616010699976,0.558963965656211,0.547616010699976
-1.69190130778147,-5.31740760179713,1,0,0,-1.88134345797842,-0.870193497179938,0,-0.783178013165943,1,22,62,-2.24624821344333,0.610988509090926,-2.24624821344333,-2.24624821344333,0.610988509090926,-2.24624821344333,0.556453970222882,0.872067319330724,0.556453970222882,0.54235408583974,0.81109744181742,0.54235408583974
1.36016299918811,1.13914591981519,1,0,0,0.378819436107721,0.237674029056723,1,-0.783178013165943,1,22,62,3.38194510096561,8.53843404505367,3.38194510096561,3.38194510096561,8.53843404505367,3.38194510096561,0.588857897449141,0.711287660931191,0.588857897449141,0.56686903553027,0.663068524693888,0.56686903553027
1.97611586658695,0.060897871401203,0,1,0,0.115348823542262,-0.666632627375703,0,-0.783178013165943,1,22,62,1.95069721940227,4.4950962792841,1.95069721940227,1.95069721940227,4.4950962792841,1.95069721940227,0.570993102540689,0.572532605899162,0.570993102540689,0.553325843502673,0.554490039375764,0.553325843502673
8.22284736473788,4.42418725495399,0,0,1,0.458986379506428,-0.372229429323673,1,-0.783178013165943,1,22,62,8.17093027743726,8.17093027743726,2.93237552938263,8.17093027743726,8.17093027743726,2.93237552938263,0.714634893180681,0.714634893180681,0.585095431236259,0.665823221974491,0.665823221974491,0.564010273721114
1.04768562707022,-3.05921594449992,0,0,0,-0.103025135795445,-0.995164745556864,1,-0.783178013165943,1,22,62,1.18541718254569,7.27577005334495,1.18541718254569,1.18541718254569,7.27577005334495,1.18541718254569,0.54555832552645,0.659469315173849,0.54555832552645,0.534155243538296,0.621422761688576,0.534155243538296
7.37039992643585,4.63188769149336,1,0,1,0.738533697364597,0.602778618347243,0,-0.783178013165943,1,22,62,6.92982027550649,6.92982027550649,4.46647821276988,6.92982027550649,6.92982027550649,4.46647821276988,0.636288776537955,0.636288776537955,0.574742253264138,0.60329107178202,0.60329107178202,0.556161900127268
8.87586572549107,8.4026825674353,1,0,0,3.20352029620804,1.35309838338318,0,-0.783178013165943,1,22,62,10.1467711754927,14.0776464106069,10.1467711754927,10.1467711754927,14.0776464106069,10.1467711754927,0.505998553930504,0.993526341722749,0.505998553930504,0.504491249557702,0.984090800050484,0.504491249557702
1.64641421106854,-0.289705725973756,1,1,0,-0.861820634396222,1.06547021414379,0,-0.783178013165943,1,22,62,1.72846114504479,4.96368792227241,1.72846114504479,1.72846114504479,4.96368792227241,1.72846114504479,0.538765403911879,0.6239866359614,0.538765403911879,0.529051858257582,0.593766303883288,0.529051858257582
7.19577703263482,5.60562337166363,0,0,1,-0.803453541871444,1.59524477821646,0,-0.795256814876914,1,23,63,7.00071019529229,7.00071019529229,2.3559042928654,7.00071019529229,7.00071019529229,2.3559042928654,0.54975105965407,0.54975105965407,0.47374353909677,0.537308152825607,0.537308152825607,0.480332955779356
3.81481548570733,1.52927300325033,1,0,1,-0.51647762314562,-0.728421433874707,0,-0.795256814876914,1,23,63,3.23678770355396,3.23678770355396,0.606189918225878,3.23678770355396,3.23678770355396,0.606189918225878,0.599028973047736,0.599028973047736,0.568398272936491,0.574616520879962,0.574616520879962,0.551364713290231
5.29255710496643,1.05106708329901,0,1,1,-1.36743846524795,-0.3690390254037,1,-0.795256814876914,1,23,63,4.49984044476314,4.49984044476314,-0.73634935750777,4.49984044476314,4.49984044476314,-0.73634935750777,0.84825009943172,0.84825009943172,0.586589453973157,0.78630130925643,0.78630130925643,0.565145007248153
11.9733544414672,9.17198106757427,0,0,1,-0.891406746879419,2.56531401643472,0,-0.795256814876914,1,23,63,11.8309031239841,11.8309031239841,3.15006712106771,11.8309031239841,11.8309031239841,3.15006712106771,0.379279394421133,0.379279394421133,0.295308163015908,0.408752226661286,0.408752226661286,0.3423341215889
10.0389570895498,8.88299601914238,1,0,1,1.51824672391538,-0.604361210624019,1,-0.795256814876914,1,23,63,10.2649513085055,10.2649513085055,4.79969883559857,10.2649513085055,10.2649513085055,4.79969883559857,0.868474300346322,0.868474300346322,0.576048696928058,0.807259551359009,0.807259551359009,0.557150886587723
6.17082433307163,2.657611300686,1,0,1,0.225584316456595,-0.639078650234107,0,-0.795256814876914,1,23,63,4.68807810225596,4.68807810225596,2.17965658107091,4.68807810225596,4.68807810225596,2.17965658107091,0.579924668197528,0.579924668197528,0.57405449208354,0.560087315681405,0.560087315681405,0.555641412738508
5.01185706215302,1.4170432751338,1,0,1,-0.909490574867444,0.203614642091067,0,-0.795256814876914,1,23,63,2.89365901322188,2.89365901322188,0.752200090748005,2.89365901322188,2.89365901322188,0.752200090748005,0.681305291484718,0.681305291484718,0.590927221535885,0.638761833726064,0.638761833726064,0.568442927995297
9.5083603657068,8.67052105543929,1,0,1,0.784040624616162,0.605771770883367,1,-0.795256814876914,1,23,63,10.0083790569067,10.0083790569067,4.54141961850752,10.0083790569067,10.0083790569067,4.54141961850752,0.7451557937067,0.7451557937067,0.575969887604508,0.691386919514241,0.691386919514241,0.557091216566153
11.779977136202,11.5393684165145,0,0,1,0.992859891546955,1.8179204124866,0,-0.795256814876914,1,23,63,11.5760414201078,11.5760414201078,6.17120679397233,11.5760414201078,11.5760414201078,6.17120679397233,0.553982184058144,0.553982184058144,0.438143610935123,0.540492516383485,0.540492516383485,0.453573622287676
6.07651679802173,1.63192660363682,1,0,1,0.106545441210529,-1.04228708289474,0,-0.795256814876914,1,23,63,4.72473276108737,4.72473276108737,1.53837039791814,4.72473276108737,4.72473276108737,1.53837039791814,0.543804612392033,0.543804612392033,0.542474330860949,0.532837165993816,0.532837165993816,0.531837598429312
2.73299029915712,-0.302922401695161,1,0,0,-1.63044204035721,1.34384136725609,0,-0.795256814876914,1,23,63,0.450523884933488,4.3564335052822,0.450523884933488,0.450523884933488,4.3564335052822,0.450523884933488,0.508602185500611,0.785338276843969,0.508602185500611,0.506440804195336,0.726518567574331,0.506440804195336
4.99219715285512,3.49795138437298,0,0,1,0.389435105690663,-1.02989618739812,0,-0.795256814876914,1,23,63,5.27722677919222,5.27722677919222,2.11654062237503,5.27722677919222,5.27722677919222,2.11654062237503,0.561387071220787,0.561387071220787,0.543677907680926,0.546072400798166,0.546072400798166,0.532741951046638
5.12025130133713,3.36931595337099,1,1,1,-0.891094260997773,1.20912751340885,0,-0.795256814876914,1,23,63,5.35649493348741,5.35649493348741,1.79450558980513,5.35649493348741,5.35649493348741,1.79450558980513,0.616480897164556,0.616480897164556,0.524819650309933,0.587984357488297,0.587984357488297,0.518589939116904
10.9996429040173,7.51461972900013,0,0,1,0.145831007851424,1.51333594700766,0,-0.795256814876914,1,23,63,8.56275024960791,8.56275024960791,4.17256456110233,8.56275024960791,8.56275024960791,4.17256456110233,0.488252860056972,0.488252860056972,0.485744539815843,0.491204072589944,0.491204072589944,0.489325467789032
4.56652956681395,2.57444445275679,1,0,0,0.550313631063469,0.607799123644094,1,-0.795256814876914,1,23,63,4.07599298416286,9.54541275886539,4.07599298416286,4.07599298416286,9.54541275886539,4.07599298416286,0.575856289235774,0.715790573061937,0.575856289235774,0.55700520868381,0.666776405334448,0.55700520868381
8.73850814732452,5.33619249370201,1,0,1,1.39968345353086,-0.996920322909038,0,-0.795256814876914,1,23,63,7.26386331277357,7.26386331277357,4.17001318254451,7.26386331277357,7.26386331277357,4.17001318254451,0.753561383020164,0.753561383020164,0.546808548672573,0.69858378115902,0.69858378115902,0.535095149692845
4.21984205456771,1.76707994634078,1,0,1,0.131296096647943,-0.794828847096831,0,-0.795256814876914,1,23,63,4.56708284076816,4.56708284076816,1.83532994459088,4.56708284076816,4.56708284076816,1.83532994459088,0.565704365522968,0.565704365522968,0.563702281226617,0.54933013801433,0.54933013801433,0.547818975118501
2.51752455017912,0.439187349396855,0,0,1,-0.512265164344202,-0.634851127866547,0,-0.795256814876914,1,23,63,3.2112210963903,3.2112210963903,0.708185141836873,3.2112210963903,3.2112210963903,0.708185141836873,0.60432219878067,0.60432219878067,0.574303406327375,0.578660533608859,0.578660533608859,0.555829775285908
4.70808749413499,1.85454331340476,0,0,1,-0.525347841156181,0.218259926836629,0,-0.795256814876914,1,23,63,3.68276823857882,3.68276823857882,1.53513084291609,3.68276823857882,3.68276823857882,1.53513084291609,0.621803462214207,0.621803462214207,0.590644710097088,0.592082340211269,0.592082340211269,0.568227986265679
2.82636032822565,1.27984137131317,1,0,0,-0.434864107816046,-0.0860166835402221,0,-0.795256814876914,1,23,63,1.41182169921951,3.51922056906677,1.41182169921951,1.41182169921951,3.51922056906677,1.41182169921951,0.592483589942753,0.613891973875942,0.592483589942753,0.569627445069724,0.585994804346867,0.569627445069724
8.44240095130186,8.69982640063427,1,0,1,0.249227210241017,0.892010541973556,1,-0.795256814876914,1,23,63,9.65371436783937,9.65371436783937,3.75803156084742,9.65371436783937,9.65371436783937,3.75803156084742,0.674381632156331,0.674381632156331,0.556069236972591,0.633233953999127,0.633233953999127,0.542064267596352
5.64181950428568,3.23563438125684,0,0,1,0.683222639325577,0.151331489435619,0,-0.795256814876914,1,23,63,6.0082445861734,6.0082445861734,3.8853433664786,6.0082445861734,6.0082445861734,3.8853433664786,0.64388877702081,0.64388877702081,0.591775430052747,0.609207647797849,0.609207647797849,0.569088397553924
11.2154249551214,10.3166552422369,1,1,1,2.39177325879603,-0.365562886636904,1,-0.795256814876914,1,23,63,12.0191864534333,12.0191864534333,6.78555022934698,12.0191864534333,12.0191864534333,6.78555022934698,0.973751639009025,0.973751639009025,0.586706554598102,0.94515137698419,0.94515137698419,0.565233971316196
7.72158892227338,6.14556549992106,1,0,1,0.641521863093262,0.38823110253732,0,0.151742044915257,1,24,64,6.89897256950612,6.89897256950612,4.64824918052878,6.89897256950612,6.89897256950612,4.64824918052878,0.523531105524225,0.523531105524225,0.474995463850565,0.517624113634785,0.517624113634785,0.481271463723985
7.89285720990123,6.81037640790236,1,0,0,0.651165120380468,1.9680417229631,0,0.151742044915257,1,24,64,6.24734631552897,12.2205345388525,6.24734631552897,6.24734631552897,12.2205345388525,6.24734631552897,0.308954360232178,0.353494783430699,0.308954360232178,0.353410125825301,0.388749348514593,0.353410125825301
4.48608354884572,0.797578539542939,1,1,0,-0.329958017518986,0.662955170175667,0,0.151742044915257,1,24,64,2.98001348694263,5.51952304460528,2.98001348694263,2.98001348694263,5.51952304460528,2.98001348694263,0.461415492217787,0.474213465390463,0.461415492217787,0.471083963511325,0.480685250605587,0.471083963511325
4.68255011122409,3.16737860719802,1,1,0,-0.650601540429045,1.09217239561927,1,0.151742044915257,1,24,64,2.76794366656612,9.06078420831886,2.76794366656612,2.76794366656612,9.06078420831886,2.76794366656612,0.426293366735261,0.59272411168975,0.426293366735261,0.444621795144277,0.569810560656515,0.444621795144277
3.81091776651182,3.24520553709928,0,0,1,-0.305702512249947,-0.682185858747606,0,0.151742044915257,1,24,64,4.24876101443264,4.24876101443264,1.68338346855744,4.24876101443264,4.24876101443264,1.68338346855744,0.471181210586674,0.471181210586674,0.460201438613082,0.478411724338414,0.478411724338414,0.470172301840775
5.28119807156424,4.63427647215,1,1,1,0.0958826792860566,-0.29263252203617,0,0.151742044915257,1,24,64,5.06174098129413,5.06174098129413,2.87610718834088,5.06174098129413,5.06174098129413,2.87610718834088,0.479144958526827,0.479144958526827,0.478061814898292,0.484381363552871,0.484381363552871,0.48356969387622
0.962979219832031,-1.25512540534426,1,1,0,-1.59058680647791,1.43612027399203,0,0.151742044915257,1,24,64,1.23192101284115,5.3943624542121,1.23192101284115,1.23192101284115,5.3943624542121,1.23192101284115,0.386633772546983,0.675855585768993,0.386633772546983,0.414408928029011,0.634408323876522,0.414408928029011
7.10474029036693,6.05653848178106,1,1,1,0.886205618195277,0.319038706407921,0,0.151742044915257,1,24,64,7.27020999078985,7.27020999078985,5.06842429460341,7.27020999078985,7.27020999078985,5.06842429460341,0.569543930591514,0.569543930591514,0.477300748220017,0.552230412130274,0.552230412130274,0.482999333137401
7.55146979151086,5.96211961635564,0,0,1,0.429744984608815,0.500502242344993,0,0.151742044915257,1,24,64,6.68746905795992,6.68746905795992,4.33696656336756,6.68746905795992,6.68746905795992,4.33696656336756,0.492062195250687,0.492062195250687,0.470298459326609,0.494056679807861,0.494056679807861,0.47774971416542
2.40298058718637,3.67634782861402,0,0,0,-0.508114161020366,1.27366435825867,1,0.151742044915257,1,24,64,3.23441038802288,9.95663128552135,3.23441038802288,3.23441038802288,9.95663128552135,3.23441038802288,0.406565334965192,0.55380195874419,0.406565334965192,0.42964837472445,0.540356822032885,0.42964837472445
5.53919325458258,5.91215197682332,1,0,1,0.525426377961576,-0.494963814870772,0,0.151742044915257,1,24,64,5.87785247088874,5.87785247088874,3.53286329285732,5.87785247088874,5.87785247088874,3.53286329285732,0.503108100543961,0.503108100543961,0.470557869969727,0.50232706252021,0.50232706252021,0.477944263343285
4.4580032179523,4.30697845748792,1,0,0,0.338998164434367,0.803291362975066,0,0.151742044915257,1,24,64,4.45826204364874,7.20353905747907,4.45826204364874,4.45826204364874,7.20353905747907,4.45826204364874,0.451771454126988,0.465244791819954,0.451771454126988,0.463837044153498,0.473958419980799,0.463837044153498
9.18786489286242,7.78241667174216,1,1,1,2.72524474483193,-0.491754531458492,0,0.151742044915257,1,24,64,10.2775318292203,10.2775318292203,7.9357093100103,10.2775318292203,10.2775318292203,7.9357093100103,0.969900100332745,0.969900100332745,0.470706873349298,0.938520414596089,0.938520414596089,0.478056008228627
4.46486532962603,4.61503916905612,0,1,0,-0.161850852820424,1.7653470883493,0,0.151742044915257,1,24,64,4.41861973451338,9.63507007685673,4.41861973451338,4.41861973451338,9.63507007685673,4.41861973451338,0.340459186631875,0.343255157341683,0.340459186631875,0.378520897579646,0.380722017194547,0.378520897579646
-1.02746213589122,-2.03913598602826,1,0,0,-1.5161378380723,-1.76234361022457,0,0.151742044915257,1,24,64,-1.81764493456424,3.38821006593512,-1.81764493456424,-1.81764493456424,3.38821006593512,-1.81764493456424,0.340910826596353,0.605241738909547,0.340910826596353,0.378876727122013,0.57936395511286,0.378876727122013
5.08700720704757,5.68849249573879,1,1,1,0.0876411244056626,-0.12958622106431,0,0.151742044915257,1,24,64,5.13946296824168,5.13946296824168,3.02267037955195,5.13946296824168,5.13946296824168,3.02267037955195,0.482211987983022,0.482211987983022,0.481306612198245,0.486679316876081,0.486679316876081,0.486001023432548
7.62472184823203,5.52817897443214,0,0,1,0.410284967637901,-0.672896944354621,0,0.151742044915257,1,24,64,5.6774376404479,5.6774376404479,3.12464734272612,5.6774376404479,5.6774376404479,3.12464734272612,0.480591758183105,0.480591758183105,0.460792136391009,0.485465434840888,0.485465434840888,0.47061589175266
7.57784910070332,6.67474515187225,1,1,1,-1.17762307564523,0.83750142148325,1,0.151742044915257,1,24,64,7.26063825298418,7.26063825298418,1.45922962199772,7.26063825298418,7.26063825298418,1.45922962199772,0.71619329081966,0.71619329081966,0.449146325707227,0.667108813935199,0.667108813935199,0.461862266794975
-1.25726106890307,0.491494901190813,0,1,0,-1.77468963713602,0.693026017378295,0,0.151742044915257,1,24,64,0.120621094911185,2.70090615567441,0.120621094911185,0.120621094911185,2.70090615567441,0.120621094911185,0.459501992536232,0.791300950949942,0.459501992536232,0.469646994258216,0.731904257498629,0.469646994258216
5.39887267125115,7.18988011432669,1,1,1,-0.0517156188648744,-0.238910546612132,1,0.151742044915257,1,24,64,7.79171081674556,7.79171081674556,2.63463256746306,7.79171081674556,7.79171081674556,2.63463256746306,0.596565227777575,0.596565227777575,0.479407567860366,0.572737125099388,0.572737125099388,0.484578142970733
2.51718796033634,2.55522141777592,1,0,0,-0.767050788934228,1.22603400950175,0,0.151742044915257,1,24,64,2.66890678343823,6.27206617589316,2.66890678343823,2.66890678343823,6.27206617589316,2.66890678343823,0.412009662902915,0.480578266424132,0.412009662902915,0.433790467689246,0.485455326166753,0.433790467689246
-0.547931674613981,-3.0404095987475,1,1,0,-2.22288856082504,0.653287516354075,1,0.151742044915257,1,24,64,-0.81551525349106,4.71126932553302,-0.81551525349106,-0.81551525349106,4.71126932553302,-0.81551525349106,0.462012870193253,0.937129630457847,0.462012870193253,0.471532487957028,0.889075997481705,0.471532487957028
15.2676764173887,13.8931294048057,1,1,1,2.5999261584914,0.755379745663642,1,0.151742044915257,1,24,64,14.6028049746103,14.6028049746103,8.93220641445139,14.6028049746103,14.6028049746103,8.93220641445139,0.972681051576323,0.972681051576323,0.455267912004482,0.943284898451747,0.943284898451747,0.466465793286663
10.7365483309542,5.91607152640047,1,1,1,0.915501324754222,-0.669234035687001,0,0.151742044915257,1,24,64,6.68661716014829,6.68661716014829,4.13874296562638,6.68661716014829,6.68661716014829,4.13874296562638,0.559595908714634,0.559595908714634,0.461022869174507,0.544721827907295,0.544721827907295,0.470789151842651
4.30161497097311,8.29162186716685,1,0,1,0.394059820008693,0.859476724352094,0,-1.09578766436802,1,23,65,6.28554599869136,6.28554599869136,3.44684575898835,6.28554599869136,6.28554599869136,3.44684575898835,0.610992427412979,0.610992427412979,0.593397840428988,0.583769335223761,0.583769335223761,0.570323574397155
-1.04446228481014,0.341996200132358,0,0,0,-0.982500241706491,-0.0722274373265881,0,-1.09578766436802,1,23,65,-0.237978526120701,1.86723827658207,-0.237978526120701,-0.237978526120701,1.86723827658207,-0.237978526120701,0.626414274498972,0.726209963323074,0.626414274498972,0.595641004347219,0.675420248914117,0.595641004347219
4.85588928227448,4.08274348095253,0,1,1,-0.994644592758328,-0.841227017926275,1,-1.09578766436802,1,23,65,4.77639608686507,4.77639608686507,-1.03126680882406,4.77639608686507,4.77639608686507,-1.03126680882406,0.791013157493871,0.791013157493871,0.594813591062528,0.731643164959389,0.731643164959389,0.571402021674445
8.7279693794642,8.3919818854153,1,1,1,0.440202744451004,-2.11072001837834,0,-1.09578766436802,1,23,65,7.12407386112561,7.12407386112561,0.568934865142534,7.12407386112561,7.12407386112561,0.568934865142534,0.442123379448446,0.442123379448446,0.419673358146559,0.456574015956598,0.456574015956598,0.439607941468249
5.00631965587072,5.64732518890818,1,1,1,-0.537252154747136,-0.194020719222875,1,-1.09578766436802,1,23,65,5.66836840538948,5.66836840538948,0.530724365901721,5.66836840538948,5.66836840538948,0.530724365901721,0.754673277113602,0.754673277113602,0.62497577083397,0.699541359238797,0.699541359238797,0.594529866754064
4.16452986123462,6.51010513763128,0,0,1,0.748021993518194,-0.0339873636728475,0,-1.09578766436802,1,23,65,5.36246115887184,5.36246115887184,3.26130601798241,5.36246115887184,5.36246115887184,3.26130601798241,0.68634150192724,0.68634150192724,0.626594304079538,0.642801572952469,0.642801572952469,0.595780121443053
7.75090227267613,6.44323293955715,0,0,1,0.81232916546036,-1.6745726440919,0,-1.09578766436802,1,23,65,6.65352862178863,6.65352862178863,1.74933508144769,6.65352862178863,6.65352862178863,1.74933508144769,0.574297223641913,0.574297223641913,0.496944475035958,0.55582509645583,0.55582509645583,0.497712294989405
2.37066739322269,4.66335907134529,0,0,1,-0.371735056870925,-1.06159731542698,0,-1.09578766436802,1,23,65,3.2211708255718,3.2211708255718,-0.00581803454995633,3.2211708255718,3.2211708255718,-0.00581803454995633,0.591442147873655,0.591442147873655,0.575568051844519,0.568834752952643,0.568834752952643,0.556786990687003
-1.25462435055193,0.144404191787695,1,0,0,-0.52323524977393,-0.610282388978039,0,-1.09578766436802,1,23,65,0.14249650609297,2.61494110038971,0.14249650609297,0.14249650609297,2.61494110038971,0.14249650609297,0.610004373183629,0.640370439412532,0.610004373183629,0.583011640453714,0.606465408194637,0.583011640453714
3.28565251743214,4.126353107101,1,0,0,-0.248779247355432,0.570369295238717,0,-1.09578766436802,1,23,65,1.87206019514672,4.29738132809783,1.87206019514672,1.87206019514672,4.29738132809783,1.87206019514672,0.612124298950685,0.619056197771145,0.612124298950685,0.58463772673724,0.589965839935814,0.58463772673724
-0.972580042176066,1.82880381073722,0,0,0,-0.439090109943295,-1.16238372232521,0,-1.09578766436802,1,23,65,-0.241314547592935,3.20982137033368,-0.241314547592935,-0.241314547592935,3.20982137033368,-0.241314547592935,0.565186459108815,0.587432165775354,0.565186459108815,0.548939151586452,0.565785314598639,0.548939151586452
2.68401672466153,5.49302459762944,1,0,1,-0.00583844019357779,0.0282216132791638,0,-1.09578766436802,1,23,65,3.91659058696696,3.91659058696696,1.81579412751088,3.91659058696696,3.91659058696696,1.81579412751088,0.626613977523548,0.626613977523548,0.626610200710666,0.595795324793812,0.595795324793812,0.595792406115939
0.802517598389268,4.37433065505639,0,0,1,-0.625124193877334,-0.619418695687177,0,-1.09578766436802,1,23,65,2.41326183174383,2.41326183174383,-0.0704176888229763,2.41326183174383,2.41326183174383,-0.0704176888229763,0.652559687197416,0.652559687197416,0.609498362844442,0.615990746649384,0.615990746649384,0.582623731584714
10.6291388015229,13.4392673477156,0,0,1,-1.10416457575094,2.60204544452444,0,-1.09578766436802,1,23,65,11.0636061830118,11.0636061830118,2.19296568764143,11.0636061830118,11.0636061830118,2.19296568764143,0.453709706762465,0.453709706762465,0.31801190474219,0.465294488582011,0.465294488582011,0.360691406352221
2.40559818574661,3.79188499359175,0,1,0,0.118849362108785,1.03054400186353,0,-1.09578766436802,1,23,65,3.06749212069997,6.22951306047688,3.06749212069997,3.06749212069997,6.22951306047688,3.06749212069997,0.578565668157208,0.580192707105189,0.578565668157208,0.559057342197971,0.560290511499882,0.559057342197971
4.19172577140204,5.6402953372809,1,0,1,0.364215362619086,-1.38138246025824,0,-1.09578766436802,1,23,65,5.15451516110791,5.15451516110791,1.1462976595988,5.15451516110791,5.15451516110791,1.1462976595988,0.554689326233094,0.554689326233094,0.539165926552021,0.541024984014103,0.541024984014103,0.529352609898255
3.74978278998716,3.12718963244487,0,1,0,0.258192706497908,0.642737440814836,0,-1.09578766436802,1,23,65,2.95837224842952,5.47148366625473,2.95837224842952,2.95837224842952,5.47148366625473,2.95837224842952,0.608171715045569,0.615663247469435,0.608171715045569,0.58160712725977,0.587355746325399,0.58160712725977
-1.12059074553947,-0.203599580986459,0,0,0,-0.831953543996081,-1.74830850836684,0,-1.09578766436802,1,23,65,-1.61296620174013,3.54361643868775,-1.61296620174013,-1.61296620174013,3.54361643868775,-1.61296620174013,0.485033688518097,0.5663435152326,0.485033688518097,0.488793031183575,0.54981272698595,0.488793031183575
10.2993520285301,11.1457536169345,1,1,1,1.47628935043666,-0.185402467492042,1,-1.09578766436802,1,23,65,9.70079970295229,9.70079970295229,4.56642562800015,9.70079970295229,9.70079970295229,4.56642562800015,0.884624752836773,0.884624752836773,0.625120925589146,0.824817830342668,0.824817830342668,0.594641951134239
6.02765355510705,6.83348931692393,1,1,1,1.05290370002618,0.419615707209126,0,-1.09578766436802,1,23,65,6.60074984361698,6.60074984361698,4.32467250188036,6.60074984361698,6.60074984361698,4.32467250188036,0.73326180698742,0.73326180698742,0.618811283341066,0.681324004715472,0.681324004715472,0.589777293795546
6.86904384130431,7.09067226899066,0,0,1,-1.68403790169485,1.86869581823745,0,-1.09578766436802,1,23,65,5.89189347056476,5.89189347056476,0.299869409466627,5.89189347056476,5.89189347056476,0.299869409466627,0.769048924247199,0.769048924247199,0.464529545207879,0.712046324136455,0.712046324136455,0.473421638477585
6.30662242981866,8.14093237731778,1,0,1,1.00619532934571,0.327185370367866,0,-1.09578766436802,1,23,65,6.34587569026091,6.34587569026091,4.13882542367815,6.34587569026091,6.34587569026091,4.13882542367815,0.726815363377841,0.726815363377841,0.621889783836853,0.675925341870161,0.675925341870161,0.592148888689387
8.84405884974706,10.5005537731403,1,1,1,1.27046740276861,-0.91070086472819,1,-1.09578766436802,1,23,65,9.35885940044457,9.35885940044457,3.4294833354279,9.35885940044457,9.35885940044457,3.4294833354279,0.833202318845059,0.833202318845059,0.589253310144955,0.771334278225915,0.771334278225915,0.5671696905147
9.0031624201438,12.2938482861426,1,1,1,1.81152867380981,1.73482593639303,0,-1.8792816411984,1,24,66,9.93580482664927,9.93580482664927,4.8261837970673,9.93580482664927,9.93580482664927,4.8261837970673,0.868631808397257,0.868631808397257,0.579078882334243,0.807427019817588,0.807427019817588,0.559446251319566
-3.91706707138542,-3.60560543153997,0,0,0,-2.1275591147404,-0.244936665729969,1,-1.8792816411984,1,24,66,-5.03175438215612,0.128239588062796,-5.03175438215612,-5.03175438215612,0.128239588062796,-5.03175438215612,0.706492223154453,0.972709490270964,0.706492223154453,0.659137275929483,0.943334239846031,0.659137275929483
2.55384924730623,4.8244235194588,1,1,1,0.782799835223442,0.7520035664727,0,-1.8792816411984,1,24,66,4.45141311396188,4.45141311396188,1.78590374997422,4.45141311396188,4.45141311396188,1.78590374997422,0.745397124046087,0.745397124046087,0.686158866090359,0.691592531953305,0.691592531953305,0.642654788476394
-6.11909538126606,-3.07546568977853,1,0,0,-1.57152633921442,-1.03963168427706,0,-1.8792816411984,1,24,66,-4.71438384965125,-1.5335498106985,-4.71438384965125,-4.71438384965125,-1.5335498106985,-4.71438384965125,0.664702700553665,0.866375355889435,0.664702700553665,0.62555370446697,0.805034518748773,0.62555370446697
5.76320397504161,4.23178865921101,1,0,1,1.39455655819849,0.472350447132464,0,-1.8792816411984,1,24,66,5.05287902149033,5.05287902149033,2.72976407658409,5.05287902149033,5.05287902149033,2.72976407658409,0.855830371625282,0.855830371625282,0.700011713026694,0.794035279751733,0.794035279751733,0.653852223007763
-0.543854197018399,0.416808910046053,1,0,1,-1.42555259850886,-1.00496419854729,0,-1.8792816411984,1,24,66,-1.27781584214857,-1.27781584214857,-4.38776888251036,-1.27781584214857,-1.27781584214857,-4.38776888251036,0.841712163596144,0.841712163596144,0.667695265353136,0.779738121363107,0.779738121363107,0.627922609351856
2.72667160023524,5.70133950668087,1,0,1,-0.631664848496876,-1.19422743377846,1,-1.8792816411984,1,24,66,3.53692254587152,3.53692254587152,-2.98925661771757,3.53692254587152,3.53692254587152,-2.98925661771757,0.783437350291118,0.783437350291118,0.649944067647489,0.724811886656897,0.724811886656897,0.613940764369623
-2.65350316874348,0.745544036310513,0,0,0,-0.428726528008009,-0.397374285664314,0,-1.8792816411984,1,24,66,-1.78652682862569,0.471379494281533,-1.78652682862569,-1.78652682862569,0.471379494281533,-1.78652682862569,0.702611732887752,0.720573673401355,0.702611732887752,0.655968888731716,0.670733059749233,0.655968888731716
12.8696491836566,14.4504212540886,1,0,1,1.25257631340394,-3.06027444605854,1,-1.8792816411984,1,24,66,13.3784583790029,13.3784583790029,-1.08682130619601,13.3784583790029,13.3784583790029,-1.08682130619601,0.582150150015184,0.582150150015184,0.292369205318358,0.561774940235078,0.561774940235078,0.339930934729355
10.844677799863,13.2521003896194,1,1,1,1.71109788320168,0.906113892435998,1,-1.8792816411984,1,24,66,9.71765255795952,9.71765255795952,3.796610171894,9.71765255795952,9.71765255795952,3.796610171894,0.932945579049532,0.932945579049532,0.675607579254802,0.883422545756138,0.883422545756138,0.634210634093588
-1.59050877309381,0.546524141248273,1,1,1,-0.999517309734047,-0.21599294039396,0,-1.8792816411984,1,24,66,-0.600074096507384,-0.600074096507384,-2.74672704680741,-0.600074096507384,-0.600074096507384,-2.74672704680741,0.795551621227335,0.795551621227335,0.70701875785886,0.735774481533815,0.735774481533815,0.659568059762539
-4.88526178986751,-3.74763701081224,1,0,0,-1.91838095350493,-0.349237300926849,0,-1.8792816411984,1,24,66,-4.71769869488207,-2.4957320025234,-4.71769869488207,-4.71769869488207,-2.4957320025234,-4.71769869488207,0.704039394262478,0.933922189134311,0.704039394262478,0.657133254693512,0.884731687877331,0.657133254693512
1.94672743941741,3.25887021333926,0,0,1,0.698515790276878,-0.791455210053003,0,-1.8792816411984,1,24,66,2.80027823307544,2.80027823307544,0.073876883555394,2.80027823307544,2.80027823307544,0.073876883555394,0.731642453673233,0.731642453673233,0.683660713040605,0.67996431551127,0.67996431551127,0.640649189760631
0.261892188110092,1.01191034149559,0,0,1,-0.448029035813565,-0.535285359851941,0,-1.8792816411984,1,24,66,0.423487498047391,0.423487498047391,-1.96304291842443,0.423487498047391,0.423487498047391,-1.96304291842443,0.717248636095585,0.717248636095585,0.697471303970927,0.667980537875453,0.667980537875453,0.6517888063086
1.66510020306841,1.29672193846348,1,0,1,-0.120578099126932,-0.661003495396547,0,-1.8792816411984,1,24,66,1.10306644033068,1.10306644033068,-1.43385918059577,1.10306644033068,1.10306644033068,-1.43385918059577,0.692873415732942,0.692873415732942,0.691400237847184,0.648065805924482,0.648065805924482,0.64687603285985
2.30599822603118,3.43611479582966,1,0,1,0.302737846149188,0.597992428548636,0,-1.8792816411984,1,24,66,3.12936357850315,3.12936357850315,0.671768633901654,3.12936357850315,3.12936357850315,0.671768633901654,0.703781362185677,0.703781362185677,0.69461067357157,0.656922698075513,0.656922698075513,0.649470768019459
-0.592198327898835,0.436522076153969,1,0,0,0.722778666031562,-1.40959071535616,0,-1.8792816411984,1,24,66,-0.495732870238398,3.5912131145799,-0.495732870238398,-0.495732870238398,3.5912131145799,-0.495732870238398,0.625394446158486,0.681415245456051,0.625394446158486,0.594853178401749,0.638849859878286,0.594853178401749
3.49039771481597,4.00993852932251,1,0,1,-0.697311554539351,0.239962944581805,1,-1.8792816411984,1,24,66,3.47122256333011,3.47122256333011,-1.68635965144226,3.47122256333011,3.47122256333011,-1.68635965144226,0.830797178417619,0.830797178417619,0.706587447989299,0.768986109470912,0.768986109470912,0.659215168431828
4.7929414816329,4.41922952032241,1,0,1,0.91719404254503,-1.47884178179324,0,-1.8792816411984,1,24,66,4.11081983192886,4.11081983192886,-0.176153183648535,4.11081983192886,4.11081983192886,-0.176153183648535,0.705548944606633,0.705548944606633,0.616478924806624,0.658366058785635,0.658366058785635,0.587982840845183
2.45154580508409,5.05518100527769,1,0,1,0.0275777248720835,1.05431806740375,0,-1.8792816411984,1,24,66,3.78936061745654,3.78936061745654,0.577774030202559,3.78936061745654,3.78936061745654,0.577774030202559,0.663480966052237,0.663480966052237,0.663400378766156,0.624588008307178,0.624588008307178,0.624524338377966
-1.81244704368159,-0.222455627361775,1,1,0,-0.232909059658282,-0.466737224757872,1,-1.8792816411984,1,24,66,-1.4642548310198,3.85358880595489,-1.4642548310198,-1.4642548310198,3.85358880595489,-1.4642548310198,0.700222354175895,0.794513046282399,0.700222354175895,0.654023521957318,0.734826432030754,0.654023521957318
0.48464248731371,1.68561645210205,1,0,1,0.0251528982480196,-0.926900959553446,0,-1.8792816411984,1,24,66,1.55085073881833,1.55085073881833,-1.40829465000277,1.55085073881833,1.55085073881833,-1.40829465000277,0.674085216354803,0.674085216354803,0.674019205956414,0.632997941758076,0.632997941758076,0.632945390048573
1.51752675894196,3.77146922004005,1,1,0,1.25575590028746,0.265799178257449,0,-1.8792816411984,1,24,66,2.24561149188702,4.41626069504936,2.24561149188702,2.24561149188702,4.41626069504936,2.24561149188702,0.706071308927114,0.836520551403768,0.706071308927114,0.658793056656914,0.774593149969359,0.658793056656914
7.1301429287137,7.69892357011835,1,0,1,-1.33569782685504,-2.91905206408628,1,-1.8792816411984,1,24,66,7.49871774810466,7.49871774810466,-6.12214720474173,7.49871774810466,7.49871774810466,-6.12214720474173,0.644120768939903,0.644120768939903,0.326665544646814,0.609388665278553,0.609388665278553,0.367599593457808
5.67429371111081,7.42084625649905,1,0,1,0.168389751312855,-0.102041949436435,1,-1.73736420079274,1,29,67,5.32671574643788,5.32671574643788,0.21630318699309,5.32671574643788,5.32671574643788,0.21630318699309,0.787781457764144,0.787781457764144,0.694303432651865,0.728719339553955,0.728719339553955,0.649222143208534
0.0480342496486195,4.08708506875735,1,0,1,-0.605981585853367,-1.47841276931346,0,-1.73736420079274,1,29,67,1.57689400925272,1.57689400925272,-2.70881030721638,1.57689400925272,1.57689400925272,-2.70881030721638,0.641429636209963,0.641429636209963,0.600540825126363,0.607290366695122,0.607290366695122,0.57577069220875
8.76696554425485,11.2591204647917,1,1,1,1.81771508878713,0.438599914860252,1,-1.73736420079274,1,29,67,9.34796561155375,9.34796561155375,4.05559572623833,9.34796561155375,9.34796561155375,4.05559572623833,0.946449545656331,0.946449545656331,0.686909512393428,0.902121388347449,0.902121388347449,0.643258222279143
1.81745812502444,4.85640231765746,0,0,1,-0.485685741820292,-1.84168516859748,0,-1.73736420079274,1,29,67,2.66031324179768,2.66031324179768,-2.83149101843425,2.66031324179768,2.66031324179768,-2.83149101843425,0.572279232047115,0.572279232047115,0.544809517379128,0.554298399551372,0.554298399551372,0.533592396069807
2.62714743154139,6.16098768354845,1,1,1,-1.27119993597885,1.53620659779701,0,-1.73736420079274,1,29,67,3.43530307075819,3.43530307075819,-1.02462764035687,3.43530307075819,3.43530307075819,-1.02462764035687,0.758195823162827,0.758195823162827,0.592608563186992,0.702583903768022,0.702583903768022,0.569722588501884
5.12120746031799,6.54068622980167,0,1,1,1.1817537083987,-0.913494798688087,0,-1.73736420079274,1,29,67,4.36605099914333,4.36605099914333,1.43157825191314,4.36605099914333,4.36605099914333,1.43157825191314,0.790860417206617,0.790860417206617,0.660100213879278,0.731504643585895,0.731504643585895,0.621919978878251
0.0690176466189776,4.14901874371137,0,1,0,0.67460409387665,1.08749187072678,0,-1.73736420079274,1,29,67,2.4182656922839,5.70090426118073,2.4182656922839,2.4182656922839,5.70090426118073,2.4182656922839,0.645128948874101,0.692908730780813,0.645128948874101,0.610175613973774,0.648094345369897,0.610175613973774
4.66514056810226,9.32196131202709,1,1,1,0.166295324071667,0.0811783852852411,1,-1.73736420079274,1,29,67,5.50192459746991,5.50192459746991,0.39533466723239,5.50192459746991,5.50192459746991,0.39533466723239,0.787847908299998,0.787847908299998,0.694457760912943,0.728779312133124,0.728779312133124,0.649347020198457
2.67031177247832,6.5584754830097,1,1,1,1.18875324022636,-0.346340548259293,0,-1.73736420079274,1,29,67,4.23268334136579,4.23268334136579,2.01273156599724,4.23268334136579,4.23268334136579,2.01273156599724,0.813900975136972,0.813900975136972,0.68986343080189,0.752799766754909,0.752799766754909,0.645636438244777
1.65240212074703,5.19953920904319,0,1,0,0.546697707702932,1.73138878369805,0,-1.73736420079274,1,29,67,2.80634983290773,7.90405695322316,2.80634983290773,2.80634983290773,7.90405695322316,2.80634983290773,0.563205558463965,0.597595909796599,0.563205558463965,0.547444168506675,0.573523132058435,0.547444168506675
3.64305411395895,7.65867190826296,1,1,1,-0.00148413828438638,0.928491021771854,0,-1.73736420079274,1,29,67,3.86918395651784,3.86918395651784,0.907088379006896,3.86918395651784,3.86918395651784,0.907088379006896,0.658923305125884,0.658923305125884,0.658923070272681,0.620992615789235,0.620992615789235,0.620992430806013
5.32679118218986,9.86899950095072,0,1,1,-0.603200612032379,1.96801722604049,0,-1.73736420079274,1,29,67,6.71627343777163,6.71627343777163,0.743181635779543,6.71627343777163,6.71627343777163,0.743181635779543,0.564796886848336,0.564796886848336,0.522189341403816,0.548645083217243,0.548645083217243,0.51661851744143
-3.25846550550175,-0.586747827228722,1,1,0,-1.26960322505397,-0.0137613159257427,0,-1.73736420079274,1,29,67,-2.57140213222987,-0.471212758413866,-2.57140213222987,-2.57140213222987,-0.471212758413866,-2.57140213222987,0.694716072412942,0.831250682651899,0.694716072412942,0.649556073721346,0.769427988513505,0.649556073721346
-2.09430749318842,1.92863472530922,1,0,0,-1.4417100748446,1.88582160500456,0,-1.73736420079274,1,29,67,-1.01603291088084,4.64029021502113,-1.01603291088084,-1.01603291088084,4.64029021502113,-1.01603291088084,0.53709252851184,0.756791689913622,0.53709252851184,0.527795892275852,0.701369474347562,0.527795892275852
-2.71624885649181,1.19391426482737,1,1,0,-0.487395973285156,-0.566297760112477,0,-1.73736420079274,1,29,67,-1.55952407287897,0.861169080229434,-1.55952407287897,-1.55952407287897,0.861169080229434,-1.55952407287897,0.681639518943731,0.70563838066064,0.681639518943731,0.639029430661172,0.658439152170743,0.639029430661172
3.51724882290155,5.22692361515826,1,1,0,1.21467119362137,0.871914468001396,0,-1.73736420079274,1,29,67,3.28282248904795,6.14305732855811,3.28282248904795,3.28282248904795,6.14305732855811,3.28282248904795,0.663254473560499,0.799358670691058,0.663254473560499,0.624409071457915,0.739263421174771,0.624409071457915
-1.75004419721342,1.42403918762723,0,0,0,-1.37601131156756,0.306035746062587,1,-1.73736420079274,1,29,67,-2.46442124326872,2.72923663459936,-2.46442124326872,-2.46442124326872,2.72923663459936,-2.46442124326872,0.690932311737935,0.900145152062257,0.690932311737935,0.646498433229512,0.842518431254294,0.646498433229512
6.71728415025539,6.37332349448204,1,0,1,0.741364451131533,-0.331905141917874,1,-1.73736420079274,1,29,67,6.34255041738053,6.34255041738053,1.13238939414901,6.34255041738053,6.34255041738053,1.13238939414901,0.823934624841513,0.823934624841513,0.690261665154415,0.762348224782639,0.762348224782639,0.645957503066211
4.66539478092222,8.65154739911972,1,1,1,-0.231246335347543,0.704576340746416,1,-1.73736420079274,1,29,67,5.82007712379475,5.82007712379475,0.223649303855145,5.82007712379475,5.82007712379475,0.223649303855145,0.77388954487537,0.77388954487537,0.674349843259204,0.716311753356175,0.716311753356175,0.633208640538767
-0.722833700082859,1.50423933490838,0,0,0,1.06295664818322,-2.42164511050839,0,-1.73736420079274,1,29,67,-0.314166180338129,7.65019886091107,-0.314166180338129,-0.314166180338129,7.65019886091107,-0.314166180338129,0.428663907247967,0.561253635442278,0.428663907247967,0.446414818633369,0.545971767802464,0.446414818633369
-1.51759059378566,2.42454405981323,1,1,0,0.0923288143336133,-0.321431213248323,0,-1.73736420079274,1,29,67,-0.155207950777282,2.04811007407301,-0.155207950777282,-0.155207950777282,2.04811007407301,-0.155207950777282,0.690539840706106,0.691405331631929,0.690539840706106,0.646181837163136,0.646880144177225,0.646181837163136
3.72925253111081,5.18745503865127,0,0,1,-0.399863620157279,1.03677594004936,0,-1.73736420079274,1,29,67,3.39351868340385,3.39351868340385,0.218614333538616,3.39351868340385,3.39351868340385,0.218614333538616,0.666851427926568,0.666851427926568,0.649792212013101,0.627254123951628,0.627254123951628,0.613821851372926
1.03500397616935,6.48598655139627,1,0,1,-0.0545855034245423,-1.29681847233446,0,-1.73736420079274,1,29,67,2.35731430480815,2.35731430480815,-1.42442384537973,2.35731430480815,2.35731430480815,-1.42442384537973,0.623522861644729,0.623522861644729,0.623191635244623,0.593408424063935,0.593408424063935,0.593152878088635
-1.38861707812418,2.11054145744271,1,1,0,-0.243685547165711,0.609229119484094,1,-1.73736420079274,1,29,67,0.103423658956488,5.57458377898385,0.103423658956488,0.103423658956488,5.57458377898385,0.103423658956488,0.679554593075009,0.778553788105994,0.679554593075009,0.637361289915555,0.720449442499383,0.637361289915555
7.27366906694717,9.57589131405555,1,1,1,0.49386124220443,0.867334508690886,1,-1.73736420079274,1,29,67,7.68889177686962,7.68889177686962,1.83662262690356,7.68889177686962,7.68889177686962,1.83662262690356,0.781194367602651,0.781194367602651,0.663592105533314,0.722804342084364,0.722804342084364,0.624675822548012
4.31447482861296,7.67306097334121,1,0,1,-0.740836098041109,0.923395813597271,1,-1.73736420079274,1,29,67,5.37594907988783,5.37594907988783,-0.576710748681133,5.37594907988783,5.37594907988783,-0.576710748681133,0.802154282469962,0.802154282469962,0.659325385061929,0.741839450879294,0.741839450879294,0.621309358507046
-2.51403100748154,-1.48058270261382,0,0,0,-0.327383016385072,-1.43511037388929,1,-1.73736420079274,1,29,67,-2.10831077285562,5.05123101238904,-2.10831077285562,-2.10831077285562,5.05123101238904,-2.10831077285562,0.606253828623623,0.72256584869052,0.606253828623623,0.580138488622671,0.672386658412527,0.580138488622671
2.83236506399781,5.15702696697853,1,0,1,-0.0739716452981677,0.72967292166528,0,-1.73736420079274,1,29,67,3.19571783748431,3.19571783748431,0.56329526487276,3.19571783748431,3.19571783748431,0.56329526487276,0.673418288818048,0.673418288818048,0.672846586510386,0.632467111009756,0.632467111009756,0.632012282352259
2.94044761318546,3.87241399542464,1,1,1,0.367337450836456,0.256158092972262,0,-1.73736420079274,1,29,67,3.13801559704418,3.13801559704418,0.97239862844899,3.13801559704418,3.13801559704418,0.97239862844899,0.705580280576549,0.705580280576549,0.692070059898248,0.658391668041372,0.658391668041372,0.647416813600156
5.9829926270603,6.72466600110531,0,0,1,-0.929251079165238,-1.04167395387829,1,-0.234591883282783,1,25,68,6.2298751622775,6.2298751622775,0.0447905360890759,6.2298751622775,6.2298751622775,0.0447905360890759,0.687282459668189,0.687282459668189,0.476477964272454,0.643558166327821,0.643558166327821,0.482382677367299
10.8650707875931,9.77468120951735,1,0,1,1.01768696193206,0.296337551097357,1,-0.234591883282783,1,25,68,10.4644940674497,10.4644940674497,5.27667812325932,10.4644940674497,10.4644940674497,5.27667812325932,0.742603728828291,0.742603728828291,0.52352481704732,0.689216143646088,0.689216143646088,0.517619400404281
3.28534582264257,4.14027349371087,1,1,1,0.215175541566737,-0.8263237637882,0,-0.234591883282783,1,25,68,5.33180493024421,5.33180493024421,2.54899396764311,5.33180493024421,5.33180493024421,2.54899396764311,0.50091680152094,0.50091680152094,0.495452432904724,0.500686411169295,0.500686411169295,0.496595163634779
-1.45154871983172,1.62665749379638,0,1,0,-0.821847547284405,0.0228168641699295,0,-0.234591883282783,1,25,68,1.32408841789896,3.42460902718951,1.32408841789896,1.32408841789896,3.42460902718951,1.32408841789896,0.527635640075411,0.605832441230496,0.527635640075411,0.520701079626321,0.579815968429323,0.520701079626321
1.87439078184409,0.191436567778698,1,0,0,0.268239706315094,-1.06869204015301,1,-0.234591883282783,1,25,68,2.41275402077502,8.65485669746141,2.41275402077502,2.41275402077502,8.65485669746141,2.41275402077502,0.473792549893005,0.599021760850515,0.473792549893005,0.480369699020106,0.574611016631065,0.480369699020106
1.10491572108142,0.614343577708691,1,0,0,-0.456941101059047,0.46070474075341,1,-0.234591883282783,1,25,68,2.49178918693315,7.80403804508582,2.49178918693315,2.49178918693315,7.80403804508582,2.49178918693315,0.517660029028576,0.655284967938629,0.517660029028576,0.513224796869072,0.618130308447913,0.513224796869072
6.65452797227746,4.52384760757541,1,1,0,1.24279141259925,0.947408891009348,0,-0.234591883282783,1,25,68,6.37795836450569,9.37554197126925,6.37795836450569,6.37795836450569,9.37554197126925,6.37795836450569,0.485317156685489,0.661856030958273,0.485317156685489,0.489005354976293,0.623304870559921,0.489005354976293
4.04522514462103,3.63246778714249,0,1,1,0.242098408924493,-0.910197890251476,0,-0.234591883282783,1,25,68,5.44742577531359,5.44742577531359,2.51896557589535,5.44742577531359,5.44742577531359,2.51896557589535,0.49549396697575,0.49549396697575,0.488578267513248,0.496626261640626,0.496626261640626,0.491447769732451
1.2648637185145,2.4667619906169,0,0,0,0.694304035830677,-1.72338150424538,0,-0.234591883282783,1,25,68,2.61019321571381,7.68023702488889,2.61019321571381,2.61019321571381,7.68023702488889,2.61019321571381,0.389251122137307,0.444585755261113,0.389251122137307,0.416417455894437,0.458429073195216,0.416417455894437
12.3167191646709,12.9286774483743,1,1,1,2.26040894883512,-1.60401033442125,1,-0.234591883282783,1,25,68,13.534623364477,13.534623364477,5.86177421154682,13.534623364477,13.534623364477,5.86177421154682,0.927729831879499,0.927729831879499,0.407259496655235,0.876533044798304,0.876533044798304,0.430176952411549
2.90244491305963,1.24153843499015,0,0,0,-0.709695251538856,2.10000090896446,0,-0.234591883282783,1,25,68,3.62557705418458,10.1355808718361,3.62557705418458,3.62557705418458,10.1355808718361,3.62557705418458,0.326629478733248,0.381145673275729,0.326629478733248,0.367570895858014,0.41018956405782,0.367570895858014
2.82358555882323,2.53610075912788,0,0,0,0.66152538869433,-0.779008137898042,0,-0.234591883282783,1,25,68,3.48900928778846,6.19586296669983,3.48900928778846,3.48900928778846,6.19586296669983,3.48900928778846,0.499038173264469,0.550521869263279,0.499038173264469,0.499279871327003,0.537888067609071,0.499279871327003
2.91983554349169,-0.196129453306342,0,0,0,-0.194824416082184,-0.242029062472354,0,-0.234591883282783,1,25,68,2.31328875366111,4.47186682074236,2.31328875366111,2.31328875366111,4.47186682074236,2.31328875366111,0.524902021829098,0.52936914676683,0.524902021829098,0.518651684458971,0.522000995882069,0.518651684458971
3.86341337194931,3.35875225141802,1,0,0,1.10932325258437,-1.25690756545943,0,-0.234591883282783,1,25,68,3.90670558800715,7.5865222161163,3.90670558800715,3.90670558800715,7.5865222161163,3.90670558800715,0.453236168382145,0.597152675866185,0.453236168382145,0.464938464954977,0.573185079797921,0.464938464954977
3.73040586562067,2.76686150994391,1,0,0,0.670861475638492,-0.74894581412591,0,-0.234591883282783,1,25,68,3.53774378544891,6.19866361794563,3.53774378544891,3.53774378544891,6.19866361794563,3.53774378544891,0.501206655542445,0.55412052347797,0.501206655542445,0.500903426901862,0.540596677688389,0.500903426901862
1.00308466196634,2.85459095462996,1,1,0,-1.34588767293497,2.23676703121178,0,-0.234591883282783,1,25,68,2.48995833363967,9.59308508555563,2.48995833363967,2.48995833363967,9.59308508555563,2.48995833363967,0.302329046795463,0.505281879193049,0.302329046795463,0.348049194994093,0.503954638501771,0.348049194994093
6.30415213973036,4.47503202697215,0,0,0,0.63339008494395,1.23194979983198,0,-0.234591883282783,1,25,68,5.44369661801771,9.06139692732376,5.44369661801771,5.44369661801771,9.06139692732376,5.44369661801771,0.456145669970035,0.503386574176994,0.456145669970035,0.467125465220523,0.502535561448363,0.467125465220523
5.81247634215357,4.8483039871708,1,1,1,-0.197046996217065,-0.823664791503964,1,-0.234591883282783,1,25,68,7.50563155312301,7.50563155312301,1.72720786435974,7.50563155312301,7.50563155312301,1.72720786435974,0.616205547079205,0.616205547079205,0.495659535628051,0.587772640813488,0.587772640813488,0.496750228438094
0.601014551469592,-0.380669883503175,1,1,0,-0.896196962163072,-0.489931679388744,0,-0.234591883282783,1,25,68,0.662641044582949,3.00267409505163,0.662641044582949,0.662641044582949,3.00267409505163,0.662641044582949,0.516349813438647,0.609434369075118,0.516349813438647,0.512243285819684,0.582574679930178,0.512243285819684
0.26887657300579,-1.54639591311788,1,1,0,-1.07240332397966,-1.46384037270317,0,-0.234591883282783,1,25,68,-0.663680372364648,3.57914826439111,-0.663680372364648,-0.663680372364648,3.57914826439111,-0.663680372364648,0.427026135819531,0.561953191605412,0.427026135819531,0.445176174216951,0.546499386445856,0.445176174216951
0.0204774395940823,0.811803568548929,0,1,0,-0.760845699072796,-0.0235969968844275,0,-0.234591883282783,1,25,68,1.39967825326782,3.50023507152978,1.39967825326782,1.39967825326782,3.50023507152978,1.39967825326782,0.527633935661993,0.594874319176271,0.527633935661993,0.520699801646952,0.571448294048177,0.520699801646952
4.74973514873028,3.6203972172428,0,1,0,1.64124423317356,-0.353185170756214,1,-0.234591883282783,1,25,68,5.87426994388875,11.0990097087308,5.87426994388875,5.87426994388875,11.0990097087308,5.87426994388875,0.521785093525606,0.864210266282414,0.521785093525606,0.516315573437616,0.802752124812427,0.516315573437616
3.04611532379203,2.00242245482965,1,0,0,0.141724258295948,-0.277931639282132,0,-0.234591883282783,1,25,68,2.9504835256076,5.12772952172165,2.9504835256076,2.9504835256076,5.12772952172165,2.9504835256076,0.524022738391463,0.526387565010923,0.524022738391463,0.517992602169595,0.519765326620202,0.517992602169595
0.235767521901565,2.98162040273968,0,0,1,-0.864422206849491,-0.432773324682335,0,-0.234591883282783,1,25,68,3.07064166047312,3.07064166047312,0.78334890991652,3.07064166047312,3.07064166047312,0.78334890991652,0.605502893124813,0.605502893124813,0.518836684431462,0.579563779939492,0.579563779939492,0.514106329332531
-2.14403000656868,-3.77207848963047,1,0,0,-2.90442259707115,-0.0485972071102145,0,-0.234591883282783,1,25,68,-2.91247575295467,-0.810114064415758,-2.91247575295467,-2.91247575295467,-0.810114064415758,-2.91247575295467,0.527548976793736,0.985425061316494,0.527548976793736,0.520636099273183,0.966909625600531,0.520636099273183
5.03589817240932,5.17828123138398,1,0,1,0.0728933257457937,-0.0678591377313956,0,-0.267176609246722,1,22,69,5.11114903580526,5.11114903580526,3.00654417323162,5.11114903580526,5.11114903580526,3.00654417323162,0.531901181850893,0.531901181850893,0.53127646165203,0.523900172479464,0.523900172479464,0.523431542115432
5.0271275364103,3.64363468887289,1,0,1,-0.273842060737464,0.348347409097668,0,-0.267176609246722,1,22,69,4.95062586451922,4.95062586451922,2.72927994709416,4.95062586451922,4.95062586451922,2.72927994709416,0.534601859330256,0.534601859330256,0.52578238428107,0.525926493977723,0.525926493977723,0.519311631209836
1.19691116582227,-0.016601606412602,0,0,0,-1.47728448055072,1.41937767819774,0,-0.267176609246722,1,22,69,1.39342537656772,5.50805836993372,1.39342537656772,1.39342537656772,5.50805836993372,1.39342537656772,0.436748514714288,0.685197501624191,0.436748514714288,0.452521172046738,0.641882496934196,0.452521172046738
5.61265037875173,5.05576609637087,1,0,1,-1.29258863930682,-0.0257907009890088,1,-0.267176609246722,1,22,69,5.41831384012629,5.41831384012629,0.31764867986878,5.41831384012629,5.41831384012629,0.31764867986878,0.801585654228,0.801585654228,0.53146175355328,0.741314508764438,0.741314508764438,0.52357053408517
5.40665673506249,5.2943382305986,0,1,1,0.542393996844133,-0.0804939113807846,0,-0.267176609246722,1,22,69,6.03939001154828,6.03939001154828,3.93291074177891,6.03939001154828,6.03939001154828,3.93291074177891,0.565586171941995,0.565586171941995,0.531188301731641,0.549240904819155,0.549240904819155,0.523365412302389
13.4458370941855,12.8456027818477,1,1,1,1.73186981690448,0.450138053955684,1,-0.267176609246722,1,22,69,12.1451186148551,12.1451186148551,6.84249434723608,12.1451186148551,12.1451186148551,6.84249434723608,0.880795445262283,0.880795445262283,0.521953666837733,0.82058100057959,0.82058100057959,0.51644190128728
8.14648093486657,7.21162917328587,0,1,1,1.42548481273378,-0.633168563991869,0,-0.267176609246722,1,22,69,7.64732015137464,7.64732015137464,5.14641772094712,7.64732015137464,7.64732015137464,5.14641772094712,0.733715157578376,0.733715157578376,0.512604079586165,0.68170509302373,0.68170509302373,0.50943769874912
5.57685771949779,2.21738904509624,1,1,1,-0.478623796691977,0.376724001448063,0,-0.267176609246722,1,22,69,4.59001404080257,4.59001404080257,2.34809306753553,4.59001404080257,4.59001404080257,2.34809306753553,0.55169299995389,0.55169299995389,0.524813426586926,0.538769329943673,0.538769329943673,0.518585273860252
11.8679017321341,12.3863263695125,1,1,1,1.60221922270563,0.762548756423566,1,-0.267176609246722,1,22,69,12.5770844672294,12.5770844672294,6.89560386130625,12.5770844672294,12.5770844672294,6.89560386130625,0.847689814148288,0.847689814148288,0.504081641671945,0.785735064920489,0.785735064920489,0.50305597618803
4.62635727870638,6.05612322133934,1,0,1,-0.368807415259427,-1.56539822074955,0,-0.267176609246722,1,22,69,5.17607519772888,5.17607519772888,0.625603608203016,5.17607519772888,5.17607519772888,0.625603608203016,0.43230022281856,0.43230022281856,0.416597615871737,0.449162957327113,0.449162957327113,0.437274929013719
9.61926731990474,7.1218234569728,0,0,1,1.10068621340156,0.465018084954104,0,-0.267176609246722,1,22,69,7.91124899056303,7.91124899056303,5.59500717122865,7.91124899056303,7.91124899056303,5.59500717122865,0.658887249886472,0.658887249886472,0.521311943227764,0.620964217050899,0.620964217050899,0.515961006877419
9.04877130351854,6.3735064143105,0,1,1,0.236039426445698,0.861688435411625,0,-0.267176609246722,1,22,69,7.10489090749658,7.10489090749658,4.26238394777445,7.10489090749658,7.10489090749658,4.26238394777445,0.503055378821153,0.503055378821153,0.496479908862508,0.502287588763531,0.502287588763531,0.497364464569927
15.0629676443026,16.7656447401478,0,0,1,0.468404222536472,2.54248079913979,0,-0.267176609246722,1,22,69,14.9721145176787,14.9721145176787,6.40790590368416,14.9721145176787,14.9721145176787,6.40790590368416,0.270003885534328,0.270003885534328,0.249857017232572,0.321415576121392,0.321415576121392,0.304351929628769
6.36532516995282,7.67530751691318,0,1,1,0.26101328289559,1.41368992737789,0,-0.267176609246722,1,22,69,8.96285236341021,8.96285236341021,4.8643331526405,8.96285236341021,8.96285236341021,4.8643331526405,0.445433238415666,0.445433238415666,0.437497768098546,0.459067304189108,0.459067304189108,0.453086447683859
7.65746733306811,6.46028177644109,1,0,1,0.152777302486899,-0.686513546729004,1,-0.267176609246722,1,22,69,8.11895856755865,8.11895856755865,2.54765771771622,8.11895856755865,8.11895856755865,2.54765771771622,0.627333230948153,0.627333230948153,0.509282175988327,0.596351259203557,0.596351259203557,0.506949994977957
1.26749425881287,0.23222532911297,1,1,1,-1.63058038456909,-0.241121915123603,0,-0.267176609246722,1,22,69,1.58447375316252,1.58447375316252,-0.573666024790352,1.58447375316252,1.58447375316252,-0.573666024790352,0.798896949549248,0.798896949549248,0.528757816087537,0.738839118032624,0.738839118032624,0.521542544927562
4.8306143274287,4.55883679211377,1,1,1,-2.09786722141262,-1.28365634868575,1,-0.267176609246722,1,22,69,4.19699948948166,4.19699948948166,-2.55077413203956,4.19699948948166,4.19699948948166,-2.55077413203956,0.917001967102918,0.917001967102918,0.453868476263402,0.862857803063248,0.862857803063248,0.465413850574992
9.62232994529949,7.11948045425466,1,1,1,0.774546645863549,0.834716742456483,0,-0.267176609246722,1,22,69,8.10917873379217,8.10917873379217,5.31242669365501,8.10917873379217,8.10917873379217,5.31242669365501,0.569021877436588,0.569021877436588,0.498639895390432,0.551835897443282,0.551835897443282,0.498981677768015
9.33890770426179,7.89228065962585,1,1,1,0.209552234104878,-1.26490907702687,1,-0.267176609246722,1,22,69,8.78280702379928,8.78280702379928,2.08281205065431,8.78280702379928,8.78280702379928,2.08281205065431,0.578578514527488,0.578578514527488,0.456106640398994,0.559067076310147,0.559067076310147,0.467096134961375
6.22111916837223,7.43394871016824,1,0,1,-0.142094276658587,1.19832448558401,0,-0.267176609246722,1,22,69,7.37873416448845,7.37873416448845,3.84275259173826,7.37873416448845,7.37873416448845,3.84275259173826,0.466173914674473,0.466173914674473,0.463802084125555,0.474655635586977,0.474655635586977,0.472875636296018
5.37582746473972,3.45409792536181,1,1,1,-0.244675271353315,-0.0321872646115118,0,-0.267176609246722,1,22,69,4.50811487215645,4.50811487215645,2.40707885215328,4.50811487215645,4.50811487215645,2.40707885215328,0.538476822932514,0.538476822932514,0.531444311645919,0.528835174571085,0.528835174571085,0.523557450352603
8.72005971512725,8.23456561610808,1,1,1,1.28315583999749,-0.418205131304422,0,-0.267176609246722,1,22,69,7.35161874001133,7.35161874001133,5.07672320816198,7.35161874001133,7.35161874001133,5.07672320816198,0.705348144971077,0.705348144971077,0.523260160957342,0.658201973250706,0.658201973250706,0.517421042371093
4.07526040761792,1.13616471501758,1,1,1,-1.16522733223294,-0.665322422251131,1,-1.48383702019391,0,21,70,4.01042695858629,4.01042695858629,-1.53222696696383,4.01042695858629,4.01042695858629,-1.53222696696383,0.903229885582708,0.903229885582708,0.749090515850754,0.846146848500609,0.846146848500609,0.694746686484159
9.48408729976037,8.4806626503645,1,0,1,0.899846626399654,1.68668806223723,1,-1.48383702019391,0,21,70,10.542837569595,10.542837569595,2.59792095030136,10.542837569595,10.542837569595,2.59792095030136,0.817743277368372,0.817743277368372,0.653931966003683,0.756435082502874,0.756435082502874,0.617067625936549
2.60134357774398,1.35702624449784,1,1,1,-1.59141784248847,0.560188832410436,1,-1.48383702019391,0,21,70,3.02920354048248,3.02920354048248,-2.38460798747488,3.02920354048248,3.02920354048248,-2.38460798747488,0.944580472581893,0.944580472581893,0.753692953790771,0.899451475246179,0.899451475246179,0.698697022281907
-1.82020329638513,-3.2463584623133,1,0,0,-1.49619373922339,-0.6868912638807,1,-1.48383702019391,0,21,70,-2.19415978094472,3.3776598274509,-2.19415978094472,-2.19415978094472,3.3776598274509,-2.19415978094472,0.74804108133058,0.934617674925144,0.74804108133058,0.693849047038082,0.885667805950896,0.693849047038082
2.22517553136657,0.0885278688168046,1,1,1,-1.36985661327231,-0.0389540837539497,1,-1.48383702019391,0,21,70,3.16003189159855,3.16003189159855,-1.94148552904256,3.16003189159855,3.16003189159855,-1.94148552904256,0.929192832291958,0.929192832291958,0.764619641970308,0.878448602207269,0.878448602207269,0.708168105180947
9.31344510590486,4.62929691506055,1,0,1,0.276437596376026,-1.96699763996696,0,-1.48383702019391,0,21,70,7.32018260588968,7.32018260588968,1.35110289025411,7.32018260588968,7.32018260588968,1.35110289025411,0.617388417843273,0.617388417843273,0.60880994968957,0.588682344097274,0.588682344097274,0.582096130317943
3.4401414345276,1.08983771564981,1,0,1,0.308539300633436,-0.666139867147097,0,-1.48383702019391,0,21,70,3.95904862137168,3.95904862137168,1.41530629876893,3.95904862137168,3.95904862137168,1.41530629876893,0.757510638405275,0.757510638405275,0.749051403567184,0.701991018090501,0.701991018090501,0.694713211134526
8.32488032044851,6.33936604975257,1,1,1,-0.481768997281186,1.80811564573595,1,-1.48383702019391,0,21,70,8.2039718912948,8.2039718912948,-0.165310297060317,8.2039718912948,8.2039718912948,-0.165310297060317,0.758097952506814,0.758097952506814,0.635504551947514,0.702499185114937,0.702499185114937,0.602682011266089
6.49219215962254,0.814856131154619,1,0,1,0.523996564280564,0.257703343354225,0,-1.48383702019391,0,21,70,4.01263183923913,4.01263183923913,1.84622082606318,4.01263183923913,4.01263183923913,1.84622082606318,0.785387688855935,0.785387688855935,0.762375954899728,0.726562995828531,0.726562995828531,0.706212331047602
2.83678474730114,-1.06709132128112,1,1,1,-2.82449519330423,0.350342437820505,1,-1.48383702019391,0,21,70,0.371977134631612,0.371977134631612,-4.8507626891064,0.371977134631612,0.371977134631612,-4.8507626891064,0.996250299210285,0.996250299210285,0.760416946084269,0.990457454337196,0.990457454337196,0.704509423165449
7.23333298985078,2.56106625584466,1,1,1,1.07439438338124,1.27540048858706,0,-1.48383702019391,0,21,70,6.67366287055266,6.67366287055266,2.94701646426454,6.67366287055266,6.67366287055266,2.94701646426454,0.805368383834287,0.805368383834287,0.704305469276458,0.744816153572147,0.744816153572147,0.657350426355823
7.26642763164805,2.53009188707556,1,1,1,1.06506249964723,0.444108173496623,0,-1.48383702019391,0,21,70,5.22558476656303,5.22558476656303,2.92835269679652,5.22558476656303,5.22558476656303,2.92835269679652,0.843750810649323,0.843750810649323,0.757809955939559,0.781774374579468,0.781774374579468,0.702249951562325
11.3370711550965,6.19313932620435,1,1,1,2.09824636304984,-0.737450150766775,1,-1.48383702019391,0,21,70,10.6385531484677,10.6385531484677,4.99472042360174,10.6385531484677,10.6385531484677,4.99472042360174,0.976250083036098,0.976250083036098,0.745437966037208,0.949582053234842,0.949582053234842,0.691627334974671
10.2147955115266,7.46685960948214,1,0,1,-0.243510026399138,-2.03632383329268,1,-1.48383702019391,0,21,70,9.55782239873959,9.55782239873959,0.311207644703778,9.55782239873959,9.55782239873959,0.311207644703778,0.709367250389589,0.709367250389589,0.596233951084242,0.66149205871866,0.66149205871866,0.572484556712956
11.5079604732773,5.66132091197475,1,1,1,1.24487555446205,-2.12430995411227,0,-1.48383702019391,0,21,70,9.90067158756662,9.90067158756662,3.28797880642615,9.90067158756662,9.90067158756662,3.28797880642615,0.74199365381395,0.74199365381395,0.579462099298542,0.688698175118978,0.688698175118978,0.559736690092367
6.95398673509357,4.88188726242245,1,1,1,2.21856425214836,0.434223003564106,0,-1.48383702019391,0,21,70,7.523905818623,7.523905818623,5.23535620179877,7.523905818623,7.523905818623,5.23535620179877,0.972024782731611,0.972024782731611,0.758114767452429,0.942149830663,0.942149830663,0.702513739687174
3.29607015018296,0.0918298887966351,1,1,1,-0.127030518839746,-0.01653286913049,0,-1.48383702019391,0,21,70,2.64443999558425,2.64443999558425,0.544166659822562,2.64443999558425,2.64443999558425,0.544166659822562,0.76605003070224,0.76605003070224,0.76466251785371,0.709417998903835,0.709417998903835,0.708205535955345
3.72741523150821,0.366057314894432,1,0,0,0.774412517360343,-1.27093652800445,0,-1.48383702019391,0,21,70,2.34705273222274,6.06233239043874,2.34705273222274,2.34705273222274,6.06233239043874,2.34705273222274,0.704755982121139,0.760652154990367,0.704755982121139,0.657718257544415,0.704713653175056,0.657718257544415
6.61843329330266,3.55038703005254,1,1,1,0.60395309542791,0.911082735632221,0,-1.48383702019391,0,21,70,4.93620563952497,4.93620563952497,2.00613388835787,4.93620563952497,4.93620563952497,2.00613388835787,0.767480479522765,0.767480479522765,0.734924263038621,0.710670354088321,0.710670354088321,0.682722404974006
5.09666237604576,1.56160663854348,1,1,1,-1.52337197772496,1.16377989682753,1,-1.48383702019391,0,21,70,4.20586739031203,4.20586739031203,-2.24851625794787,4.20586739031203,4.20586739031203,-2.24851625794787,0.925993575913323,0.925993575913323,0.71499024345072,0.874276200728377,0.874276200728377,0.666116193328683
-0.050496796774099,-5.32644157790532,0,1,0,-1.42350414299407,-0.559398182643833,0,-1.48383702019391,0,21,70,-2.0487805884861,0.364145738259128,-2.0487805884861,-2.0487805884861,0.364145738259128,-2.0487805884861,0.753724384668939,0.89062978497032,0.753724384668939,0.698724077148969,0.831562007511685,0.698724077148969
2.03709644530091,1.43933493837518,0,0,0,0.510468899211196,-0.306299440069339,1,1.14700019417564,0,21,71,2.70532835298343,7.89914769997022,2.70532835298343,2.70532835298343,7.89914769997022,2.70532835298343,0.478234712748198,0.624456285927357,0.478234712748198,0.483699262316897,0.594128802751152,0.483699262316897
2.35347282517734,3.21495947875949,0,0,0,0.459158603666308,-0.585445024650539,0,1.14700019417564,0,21,71,2.60270776189365,5.04545363878172,2.60270776189365,2.60270776189365,5.04545363878172,2.60270776189365,0.466517839213513,0.491353111194706,0.466517839213513,0.474913695677297,0.49352571458935,0.474913695677297
1.85711654993821,1.49043898067785,0,0,0,0.3140722370479,-0.87621913761517,0,1.14700019417564,0,21,71,2.31253502865683,5.18029500577991,2.31253502865683,2.31253502865683,5.18029500577991,2.31253502865683,0.446600234458894,0.458140987439826,0.446600234458894,0.459945970034826,0.46862466786515,0.459945970034826
5.79425580828663,6.62653820503282,1,0,1,0.139528261964928,1.59870841092465,0,1.14700019417564,0,21,71,6.61931566165212,6.61931566165212,1.96344707849089,6.61931566165212,6.61931566165212,1.96344707849089,0.367380255869375,0.367380255869375,0.365239444117164,0.399556177463507,0.399556177463507,0.397895558140586
0.035140760235415,0.887839451921232,0,0,0,-0.483570394084112,-0.108794869564736,0,1.14700019417564,0,21,71,0.717249766392811,2.82908609003642,0.717249766392811,0.717249766392811,2.82908609003642,0.717249766392811,0.482099223671714,0.509689134394787,0.482099223671714,0.486594837943871,0.507254739604964,0.486594837943871
1.49734620057242,2.82123122065538,0,0,0,0.205829308255393,1.63649927317702,0,1.14700019417564,0,21,71,2.09604917107182,6.87417904218073,2.09604917107182,2.09604917107182,6.87417904218073,2.09604917107182,0.359884198113121,0.364521539166342,0.359884198113121,0.393732838595097,0.397338244612077,0.393732838595097
0.733100268565743,-1.0451464956866,0,0,0,-1.04874395169203,1.25139378495188,0,1.14700019417564,0,21,71,-0.41309734882302,3.25288905619318,-0.41309734882302,-0.41309734882302,3.25288905619318,-0.41309734882302,0.409676255736341,0.538458154997906,0.409676255736341,0.432016179199471,0.528821157901115,0.432016179199471
1.4828056734915,1.88469006932525,0,1,1,-2.27220716453018,-1.43065362968956,0,1.14700019417564,0,21,71,1.28674603364458,1.28674603364458,-2.86002377449932,1.28674603364458,1.28674603364458,-2.86002377449932,0.881392989334375,0.881392989334375,0.387870215075222,0.82123897604868,0.82123897604868,0.415358056257507
1.30172586997038,-0.211387087519444,0,0,0,-0.358218123491013,0.56180153512734,0,1.14700019417564,0,21,71,0.96795430757901,3.38357527245045,0.96795430757901,0.96795430757901,3.38357527245045,0.96795430757901,0.467793114037769,0.482901589224715,0.467793114037769,0.475870485372976,0.487195927089321,0.475870485372976
7.55514906058997,8.66622789414023,0,0,1,0.0444563636516356,0.986255611481001,1,1.14700019417564,0,21,71,7.84600341304207,7.84600341304207,1.77330328186431,7.84600341304207,7.84600341304207,1.77330328186431,0.554775972435724,0.554775972435724,0.437050291415244,0.541090232802459,0.541090232802459,0.452748860528536
12.4148162637994,9.60266626590772,0,0,1,0.90594427816061,1.59253757350019,1,1.14700019417564,0,21,71,11.1324550338921,11.1324550338921,3.49627911088225,11.1324550338921,11.1324550338921,3.49627911088225,0.577215035398753,0.577215035398753,0.36610503752344,0.558034137654705,0.558034137654705,0.398567229742669
2.35135846767775,1.42299706839861,1,0,0,-0.13995609776177,-0.165056545625283,0,1.14700019417564,0,21,71,1.4044783590375,3.53172202229125,1.4044783590375,1.4044783590375,3.53172202229125,1.4044783590375,0.481372784470808,0.483681877550414,0.481372784470808,0.486050600138835,0.487780446732657,0.486050600138835
2.73163522465813,2.31800444246708,0,0,0,0.800614548947965,0.0651524978273906,0,1.14700019417564,0,21,71,3.28561965245696,5.38986450043011,3.28561965245696,3.28561965245696,5.38986450043011,3.28561965245696,0.48245718011806,0.557852865522016,0.48245718011806,0.486863003687188,0.543408076229427,0.486863003687188
11.9652340818628,10.9333434362919,0,0,1,1.37074906095148,-1.43717733230174,1,1.14700019417564,0,21,71,11.5913673609459,11.5913673609459,4.42588867646399,11.5913673609459,11.5913673609459,4.42588867646399,0.711451428505939,0.711451428505939,0.387029686618149,0.663203095113669,0.663203095113669,0.414712900712356
6.99753874568689,4.10903095083595,0,0,1,1.15246636352605,0.0551440863407036,0,1.14700019417564,0,21,71,6.09236415187148,6.09236415187148,3.98932328161313,6.09236415187148,6.09236415187148,3.98932328161313,0.635925654765217,0.635925654765217,0.482513952164393,0.603009023666699,0.603009023666699,0.486905534290942
5.5878747959416,3.52414964320818,0,0,1,-1.19742102163393,-0.329339916436245,1,1.14700019417564,0,21,71,4.49801329185142,4.49801329185142,-0.710451488706816,4.49801329185142,4.49801329185142,-0.710451488706816,0.743358872539449,0.743358872539449,0.47754460549248,0.689857789131497,0.689857789131497,0.483182089410776
8.03340088313081,6.75644328254782,0,1,1,-0.672218948108103,0.591965374937972,1,1.14700019417564,0,21,71,5.79037566347028,5.79037566347028,0.33995265834483,5.79037566347028,5.79037566347028,0.33995265834483,0.634250922289808,0.634250922289808,0.466156974796717,0.601708941549381,0.601708941549381,0.474642924633089
2.09973949429707,5.82960345089883,0,0,0,1.08920402549256,-2.1839305291742,0,1.14700019417564,0,21,71,3.86279860554616,10.7323511618052,3.86279860554616,3.86279860554616,10.7323511618052,3.86279860554616,0.274187172982934,0.39884961317067,0.274187172982934,0.324910909426621,0.423763755156918,0.324910909426621
1.03134618262164,-2.61693950495741,0,0,0,-1.5528064394471,-1.35320296682049,0,1.14700019417564,0,21,71,-1.42122232433317,2.50993594507861,-1.42122232433317,-1.42122232433317,2.50993594507861,-1.42122232433317,0.397601794311671,0.67361432483467,0.397601794311671,0.422810390859344,0.632623115568105,0.422810390859344
-0.640547390071396,1.23529591270119,0,0,0,-0.488429731551097,-0.534228321013705,1,1.14700019417564,0,21,71,0.707531091458841,6.09293099043196,0.707531091458841,0.707531091458841,6.09293099043196,0.707531091458841,0.469214425494215,0.613443094528758,0.469214425494215,0.476936662494018,0.585650087887095,0.476936662494018
1.08280148713006,-0.134130551895002,0,0,0,-0.361066965962169,0.245002175410344,1,1.14700019417564,0,21,71,0.962256622636696,6.1222826885925,0.962256622636696,0.962256622636696,6.1222826885925,0.962256622636696,0.479827383147099,0.611416151914612,0.479827383147099,0.484892712064691,0.584094372549891,0.484892712064691
-0.0593977759921849,1.64142479237971,0,1,1,-1.54370761480886,-1.36244084581613,0,-0.871627700981104,1,28,72,1.74665413379671,1.74665413379671,-2.20959092455145,1.74665413379671,1.74665413379671,-2.20959092455145,0.767103828368711,0.767103828368711,0.51523568293703,0.710340361626024,0.710340361626024,0.511408730244896
5.25745342964218,5.43691687891355,0,1,1,-0.215452714777783,0.809924705143345,0,-0.871627700981104,1,28,72,5.37526245447171,5.37526245447171,2.61928442647017,5.37526245447171,5.37526245447171,2.61928442647017,0.576798824127057,0.576798824127057,0.571435013293296,0.557718911408475,0.557718911408475,0.553659971763095
5.38968141996379,2.89860134000098,0,1,1,0.0502553603526922,-1.40807760437686,0,-0.871627700981104,1,28,72,5.0153808071586,5.0153808071586,0.932698267210917,5.0153808071586,5.0153808071586,0.932698267210917,0.509568167038772,0.509568167038772,0.509270190712336,0.507164154562529,0.507164154562529,0.506941020053928
0.249929684675826,4.38693975129114,1,1,1,-0.635925330742834,-0.156970543887335,0,-0.871627700981104,1,28,72,2.93608369715768,2.93608369715768,0.811443945509393,2.93608369715768,2.93608369715768,0.811443945509393,0.645331215255613,0.645331215255613,0.600392092293639,0.61033355302485,0.61033355302485,0.575657116487158
7.34670315762679,5.72460369961632,1,1,1,-0.65137515231575,0.687060686655402,1,-0.871627700981104,1,28,72,7.19662792005369,7.19662792005369,1.6245755329063,7.19662792005369,7.19662792005369,1.6245755329063,0.73074697302611,0.73074697302611,0.579928152104064,0.679213455160875,0.679213455160875,0.560089956662983
13.847334901313,13.7417179009707,1,1,1,1.59519624698388,1.36106176030999,1,-0.871627700981104,1,28,72,13.7442085205383,13.7442085205383,6.79171940516015,13.7442085205383,13.7442085205383,6.79171940516015,0.852234036779587,0.852234036779587,0.515412838243314,0.790348813729531,0.790348813729531,0.511541427245663
3.82091018799069,5.43143813772858,1,1,1,0.558729214593107,-0.406756871500287,0,-0.871627700981104,1,28,72,5.21641786108102,5.21641786108102,2.95096670856832,5.21641786108102,5.21641786108102,2.95096670856832,0.629061970479812,0.629061970479812,0.593984129155283,0.597688307611061,0.597688307611061,0.570770110516954
9.49593617541794,9.72913712788851,0,1,1,-0.241660412357346,1.81422419340365,0,-0.871627700981104,1,28,72,8.96257794350248,8.96257794350248,3.57116851957135,8.96257794350248,8.96257794350248,3.57116851957135,0.45450029325929,0.45450029325929,0.447670754805285,0.465888813537919,0.465888813537919,0.4607518095759
6.40812780072643,2.55384252830278,0,1,1,-0.439968980241686,0.912892091330799,0,-0.871627700981104,1,28,72,5.20659125214414,5.20659125214414,2.27321928172982,5.20659125214414,5.20659125214414,2.27321928172982,0.585565372743278,0.585565372743278,0.563205274890891,0.564367139869033,0.564367139869033,0.547443954547195
0.152153315981671,-2.05452259578411,1,1,0,-1.2383937008685,-0.522258596671417,0,-0.871627700981104,1,28,72,-0.758780847526019,1.61397319427118,-0.758780847526019,-0.758780847526019,1.61397319427118,-0.758780847526019,0.589080367452461,0.748134375250796,0.589080367452461,0.567038187109101,0.693928800438447,0.567038187109101
1.48163888975991,-0.215850599537559,0,1,0,-1.38038845558196,1.05592361027319,0,-0.871627700981104,1,28,72,0.535411849991652,3.75038652072401,0.535411849991652,0.535411849991652,3.75038652072401,0.535411849991652,0.550074385653368,0.751270519737279,0.550074385653368,0.53755139496722,0.696615027544765,0.53755139496722
4.85568515424741,6.54740460080747,0,1,1,-0.118823031640165,0.352250680537025,0,-0.871627700981104,1,28,72,4.57895031007789,4.57895031007789,2.35486976813909,4.57895031007789,4.57895031007789,2.35486976813909,0.597477013183621,0.597477013183621,0.595870066432291,0.573432444531669,0.573432444531669,0.572207164517052
15.1509215929322,16.1578236548123,1,1,1,3.72219514204061,0.427694572681846,1,-0.871627700981104,1,28,72,15.395272655147,15.395272655147,10.1123500076455,15.395272655147,15.395272655147,10.1123500076455,0.999548167052384,0.999548167052384,0.593186868935414,0.998784300099775,0.998784300099775,0.570162915519527
-2.30192067682194,-2.07511995016419,0,1,0,-1.75451113723685,-1.33174633400513,1,-0.871627700981104,1,28,72,-2.60050345759644,4.27304484053968,-2.60050345759644,-2.60050345759644,4.27304484053968,-2.60050345759644,0.519135294857161,0.883579257267075,0.519135294857161,0.5143300555263,0.82365626922815,0.5143300555263
-4.10422479601203,-2.637837261792,1,1,0,-1.86877288005114,-1.58533783464933,1,-0.871627700981104,1,28,72,-3.08261844386921,4.53067760610142,-3.08261844386921,-3.08261844386921,4.53067760610142,-3.08261844386921,0.484226514839686,0.889369260800227,0.484226514839686,0.488188421433758,0.830135859544975,0.488188421433758
5.42489937243856,3.40508881760342,1,1,1,-0.28473132087708,0.908320747155116,0,-0.871627700981104,1,28,72,5.50416983599578,5.50416983599578,2.57912325628335,5.50416983599578,5.50416983599578,2.57912325628335,0.572990225479215,0.572990225479215,0.563592287464153,0.554836195813937,0.554836195813937,0.5477359743699
2.26015403068502,0.786308364803198,1,1,1,-1.73286962426019,0.523573695193069,0,-0.871627700981104,1,28,72,1.67222901185321,1.67222901185321,-0.701900402444919,1.67222901185321,1.67222901185321,-0.701900402444919,0.857614818252897,0.857614818252897,0.589017400925179,0.795876331844902,0.795876331844902,0.566990310156127
6.38647644763591,4.88796678181646,0,1,1,-0.197204471869388,1.14123537962498,0,-0.871627700981104,1,28,72,6.38950977847639,6.38950977847639,2.9870915867686,6.38950977847639,6.38950977847639,2.9870915867686,0.545852574266111,0.545852574266111,0.541295965161228,0.534376438157248,0.534376438157248,0.530952362287681
3.37050947429882,3.70928143379051,1,1,1,-1.22541911620309,1.05545612046021,0,-0.871627700981104,1,28,72,4.05887066115335,4.05887066115335,0.844883038936424,4.05887066115335,4.05887066115335,0.844883038936424,0.713590378202817,0.713590378202817,0.550120537583448,0.664962651195656,0.664962651195656,0.537586116876331
14.9291332000507,15.2053920745823,0,1,1,0.669678786400084,2.04157693937346,1,-0.871627700981104,1,28,72,14.8892360624375,14.8892360624375,5.62119966305602,14.8892360624375,14.8892360624375,5.62119966305602,0.576478813025859,0.576478813025859,0.407140889549886,0.55747657122831,0.55747657122831,0.430086647185416
3.54646800528224,3.83490466145592,0,0,0,-0.429345122645624,2.10054641321931,1,-0.871627700981104,1,28,72,3.48212131881046,12.994416552899,3.48212131881046,3.48212131881046,12.994416552899,3.48212131881046,0.39603619335995,0.534298635683159,0.39603619335995,0.421613545977058,0.525698949574249,0.421613545977058
11.1195883063209,9.7168166390669,1,1,1,0.841331961412389,0.551160993946424,1,-0.871627700981104,1,28,72,9.87786850890161,9.87786850890161,4.4740900676536,9.87786850890161,9.87786850890161,4.4740900676536,0.762435188013466,0.762435188013466,0.587659353274931,0.706263888762788,0.706263888762788,0.565957967449245
7.01717545138908,8.2307435284313,1,1,1,1.44561502487974,0.698960203262974,0,-0.871627700981104,1,28,72,8.41900076965027,8.41900076965027,5.83045540390485,8.41900076965027,8.41900076965027,5.83045540390485,0.788139030065681,0.788139030065681,0.579168319326782,0.729042126192313,0.729042126192313,0.559514032201034
7.97350712118611,6.88175548915031,1,1,1,0.099854757816234,0.277701997949531,1,-0.871627700981104,1,28,72,7.89479506412956,7.89479506412956,2.71767666446439,7.89479506412956,7.89479506412956,2.71767666446439,0.706044569157147,0.706044569157147,0.598007631828808,0.658771193681163,0.658771193681163,0.573837202359568
-1.84264675712886,-3.10227685985519,0,0,0,-0.988633832175449,-2.44982389411692,1,-0.871627700981104,1,28,72,-2.18682640758543,8.91481070460079,-2.18682640758543,-2.18682640758543,8.91481070460079,-2.18682640758543,0.326669429775367,0.552730240069032,0.326669429775367,0.367602684803687,0.539550013755007,0.367602684803687
3.26596485104557,2.80490488690811,0,1,1,-1.26267250007378,-0.209685492725576,0,-0.871627700981104,1,28,72,1.64920266386883,1.64920266386883,-0.49476534199074,1.64920266386883,1.64920266386883,-0.49476534199074,0.761604257081237,0.761604257081237,0.599514400206674,0.705540996022158,0.705540996022158,0.574987028128435
7.52609490351297,8.66308699315272,1,1,1,1.2407712098381,0.164978347638931,0,-0.871627700981104,1,28,72,7.0140037733872,7.0140037733872,4.88678591819753,7.0140037733872,7.0140037733872,4.88678591819753,0.757397893656451,0.757397893656451,0.600275056527601,0.701893510584964,0.701893510584964,0.575567750097953
3.64806469538743,3.98153982631295,0,1,1,-0.380625408579769,-1.17135557793933,0,-0.871627700981104,1,28,72,3.77973264575311,3.77973264575311,0.307658755783524,3.77973264575311,3.77973264575311,0.307658755783524,0.554983375947522,0.554983375947522,0.53802731194338,0.541246422580786,0.541246422580786,0.52849767358401
2.6669818224348,1.86196947427676,1,1,0,0.247049547861914,-0.472760305399409,0,-0.978405743075368,1,23,73,2.06406099224156,4.3875632986029,2.06406099224156,2.06406099224156,4.3875632986029,2.06406099224156,0.603478781638831,0.610367752252465,0.603478781638831,0.578015580644789,0.583290261150926,0.578015580644789
6.49574450963775,6.13690307056195,0,0,1,0.0928976819821979,-2.12416281350227,0,-0.978405743075368,1,23,73,6.71642241064514,6.71642241064514,0.104354752379264,6.71642241064514,6.71642241064514,0.104354752379264,0.404608818615888,0.404608818615888,0.403626002707733,0.428157828010275,0.428157828010275,0.427408667726161
11.2156293281006,10.069219286531,1,1,1,-1.13794296204118,2.03046170049818,1,-0.978405743075368,1,23,73,11.0200726955229,11.0200726955229,1.79729797833296,11.0200726955229,11.0200726955229,1.79729797833296,0.683196915789398,0.683196915789398,0.421466050366486,0.640277279304217,0.640277279304217,0.440966684883728
9.04713313694236,8.58206887180016,1,1,1,1.46732855308012,-0.0596680777083049,1,-0.978405743075368,1,23,73,10.0212715098665,10.0212715098665,4.91771123036908,10.0212715098665,10.0212715098665,4.91771123036908,0.877932364568679,0.877932364568679,0.613395754713467,0.817444188369231,0.817444188369231,0.58561373743691
1.6075644540583,2.60692872369649,1,0,1,-1.2756422715341,-1.42384171750898,0,-0.978405743075368,1,23,73,2.19492117785888,2.19492117785888,-1.93240405866005,2.19492117785888,2.19492117785888,-1.93240405866005,0.700481449799179,0.700481449799179,0.519756054042183,0.654234269423607,0.654234269423607,0.514795159232068
1.09710184707083,2.0094084453539,0,1,0,-0.340062240088004,1.11915789699832,0,-0.978405743075368,1,23,73,2.48175561873944,5.83427001715313,2.48175561873944,2.48175561873944,5.83427001715313,2.48175561873944,0.556117779630656,0.569559944784223,0.556117779630656,0.542100833273032,0.552242514910809,0.542100833273032
7.03167064496007,6.26743667573306,1,1,1,-0.293895426236143,-0.953114228499933,1,-0.978405743075368,1,23,73,6.51024385351394,6.51024385351394,0.501817120944918,6.51024385351394,6.51024385351394,0.501817120944918,0.691085460271405,0.691085460271405,0.572105936666294,0.646622002317805,0.646622002317805,0.554167335147619
2.12890097542681,0.0917781287606621,0,0,0,-0.75949160239998,0.480876582209159,0,-0.978405743075368,1,23,73,1.00461557932634,3.3358578666435,1.00461557932634,1.00461557932634,3.3358578666435,1.00461557932634,0.603128261431378,0.666370717249611,0.603128261431378,0.577747607326153,0.626873485037936,0.577747607326153
8.07903325895104,3.78618101733044,0,0,1,-0.136029436235533,1.5348286959209,0,-0.978405743075368,1,23,73,7.76119115118922,7.76119115118922,3.30549202536697,7.76119115118922,7.76119115118922,3.30549202536697,0.506447229552765,0.506447229552765,0.504263587501311,0.504827200404397,0.504827200404397,0.503192204562955
6.20782546589393,1.89143998635961,0,1,1,-1.52355575010224,0.515466369022423,1,-0.978405743075368,1,23,73,4.87678264832825,4.87678264832825,-0.488922929264913,4.87678264832825,4.87678264832825,-0.488922929264913,0.881195828621521,0.881195828621521,0.601566302462365,0.821021748335108,0.821021748335108,0.576553954133402
4.46784508085294,6.97552236891418,1,0,1,-0.564784513582042,0.526429067961828,1,-0.978405743075368,1,23,73,6.81670980631004,6.81670980631004,1.43958224271488,6.81670980631004,6.81670980631004,1.43958224271488,0.738141184939894,0.738141184939894,0.601048193779594,0.68543573388189,0.68543573388189,0.576158181173406
0.865425261823206,3.97116786637438,0,0,1,-0.288666165337895,0.418537422887312,0,-0.978405743075368,1,23,73,4.15910086848581,4.15910086848581,1.88392729412866,4.15910086848581,4.15910086848581,1.88392729412866,0.615042374185402,0.615042374185402,0.605665139718965,0.586878577227809,0.586878577227809,0.579687935651126
-2.96640164029943,-3.6704205502248,0,0,0,-2.46829367726018,1.65566943589349,0,-0.978405743075368,1,23,73,-1.23819571670973,3.60304556424213,-1.23819571670973,-1.23819571670973,3.60304556424213,-1.23819571670973,0.48606610647273,0.946695960128949,0.48606610647273,0.48956631840241,0.902475519265737,0.48956631840241
1.21073309321205,0.671658925186332,0,0,0,-0.574662022673178,0.880757102449527,1,-0.978405743075368,1,23,73,1.77415525902031,7.64988833253559,1.77415525902031,1.77415525902031,7.64988833253559,1.77415525902031,0.578235252702041,0.720422340441664,0.578235252702041,0.558806988899205,0.670607583413059,0.558806988899205
3.47380379122268,4.2162479252496,0,0,1,0.190735406877523,-0.878258861514579,0,-0.978405743075368,1,23,73,4.41727278198649,4.41727278198649,1.5459341541576,4.41727278198649,4.41727278198649,1.5459341541576,0.582625324556145,0.582625324556145,0.578437856637651,0.562135430003738,0.562135430003738,0.558960497355262
-1.05880221576991,-2.6143974564414,0,0,0,-0.782444261209108,-1.35620836064711,1,-0.978405743075368,1,23,73,-0.87837468114819,6.06092643634094,-0.87837468114819,-0.87837468114819,6.06092643634094,-0.87837468114819,0.528612468140301,0.706454735113439,0.528612468140301,0.521433549748711,0.659106613155023,0.521433549748711
4.29890647761035,7.05345372069646,0,0,1,-0.00581261839390256,-0.529429249482524,1,-0.978405743075368,1,23,73,6.88196304585444,6.88196304585444,1.50166771564681,6.88196304585444,6.88196304585444,1.50166771564681,0.707580673970325,0.707580673970325,0.600904463567818,0.660028023729248,0.660028023729248,0.57604840313928
9.2096765265734,4.56261572575632,0,1,1,0.295444773647205,1.08941335675444,0,-0.978405743075368,1,23,73,7.00984656784097,7.00984656784097,3.72302510596599,7.00984656784097,7.00984656784097,3.72302510596599,0.569319255004593,0.569319255004593,0.559179789804117,0.552060618336955,0.552060618336955,0.544408146675609
3.10422258934224,0.385464456540649,0,1,0,-1.04805045283976,1.11322309221935,1,-0.978405743075368,1,23,73,1.05984438845697,7.39911004150738,1.05984438845697,1.05984438845697,7.39911004150738,1.05984438845697,0.556735650520531,0.772952426765945,0.556735650520531,0.542566290138864,0.715483737634099,0.542566290138864
3.0692268675023,2.65653312682274,0,0,0,-0.492692264694271,2.5424102199678,0,-0.978405743075368,1,23,73,3.5997478924964,12.1635976190931,3.5997478924964,3.5997478924964,12.1635976190931,3.5997478924964,0.318561870139337,0.344083066571777,0.318561870139337,0.361131815658614,0.381373007180153,0.361131815658614
7.48112471898994,7.40795164835446,1,0,1,-1.38200774506047,1.54091638038996,1,-0.978405743075368,1,23,73,8.29404638354025,8.29404638354025,0.819623092186153,8.29404638354025,8.29404638354025,0.819623092186153,0.801653401993974,0.801653401993974,0.503379689919085,0.741377025318583,0.741377025318583,0.502530407054231
6.25142324657969,6.5072337224377,1,1,1,0.0731891863176006,1.31385036832783,0,-0.978405743075368,1,23,73,7.32915373323534,7.32915373323534,3.50295094288017,7.32915373323534,7.32915373323534,3.50295094288017,0.534561158824519,0.534561158824519,0.533931778464432,0.525895951062909,0.525895951062909,0.525423665604947
7.78680945612042,6.40709448449952,1,1,1,-0.325485556192594,-0.673264080417624,1,-0.978405743075368,1,23,73,6.27177153109491,6.27177153109491,0.718487009114326,6.27177153109491,6.27177153109491,0.718487009114326,0.711184582872079,0.711184582872079,0.593030899880379,0.662983834623361,0.662983834623361,0.570044150102895
-0.318811779339084,-0.107931707532169,1,1,1,-1.88954883438789,-0.312032587390826,0,-1.61882528442651,0,24,74,-1.20232863468053,-1.20232863468053,-3.39969297027434,-1.20232863468053,-1.20232863468053,-3.39969297027434,0.950910163884203,0.950910163884203,0.772848995439944,0.908612244567079,0.908612244567079,0.715392415006306
4.59654192325406,5.61635421323641,0,1,0,2.10260397092077,1.09525873724349,1,-1.61882528442651,0,24,74,4.58461264034298,10.8842043418512,4.58461264034298,4.58461264034298,10.8842043418512,4.58461264034298,0.733730636589953,0.974961722923484,0.733730636589953,0.681718108101298,0.947283881134066,0.681718108101298
-1.08677143677388,0.0921143359704099,1,1,0,-0.373650846976572,-0.294839246650486,1,-1.61882528442651,0,24,74,-0.367896995451702,4.81903318591372,-0.367896995451702,-0.367896995451702,4.81903318591372,-0.367896995451702,0.773199920971715,0.85516199412245,0.773199920971715,0.71570231158842,0.79334774841144,0.71570231158842
4.15680556509142,2.13329768017853,1,1,1,-0.301024505183193,-0.252627555461349,0,-1.61882528442651,0,24,74,1.94117636991343,1.94117636991343,-0.222644311864943,1.94117636991343,1.94117636991343,-0.222644311864943,0.781485893662803,0.781485893662803,0.773975834249957,0.723064889526286,0.723064889526286,0.716388051670979
2.71231280355575,2.8961691865384,0,1,0,0.309717444991766,-1.54829887170264,0,-1.61882528442651,0,24,74,0.998839588484974,5.49606898460063,0.998839588484974,0.998839588484974,5.49606898460063,0.998839588484974,0.686860163209022,0.696586157883597,0.686860163209022,0.643218539867898,0.651070936668634,0.643218539867898
12.0872387124437,14.5552124341017,1,1,1,2.5647247536814,-1.1921644194845,1,-1.61882528442651,0,24,74,12.0301102089491,12.0301102089491,5.50885420586425,12.0301102089491,12.0301102089491,5.50885420586425,0.990911709300117,0.990911709300117,0.725385728932664,0.978296387317552,0.978296387317552,0.674733096146407
0.965155319525154,0.0548875281866434,1,1,0,-0.273663458037814,-0.366105422968378,0,-1.61882528442651,0,24,74,-0.167922217574186,2.06611096315267,-0.167922217574186,-0.167922217574186,2.06611096315267,-0.167922217574186,0.771612807925978,0.777876888978576,0.771612807925978,0.714301971074271,0.719847236504842,0.714301971074271
0.87366451115664,1.64977417682343,1,1,0,-0.228952362996908,0.802756620763925,0,-1.61882528442651,0,24,74,-0.0785000274923728,2.66591816468794,-0.0785000274923728,-0.0785000274923728,2.66591816468794,-0.0785000274923728,0.753936606014107,0.758558417812349,0.753936606014107,0.698906779436538,0.702897865153483,0.698906779436538
2.05428277665728,3.92346107402451,0,1,1,-1.11716528872572,-0.855358117802724,0,-1.61882528442651,0,24,74,0.976711630741014,0.976711630741014,-1.85492587895,0.976711630741014,0.976711630741014,-1.85492587895,0.845965772194224,0.845965772194224,0.750828974626662,0.78399720765114,0.78399720765114,0.696236205501301
3.11190637835059,2.26338582492936,1,1,0,0.702377880494581,-1.54411290749058,0,-1.61882528442651,0,24,74,1.7841604594906,6.2684451305696,1.7841604594906,1.7841604594906,6.2684451305696,1.7841604594906,0.687389294448414,0.735541005929244,0.687389294448414,0.643644105364565,0.683241843111597,0.643644105364565
1.22651406526843,2.03839378148302,0,1,0,-0.341780083626234,-2.37613587122516,0,-1.61882528442651,0,24,74,-0.304155468751025,7.44186620977192,-0.304155468751025,-0.304155468751025,7.44186620977192,-0.304155468751025,0.54243972329796,0.556097986226474,0.54243972329796,0.531811597405613,0.54208592346972,0.531811597405613
10.1436520839114,8.37900498983023,1,1,1,0.79242499392176,-0.592877336108506,1,-1.61882528442651,0,24,74,7.41575822201608,7.41575822201608,1.96425468634496,7.41575822201608,7.41575822201608,1.96425468634496,0.87668236499494,0.87668236499494,0.764188022537886,0.816082749491913,0.816082749491913,0.707791419279943
-2.68205837604229,-1.57308983987315,1,1,0,-1.23754591585018,0.0724592807768696,0,-1.61882528442651,0,24,74,-2.09568713319892,0.00956321417177675,-2.09568713319892,-2.09568713319892,0.00956321417177675,-2.09568713319892,0.775934244373894,0.87887867935216,0.775934244373894,0.718122220712962,0.818478108066219,0.718122220712962
9.75954396952908,9.28756301039911,0,1,1,0.742693766227191,0.860192956258343,1,-1.61882528442651,0,24,74,7.70472415295229,7.70472415295229,1.86479223095582,7.70472415295229,7.70472415295229,1.86479223095582,0.863986158631493,0.863986158631493,0.750532135472223,0.802516603762766,0.802516603762766,0.695981648648171
7.13752302431268,6.9823099594957,0,1,1,-0.166916721562468,-0.233573189799822,1,-1.61882528442651,0,24,74,5.20012769036977,5.20012769036977,0.0455712553765073,5.20012769036977,5.20012769036977,0.0455712553765073,0.849132603000388,0.849132603000388,0.774286377325933,0.787194675096356,0.787194675096356,0.71666271541543
1.53969977476818,3.07745110764734,0,1,0,0.906664452792466,0.0581659489503556,0,-1.61882528442651,0,24,74,2.19273360408637,4.29611688170367,2.19273360408637,2.19273360408637,4.29611688170367,2.19273360408637,0.775996481744566,0.837283590701151,0.775996481744566,0.718177411196269,0.775345754878519,0.718177411196269
4.91829805475684,6.31253835547797,1,1,1,-0.117489819638706,-0.608926363502331,1,-1.61882528442651,0,24,74,5.6152163753922,5.6152163753922,0.14442505922403,5.6152163753922,5.6152163753922,0.14442505922403,0.840212526374121,0.840212526374121,0.763521816036017,0.778246040309058,0.778246040309058,0.707210427234373
4.74667440886817,4.54327206741595,1,1,1,0.577012637896066,-0.453540033285942,0,-1.61882528442651,0,24,74,3.83912853608659,3.83912853608659,1.53342997429357,3.83912853608659,3.83912853608659,1.53342997429357,0.796319174116147,0.796319174116147,0.769183670888741,0.736476155206594,0.736476155206594,0.71216467276979
6.04686335819837,4.37708400465874,0,1,1,0.28574719262146,-0.494752273474419,0,-1.61882528442651,0,24,74,3.29567889585247,3.29567889585247,0.950899083744363,3.29567889585247,3.29567889585247,0.950899083744363,0.774751943455394,0.774751943455394,0.767851677593956,0.717074717693241,0.717074717693241,0.710995734157474
4.13074391173834,4.00136682885414,1,1,1,0.593980479995928,-0.142368615629186,0,-1.61882528442651,0,24,74,3.68763448120947,3.68763448120947,1.5673656584933,3.68763448120947,3.68763448120947,1.5673656584933,0.80355441528734,0.80355441528734,0.775433183893478,0.743134165939013,0.743134165939013,0.717678072134971
9.41784067157462,11.5639283214696,1,1,1,1.77792976815851,0.245029148826921,1,-1.61882528442651,0,24,74,9.09530351859332,9.09530351859332,3.93526423481847,9.09530351859332,9.09530351859332,3.93526423481847,0.96314488363935,0.96314488363935,0.77410262414373,0.9274006927666,0.9274006927666,0.716500178017075
4.60271305379584,5.94451225541864,1,0,1,-0.340118594386159,1.67133076169937,0,-1.61882528442651,0,24,74,4.59251402473172,4.59251402473172,-0.300832490270876,4.59251402473172,4.59251402473172,-0.300832490270876,0.682472134885422,0.682472134885422,0.670447753564219,0.639696364890447,0.639696364890447,0.630105928709387
6.03060783823396,7.5299770391903,1,1,1,1.69998366971423,-0.261188768543189,0,-1.61882528442651,0,24,74,5.94759161074301,5.94759161074301,3.7793720379299,5.94759161074301,5.94759161074301,3.7793720379299,0.933030474510049,0.933030474510049,0.773828278829375,0.883536101216373,0.883536101216373,0.716257586677255
-0.54407205497558,-1.09904920619469,1,1,0,-1.24464320623397,0.692685794808755,0,-1.61882528442651,0,24,74,-2.10988171396649,0.469931896363347,-2.10988171396649,-2.10988171396649,0.469931896363347,-2.10988171396649,0.759732696187229,0.869679588883408,0.759732696187229,0.703915649117693,0.808542850949975,0.703915649117693
-0.904630785968298,2.44664895245282,1,1,0,-0.285598831726553,-1.29570239486494,0,-0.193475674024417,1,21,75,1.09566710524275,4.87451180130149,1.09566710524275,1.09566710524275,4.87451180130149,1.09566710524275,0.443805011800276,0.453334395833698,0.443805011800276,0.457841000244016,0.465012318475581,0.457841000244016
6.96153952908355,8.79778911630097,1,1,1,0.73996022095916,-0.0331335487469675,0,-0.193475674024417,1,21,75,6.51045188878472,6.51045188878472,4.40935405673215,6.51045188878472,6.51045188878472,4.40935405673215,0.586566154496625,0.586566154496625,0.522767604708605,0.565127306518271,0.565127306518271,0.517051887110533
-2.20314974916214,-2.18424518556153,0,1,0,-2.20560169680141,0.713702124720745,0,-0.193475674024417,1,21,75,-0.734934105321283,1.87443661750962,-0.734934105321283,-0.734934105321283,1.87443661750962,-0.734934105321283,0.498787610077967,0.911049341980327,0.498787610077967,0.499092272898301,0.855527336603795,0.499092272898301
2.58915610432051,3.70661202315814,0,0,0,0.244814202961705,-1.33176891082576,1,-0.193475674024417,1,21,75,2.12042665865845,8.99403509050048,2.12042665865845,2.12042665865845,8.99403509050048,2.12042665865845,0.439389491582134,0.563866186853781,0.439389491582134,0.454513206391961,0.54794266169775,0.454513206391961
3.16602225944847,6.00433764233909,1,1,0,0.58576166179025,0.529851764844695,0,-0.193475674024417,1,21,75,4.66394225198599,7.04468514469503,4.66394225198599,4.66394225198599,7.04468514469503,4.66394225198599,0.509579756395806,0.549917438950548,0.509579756395806,0.507172833104512,0.537433320125099,0.507172833104512
4.02504884602036,6.99743502508264,1,0,0,0.610616025344794,0.953485769869228,0,-0.193475674024417,1,21,75,5.13728498411961,8.14642009746273,5.13728498411961,5.13728498411961,8.14642009746273,5.13728498411961,0.47992545556205,0.523902627736515,0.47992545556205,0.484966196590834,0.517902575330372,0.484966196590834
5.3406842431883,8.08113144338533,0,1,0,1.00682957501298,0.479526830949714,0,-0.193475674024417,1,21,75,5.45575314453648,7.78569912613716,5.45575314453648,5.45575314453648,7.78569912613716,5.45575314453648,0.511976756633414,0.628794210272254,0.511976756633414,0.50896788231567,0.597481136440941,0.50896788231567
6.10702373776286,4.98076740639695,0,1,1,0.40384263711339,0.0118665881464944,0,-0.193475674024417,1,21,75,5.88225984184831,5.88225984184831,3.78211902593407,5.88225984184831,5.88225984184831,3.78211902593407,0.5419815771763,0.5419815771763,0.522812695006283,0.531467401302444,0.531467401302444,0.51708568018842
3.10205164808704,4.20262416692498,0,0,0,-1.45378786675962,2.01004513004358,1,-0.193475674024417,1,21,75,2.06503656008513,11.205317984897,2.06503656008513,2.06503656008513,11.205317984897,2.06503656008513,0.337873441044061,0.690013833738475,0.337873441044061,0.37648160195903,0.645757683722696,0.37648160195903
0.550671765194136,2.73443851021426,1,1,0,-1.03632885523662,-0.161746661300863,0,-0.193475674024417,1,21,75,0.728162791786688,2.85432477422866,0.728162791786688,0.728162791786688,2.85432477422866,0.728162791786688,0.521586570921485,0.644334141960388,0.521586570921485,0.516166804052656,0.609555176978108,0.516166804052656
1.88543294839751,2.50720731964858,1,0,0,-0.716145050996628,0.0605983496200473,0,-0.193475674024417,1,21,75,1.59087541118759,3.69454757116426,1.59087541118759,1.59087541118759,3.69454757116426,1.59087541118759,0.522646312199573,0.582466714320042,0.522646312199573,0.516960984686524,0.562015094642131,0.516960984686524
2.28982505263445,4.66887474289778,0,0,0,0.555866826080953,-0.430301647317323,1,-0.193475674024417,1,21,75,3.64399916840538,8.92915867608938,3.64399916840538,3.64399916840538,8.92915867608938,3.64399916840538,0.514089705407295,0.662738069462766,0.514089705407295,0.510550375979227,0.62400119885784,0.510550375979227
-1.79129569360219,1.31809919650542,0,0,0,-0.530795533624792,-2.36525833780738,0,-0.193475674024417,1,21,75,-0.464282241496168,7.23016476307117,-0.464282241496168,-0.464282241496168,7.23016476307117,-0.464282241496168,0.275186449883639,0.302740564332565,0.275186449883639,0.32574357006934,0.348383070339213,0.32574357006934
3.73596342081767,4.14527205533455,0,1,0,0.66529644582358,0.208439663288811,0,-0.193475674024417,1,21,75,4.50159971849677,6.64504681172872,4.50159971849677,4.50159971849677,6.64504681172872,4.50159971849677,0.520771954256709,0.572531733537303,0.520771954256709,0.515556369941576,0.554489379539505,0.515556369941576
4.00190970954403,5.77405272098027,0,0,1,-0.262248952842227,-0.484821362926956,0,-0.193475674024417,1,21,75,4.28829964889974,4.28829964889974,1.95324789494939,4.28829964889974,4.28829964889974,1.95324789494939,0.519844890742574,0.519844890742574,0.511735847852697,0.51486172189233,0.51486172189233,0.508787463892789
0.426289299437742,0.265783662400736,0,1,0,-0.957204869342784,-0.962530278126065,1,-0.193475674024417,1,21,75,0.0856271467491645,6.11209168305861,0.0856271467491645,0.0856271467491645,6.11209168305861,0.0856271467491645,0.479108660154641,0.694901904424009,0.479108660154641,0.484354163994488,0.649706497688277,0.484354163994488
3.71965518462134,3.5577076475982,0,0,0,-0.260906499475237,-0.636426870178722,0,-0.193475674024417,1,21,75,1.8043272944316,4.30936645551709,1.8043272944316,1.8043272944316,4.30936645551709,1.8043272944316,0.503712919462046,0.511744958939805,0.503712919462046,0.502779903831537,0.508794287219471,0.502779903831537
13.6581783532253,15.0357804301144,0,1,1,1.65962572100348,1.81907571532148,0,-0.193475674024417,1,21,75,13.5099307789616,13.5099307789616,8.10089432088925,13.5099307789616,13.5099307789616,8.10089432088925,0.683197798624608,0.683197798624608,0.369556136260859,0.640277987103245,0.640277987103245,0.401242027290939
3.1100189466538,4.1387714648776,0,0,0,0.666335133719945,-0.726634448686643,0,-0.193475674024417,1,21,75,3.56860298231404,6.19660060433219,3.56860298231404,3.56860298231404,6.19660060433219,3.56860298231404,0.497908264305919,0.550149349559375,0.497908264305919,0.498433898471477,0.537607793414871,0.498433898471477
8.32948138819725,9.87532336071744,0,0,1,-0.377211662908353,1.6850822184488,0,-0.193475674024417,1,21,75,8.83272813912521,8.83272813912521,3.89322605619289,8.83272813912521,8.83272813912521,3.89322605619289,0.406633094526825,0.406633094526825,0.390500598545182,0.42969997701001,0.42969997701001,0.417375465312664
6.78040212084247,7.75600839436467,1,1,1,-0.534023746590514,-0.25848710342596,1,-0.193475674024417,1,21,75,6.80284814959135,6.80284814959135,1.63603256695381,6.80284814959135,6.80284814959135,1.63603256695381,0.665229552638647,0.665229552638647,0.519670472271732,0.625970397702865,0.625970397702865,0.514731035817692
6.12993334996881,6.39175293993463,0,1,1,0.0649993379215125,-0.0101705936159548,0,0.760323840943704,1,27,76,4.64183918009418,4.64183918009418,2.54173573911968,4.64183918009418,4.64183918009418,2.54173573911968,0.411650687931447,0.411650687931447,0.411166976613753,0.433517602940754,0.433517602940754,0.433149869319713
9.88518003846424,9.40681626432285,0,1,1,0.47466540694142,1.47181142093064,0,0.760323840943704,1,27,76,9.10927875048797,9.10927875048797,4.84304989170609,9.10927875048797,9.10927875048797,4.84304989170609,0.340119855464082,0.340119855464082,0.316535181123044,0.378253480864159,0.378253480864159,0.359507908014302
4.19626795414056,4.72546490130477,1,0,1,-1.63602091756842,0.982179649754196,0,0.760323840943704,1,27,76,3.19672233590124,3.19672233590124,0.132045471509966,3.19672233590124,3.19672233590124,0.132045471509966,0.673470805778314,0.673470805778314,0.367786031425456,0.632508901538885,0.632508901538885,0.399870717858633
2.84987350662132,5.04234758558135,0,0,1,-0.379789826905366,-0.555864833888231,0,0.760323840943704,1,27,76,3.51544888274724,3.51544888274724,1.10646316919365,3.51544888274724,3.51544888274724,1.10646316919365,0.413537026787275,0.413537026787275,0.397097183122974,0.434951072205726,0.434951072205726,0.422424718057907
3.34658384479787,3.69554508443433,1,0,1,-0.80422916627317,-0.77099024413295,0,0.760323840943704,1,27,76,2.73688503676151,2.73688503676151,0.042459080213324,2.73688503676151,2.73688503676151,0.042459080213324,0.458627917016208,0.458627917016208,0.384237352614063,0.468990453145452,0.468990453145452,0.412567840566052
9.14523781376227,11.4714349315291,1,0,1,0.315478186914538,0.714702676648643,1,0.760323840943704,1,27,76,9.37836662337907,9.37836662337907,3.76756670737033,9.37836662337907,9.37836662337907,3.76756670737033,0.515914037559138,0.515914037559138,0.387989806813402,0.511916854850257,0.511916854850257,0.415449830153495
7.41264802843746,8.93233787700028,0,0,1,0.187826559309,0.0515705712656762,1,0.760323840943704,1,27,76,7.95179087059696,7.95179087059696,2.84913134677629,7.95179087059696,7.95179087059696,2.84913134677629,0.532282434154715,0.532282434154715,0.411049942573445,0.524186184410622,0.524186184410622,0.433060886746247
8.1472186543531,8.43510566987066,0,0,1,1.33569362278818,-0.331688111137015,0,0.760323840943704,1,27,76,6.9716237944016,6.9716237944016,4.76160679133196,6.9716237944016,6.9716237944016,4.76160679133196,0.61370604857256,0.61370604857256,0.406143230011962,0.585852014616915,0.585852014616915,0.429326891587808
3.61769943057867,6.02570849280922,0,0,1,0.112621456347017,-0.401911115343332,0,0.760323840943704,1,27,76,4.50677199887984,4.50677199887984,2.24523945424331,4.50677199887984,4.50677199887984,2.24523945424331,0.405239901132712,0.405239901132712,0.403795006728234,0.42863872939903,0.42863872939903,0.42753751251777
5.72543357326334,6.17402405405516,1,1,1,0.0147960839946063,0.401386717088121,0,0.760323840943704,1,27,76,5.11399783862473,5.11399783862473,2.85288654196995,5.11399783862473,5.11399783862473,2.85288654196995,0.403839117953609,0.403839117953609,0.4038141915202,0.427571140537089,0.427571140537089,0.427552138038066
6.40207467491263,5.81015264529794,1,0,1,-1.70078443293139,0.617431779254068,1,0.760323840943704,1,27,76,5.11899257231675,5.11899257231675,-0.362229429716089,5.11899257231675,5.11899257231675,-0.362229429716089,0.804791072319706,0.804791072319706,0.393829175706852,0.744280279470776,0.744280279470776,0.419925038552497
-0.0866732563343909,2.31017928641845,1,1,1,-1.97381018118918,-0.472354012470531,0,0.760323840943704,1,27,76,0.325051595140729,0.325051595140729,-1.99806671795628,0.325051595140729,0.325051595140729,-1.99806671795628,0.809769844657584,0.809769844657584,0.400993265810629,0.748919382023234,0.748919382023234,0.425400444499144
3.63148800945704,7.39354955697435,0,0,1,-0.196831220768952,-0.00925363813413119,0,0.760323840943704,1,27,76,4.1190772070393,4.1190772070393,2.01899157722058,4.1190772070393,4.1190772070393,2.01899157722058,0.415609456280542,0.415609456280542,0.411167792157536,0.436524894525267,0.436524894525267,0.433150489375932
6.62065408110492,8.99805010477011,1,1,1,1.02277334789499,-0.720320163970559,0,0.760323840943704,1,27,76,6.36599532733461,6.36599532733461,3.74713418871203,6.36599532733461,6.36599532733461,3.74713418871203,0.50922799261243,0.50922799261243,0.387627525102132,0.50690942091712,0.50690942091712,0.415171802418861
3.62563475564178,6.13834569312752,1,1,1,-1.91901058503937,0.0776741894566479,1,0.760323840943704,1,27,76,3.76759395597826,3.76759395597826,-1.33843932372949,3.76759395597826,3.76759395597826,-1.33843932372949,0.866556327246832,0.866556327246832,0.410895484849492,0.805225877988496,0.805225877988496,0.432943444838358
9.5473577350426,10.8051583813131,1,1,1,1.06061083087683,-2.30963256661231,0,0.760323840943704,1,27,76,9.66789934479014,9.66789934479014,2.23349675203396,9.66789934479014,9.66789934479014,2.23349675203396,0.302075163569636,0.302075163569636,0.201770230613294,0.347843152674867,0.347843152674867,0.261773419752908
4.45338393951195,5.8966989510482,1,1,1,-0.78207095395575,0.708841501867623,0,0.760323840943704,1,27,76,4.16906352561868,4.16906352561868,1.56660725084874,4.16906352561868,4.16906352561868,1.56660725084874,0.458820017743104,0.458820017743104,0.388364905191477,0.469134752851991,0.469134752851991,0.415737646160586
7.02443409180767,7.36997760605322,1,0,1,-0.761759119089231,-0.774959760430219,1,0.760323840943704,1,27,76,5.82399228856999,5.82399228856999,0.123429658283933,5.82399228856999,5.82399228856999,0.123429658283933,0.568016906186427,0.568016906186427,0.38396249996054,0.551076598255242,0.551076598255242,0.412356550137174
2.27475994473883,5.32504189657812,1,0,1,-0.926886004928579,-1.39378898425729,0,0.760323840943704,1,27,76,3.21699439541514,3.21699439541514,-0.825653337221838,3.21699439541514,3.21699439541514,-0.825653337221838,0.420594884132661,0.420594884132661,0.325797239336828,0.440306492729471,0.440306492729471,0.366908470446467
-2.08007104509816,-0.205776602183633,1,0,0,-1.24700109657062,-1.6513718289638,0,0.760323840943704,1,27,76,-1.72346636521243,3.1035625522828,-1.72346636521243,-1.72346636521243,3.1035625522828,-1.72346636521243,0.293917486329355,0.4651049262327,0.293917486329355,0.341197779108057,0.473853457106407,0.341197779108057
9.44990880223352,11.5335436831989,0,0,1,1.07621699962254,0.00613464084024247,1,0.760323840943704,1,27,76,9.68051393079618,9.68051393079618,4.58047629697794,9.68051393079618,9.68051393079618,4.58047629697794,0.659496279999736,0.659496279999736,0.411169989818458,0.621444008612554,0.621444008612554,0.433152160252015
4.39612142876266,4.96030388734549,0,0,0,0.880448780984244,-0.0884578801683352,0,0.760323840943704,1,27,76,4.09434733869277,6.20217213525664,4.09434733869277,4.09434733869277,6.20217213525664,4.09434733869277,0.41081347219784,0.501385144827096,0.41081347219784,0.432881083937731,0.501037063217898,0.432881083937731
6.67982853971694,4.70778708956945,0,0,1,-0.231884066778312,-0.820291324298172,0,0.760323840943704,1,27,76,3.91072605575666,3.91072605575666,1.13784819903782,3.91072605575666,3.91072605575666,1.13784819903782,0.386747567415392,0.386747567415392,0.380728971428146,0.414496302416711,0.414496302416711,0.409868748369802
8.65663582568329,10.5834019417679,0,1,1,2.11340302412298,-1.49273328428963,0,0.760323840943704,1,27,76,9.48423307887504,9.48423307887504,5.15598042084895,9.48423307887504,9.48423307887504,5.15598042084895,0.792028145110313,0.792028145110313,0.313989876029571,0.732564511772756,0.732564511772756,0.357464736688583
6.50928855215771,9.4519341403793,0,0,1,1.55355774858971,-0.53593330351501,0,0.760323840943704,1,27,76,7.38031435637353,7.38031435637353,4.99308985055702,7.38031435637353,7.38031435637353,4.99308985055702,0.674301342945579,0.674301342945579,0.398083403622536,0.633170020955174,0.633170020955174,0.423178409366382
4.87502220574353,6.36296980306212,0,0,1,0.873435844535148,-0.20634250448347,0,0.760323840943704,1,27,76,6.10501407063595,6.10501407063595,3.96243684147944,6.10501407063595,6.10501407063595,3.96243684147944,0.498292871753976,0.498292871753976,0.409223503423885,0.498721858132194,0.498721858132194,0.43167174307662
4.17809499837277,5.93411701522068,1,0,1,0.0796545375469343,-0.225407901298938,0,0.760323840943704,1,27,76,4.50661755265554,4.50661755265554,2.35580883068754,4.50661755265554,4.50661755265554,2.35580883068754,0.409572460368574,0.409572460368574,0.408847165620284,0.431937220699913,0.431937220699913,0.431385397533211
4.79456566650973,4.37394378146771,0,1,0,0.608623454702894,0.591145692629106,0,0.849719546525608,0,28,77,3.4952236016581,5.94467683157205,3.4952236016581,3.4952236016581,5.94467683157205,3.4952236016581,0.501239136394578,0.544842213963235,0.501239136394578,0.50092774555984,0.533616971177306,0.50092774555984
4.37553325574756,6.58192479463684,1,1,1,-0.406798342660884,-0.900954968615507,0,0.849719546525608,0,28,77,4.37609986240352,4.37609986240352,1.46438000693055,4.37609986240352,4.37609986240352,1.46438000693055,0.498946941405066,0.498946941405066,0.479427110960762,0.499211565411537,0.499211565411537,0.484592786916218
7.54480950796209,7.97080472570787,0,1,1,0.762075742493591,0.179536814894868,0,0.849719546525608,0,28,77,5.93436164514209,5.93436164514209,3.8021281772395,5.93436164514209,5.93436164514209,3.8021281772395,0.583992191176219,0.583992191176219,0.516209320490632,0.563172710909917,0.563172710909917,0.512138044405269
11.3191195925908,12.7482843522488,1,1,1,1.52882850070887,-0.709886370461877,1,0.849719546525608,0,28,77,10.9395723526376,10.9395723526376,5.33563369367005,10.9395723526376,10.9395723526376,5.33563369367005,0.826930835628963,0.826930835628963,0.493946335699861,0.765235235425653,0.765235235425653,0.495467479306929
2.03523035747522,2.40936532365966,1,1,1,-1.73292449396497,0.503843142331445,0,0.849719546525608,0,28,77,1.16598561639679,1.16598561639679,-1.18787229567763,1.16598561639679,1.16598561639679,-1.18787229567763,0.810170656349179,0.810170656349179,0.505751845538054,0.749294612265263,0.749294612265263,0.5043065254106
8.9541707320588,11.7369258990889,1,1,1,1.37042364914221,0.901207511367443,1,0.849719546525608,0,28,77,10.9309989690818,10.9309989690818,5.01882399053673,10.9309989690818,10.9309989690818,5.01882399053673,0.783083936768061,0.783083936768061,0.479405659776122,0.724495124027127,0.724495124027127,0.484576713212668
7.91405660316136,8.44551747316473,1,1,1,1.04235215794159,-1.24506806243275,0,0.849719546525608,0,28,77,8.01287548822555,8.01287548822555,4.3626810081355,8.01287548822555,8.01287548822555,4.3626810081355,0.572298612365098,0.572298612365098,0.444768913662441,0.55431305740857,0.55431305740857,0.458567017729666
6.79278765860371,5.99680138728262,1,1,1,-1.37731194653191,-1.9640745934026,0,0.849719546525608,0,28,77,5.48094180763807,5.48094180763807,-0.476647200811504,5.48094180763807,5.48094180763807,-0.476647200811504,0.559244520695872,0.559244520695872,0.341052498136777,0.54445694052332,0.54445694052332,0.378988322464319
9.75711904198195,8.62699805397994,1,1,1,-0.268905884279687,0.0693493811917114,1,0.849719546525608,0,28,77,6.84497426036461,6.84497426036461,1.74016492369294,6.84497426036461,6.84497426036461,1.74016492369294,0.640379403897821,0.640379403897821,0.517502581615567,0.606472388085746,0.606472388085746,0.513106845091603
1.89029181478105,0.543728111745551,1,1,0,-1.19624023628506,1.04814958378233,0,0.849719546525608,0,28,77,-0.114503780317802,3.08411376966527,-0.114503780317802,-0.114503780317802,3.08411376966527,-0.114503780317802,0.465922299744853,0.631732473994532,0.465922299744853,0.474466831694436,0.599756133877156,0.474466831694436
8.01411859578011,7.12802155760731,1,1,1,1.07405335588547,-0.769164256298016,0,0.849719546525608,0,28,77,7.11769705718974,7.11769705718974,4.42608340402326,7.11769705718974,7.11769705718974,4.42608340402326,0.623475854823521,0.623475854823521,0.48980835948253,0.593372155043152,0.593372155043152,0.492368953089384
0.952433002281918,-0.253194197441049,0,1,0,-1.82942372988464,0.64396794646479,0,0.849719546525608,0,28,77,-1.38087076751697,1.13382394855711,-1.38087076751697,-1.38087076751697,1.13382394855711,-1.38087076751697,0.498159168960844,0.830028987072894,0.498159168960844,0.498621753528772,0.768238537518673,0.498621753528772
6.35942908838098,8.23629135965265,1,1,1,0.512188777125022,-0.749855710442758,0,0.849719546525608,0,28,77,5.96463783298597,5.96463783298597,3.30235424650236,5.96463783298597,5.96463783298597,3.30235424650236,0.522139497544312,0.522139497544312,0.491192522534202,0.516581163812362,0.516581163812362,0.493405463402593
0.647415579642223,-0.340656444246038,1,1,0,-1.87673665699317,-1.1896406788596,0,0.849719546525608,0,28,77,-1.47549662173403,2.03974832306349,-1.47549662173403,-1.47549662173403,2.03974832306349,-1.47549662173403,0.45107381856954,0.814178438254724,0.45107381856954,0.463312337954786,0.753061425694836,0.463312337954786
5.89805071143671,8.67440577683897,1,1,1,-0.359428615787371,-0.115491187412573,1,0.849719546525608,0,28,77,6.67245767504754,6.67245767504754,1.55911946067757,6.67245767504754,6.67245767504754,1.55911946067757,0.646194524973133,0.646194524973133,0.517100401826635,0.611007882009339,0.611007882009339,0.512805557628612
3.33105171982517,3.18663450329792,1,1,0,-0.0529181313401445,-0.97228440184828,0,0.849719546525608,0,28,77,2.17214042957203,5.21747738764949,2.17214042957203,2.17214042957203,5.21747738764949,2.17214042957203,0.473132792945268,0.47346239642843,0.473132792945268,0.479875065916194,0.480122180471075,0.479875065916194
2.44108245113946,4.47776012468261,0,0,0,0.344663766502972,1.27055065561128,0,0.849719546525608,0,28,77,2.96730422525826,6.68160319373252,2.96730422525826,2.96730422525826,6.68160319373252,2.96730422525826,0.441779724055858,0.455658594417708,0.441779724055858,0.456315038794412,0.466759419764019,0.456315038794412
3.98747692018655,6.22392213437392,1,1,0,1.26751874455281,-1.97287553419569,1,0.849719546525608,0,28,77,4.81301418135793,13.8052520547859,4.81301418135793,4.81301418135793,13.8052520547859,4.81301418135793,0.339576290419326,0.638119739201684,0.339576290419326,0.377824986323638,0.604714113677574,0.377824986323638
1.88229880366874,2.44457759099906,1,1,0,-0.642724936349122,1.25642191932768,0,0.849719546525608,0,28,77,0.99252681955407,4.67112285892111,0.99252681955407,0.99252681955407,4.67112285892111,0.99252681955407,0.44344406790511,0.491967761763272,0.44344406790511,0.457569095669789,0.493985968287927,0.457569095669789
3.26800071403363,3.50995309289239,1,1,1,-0.709890101952933,-0.383782224173153,0,0.849719546525608,0,28,77,3.10548528393774,3.10548528393774,0.858196488346448,3.10548528393774,3.10548528393774,0.858196488346448,0.569822500108934,0.569822500108934,0.510781504944085,0.552440949507552,0.552440949507552,0.508072768088555
10.3723143710811,10.4294706595195,0,1,1,1.15642038658447,-0.374019670736466,1,0.849719546525608,0,28,77,9.83070817951907,9.83070817951907,4.59081746542126,9.83070817951907,9.83070817951907,4.59081746542126,0.760145815945048,0.760145815945048,0.511130600457118,0.70427408050582,0.70427408050582,0.508334198064269
2.77176723641993,3.68504977955728,0,1,0,0.0846264371232513,-1.81509699225545,0,0.849719546525608,0,28,77,2.44722956649882,7.84180665779361,2.44722956649882,2.44722956649882,7.84180665779361,2.44722956649882,0.365436866414739,0.366223980344043,0.365436866414739,0.398048779404368,0.398659500473406,0.398048779404368
11.6011303685755,11.0326436865691,1,1,1,1.24353589045659,-0.173859730845076,1,0.849719546525608,0,28,77,9.89527567917501,9.89527567917501,4.76504847316549,9.89527567917501,9.89527567917501,4.76504847316549,0.781539814227271,0.781539814227271,0.516303938554394,0.723113092616332,0.723113092616332,0.512208921447101
-2.8023980193383,-0.164183327718746,0,1,0,-1.57200950522519,-0.408233667029024,0,0.849719546525608,0,28,77,-0.866042318198067,1.4006124086979,-0.866042318198067,-0.866042318198067,1.4006124086979,-0.866042318198067,0.509867632296182,0.770735261762084,0.509867632296182,0.507388406495269,0.71352902520895,0.507388406495269
2.80845888523374,0.949958205717378,1,1,0,-0.196596327264782,0.788732667747589,0,0.849719546525608,0,28,77,1.88478403772275,4.60688325889498,1.88478403772275,1.88478403772275,4.60688325889498,1.88478403772275,0.488369823229921,0.492929846549242,0.488369823229921,0.491291666536952,0.494706365345771,0.491291666536952
-4.17598251884681,-5.74191177972168,0,1,0,-3.50121146240622,0.296316375866865,1,0.849719546525608,0,28,77,-4.72444623256013,0.463357162046743,-4.72444623256013,-4.72444623256013,0.463357162046743,-4.72444623256013,0.513588149564523,0.998589257274331,0.513588149564523,0.510174720190048,0.99627458270571,0.510174720190048
2.6470985383348,1.27498347821318,0,0,0,-0.331333997038112,-0.0438940338261773,0,0.849719546525608,0,28,77,1.61530869817609,3.71723538438163,1.61530869817609,1.61530869817609,3.71723538438163,1.61530869817609,0.517638508331481,0.530565889783562,0.517638508331481,0.513208674558108,0.522898553466087,0.513208674558108
5.74664097656268,7.02655946398727,1,1,0,1.77882113786489,0.236691474633331,0,0.849719546525608,0,28,77,5.8356189679821,7.9916418221462,5.8356189679821,5.8356189679821,7.9916418221462,5.8356189679821,0.515087297828721,0.827348573299634,0.515087297828721,0.51129758442956,0.765639102223675,0.51129758442956
-0.617094529116478,2.45682156313455,1,0,0,-0.831540128856776,0.397347561481064,1,-0.660763709820453,0,24,78,0.90031106207076,6.15819614668571,0.90031106207076,0.90031106207076,6.15819614668571,0.90031106207076,0.680454974800769,0.827141174084571,0.680454974800769,0.638081349038953,0.76543854784591,0.638081349038953
13.7237832256277,14.3106379588418,1,0,1,1.65499310668764,-1.9454612685724,1,-0.660763709820453,0,24,78,14.7581970806749,14.7581970806749,5.87337753315959,14.7581970806749,14.7581970806749,5.87337753315959,0.864634585325297,0.864634585325297,0.517323297392844,0.803198425931533,0.803198425931533,0.512972535783064
5.28851904114108,4.77840842231234,1,0,1,-0.627391799944727,-1.04894572377127,0,-0.660763709820453,0,24,78,4.5088948513129,4.5088948513129,1.30860771989486,4.5088948513129,4.5088948513129,1.30860771989486,0.682173647916423,0.682173647916423,0.640377413676742,0.639457223332499,0.639457223332499,0.606470838464774
5.09297723504661,5.04021151939203,1,0,0,0.978922461952506,1.35781575367157,0,-0.660763709820453,0,24,78,4.52123624368932,8.46489986460801,4.52123624368932,4.52123624368932,8.46489986460801,4.52123624368932,0.607354550182812,0.709082392198498,0.607354550182812,0.580981228314861,0.66125846282469,0.580981228314861
7.93931589947903,6.85596389408657,0,0,1,0.15508722012831,-0.409695338385056,0,-0.660763709820453,0,24,78,5.14141603033538,5.14141603033538,2.87356576004093,5.14141603033538,5.14141603033538,2.87356576004093,0.682524474728463,0.682524474728463,0.680043057700978,0.639738304293853,0.639738304293853,0.637751865521014
1.56661390884955,3.72498618521969,1,0,0,-0.1963695748993,1.23120495651011,0,-0.660763709820453,0,24,78,2.17065216998571,5.78651781492078,2.17065216998571,2.17065216998571,5.78651781492078,2.17065216998571,0.62205118497708,0.626334205372507,0.62205118497708,0.592273326298861,0.595579135401111,0.592273326298861
0.758017700956907,3.00259696823404,1,1,1,-1.1890843373392,-0.272314800005568,0,-0.660763709820453,0,24,78,2.35937799540798,2.35937799540798,0.185222645105905,2.35937799540798,2.35937799540798,0.185222645105905,0.809671023792109,0.809671023792109,0.683905316220599,0.748826909228346,0.748826909228346,0.640845387855269
0.415725615991514,1.71040288418874,1,0,0,-1.26280302192863,1.45409113328107,0,-0.660763709820453,0,24,78,0.0377852759270422,4.25216629981366,0.0377852759270422,0.0377852759270422,4.25216629981366,0.0377852759270422,0.595074432820654,0.758225782203333,0.595074432820654,0.57160078005545,0.702609838993956,0.57160078005545
7.3017351010808,9.5559698982573,0,0,1,0.265970514557838,-1.50522303342706,0,-0.660763709820453,0,24,78,7.46102872925936,7.46102872925936,3.09533234889999,7.46102872925936,7.46102872925936,3.09533234889999,0.596237862369849,0.596237862369849,0.588159778777112,0.572487538526421,0.572487538526421,0.566338317470748
1.78793946635907,1.26286767749086,1,0,0,-1.10135140563973,-0.485363108839392,0,-0.660763709820453,0,24,78,0.36068850850485,2.69626585592709,0.36068850850485,0.36068850850485,2.69626585592709,0.36068850850485,0.677236419369077,0.789218870948763,0.677236419369077,0.635509685920811,0.730018000645914,0.635509685920811
1.84786625926492,5.13733455861919,1,0,1,-0.751395101927433,0.641834902063441,0,-0.660763709820453,0,24,78,3.57255315743623,3.57255315743623,1.06060111592945,3.57255315743623,3.57255315743623,1.06060111592945,0.726358790469373,0.726358790469373,0.669870159218495,0.675544387440251,0.675544387440251,0.62964741225539
3.32001995248328,5.76772875684435,1,0,1,-2.27390277257177,-1.46964285062403,0,-0.660763709820453,0,24,78,2.2754358830311,2.2754358830311,-1.98441422535922,2.2754358830311,2.2754358830311,-1.98441422535922,0.94652332001527,0.94652332001527,0.593000282983797,0.902227359233817,0.902227359233817,0.57002083712252
5.64492749253316,7.14050728321988,0,1,0,1.09733329833052,0.15386922542531,0,-0.660763709820453,0,24,78,4.75805791644535,6.88173365497834,4.75805791644535,4.75805791644535,6.88173365497834,4.75805791644535,0.685976188770192,0.79522149544883,0.685976188770192,0.642507992387391,0.735472958447481,0.642507992387391
6.12782960024948,6.97254321495937,0,1,0,1.72444355946519,-0.548490844584792,1,-0.660763709820453,0,24,78,6.01227843871469,11.413120645308,6.01227843871469,6.01227843871469,11.413120645308,6.01227843871469,0.674520204496336,0.934026890422364,0.674520204496336,0.633344306007373,0.884872410401343,0.633344306007373
5.05143457357496,7.58421769591364,0,0,1,0.679990284025933,-0.376834088315806,0,-0.660763709820453,0,24,78,6.16537581795298,6.16537581795298,3.92337188783618,6.16537581795298,6.16537581795298,3.92337188783618,0.726905534837549,0.726905534837549,0.681110875491208,0.67600060065631,0.67600060065631,0.638606208140929
1.38994795569974,2.42709906401967,1,0,0,-0.477128124577037,-1.88140937161685,0,-0.660763709820453,0,24,78,1.60913507063024,7.24883629423796,1.60913507063024,1.60913507063024,7.24883629423796,1.60913507063024,0.528871055883172,0.555550361257981,0.528871055883172,0.521627463694991,0.54167343870976,0.521627463694991
9.51233655113567,9.84870065111578,0,1,1,-0.0382248502553933,-1.26721207795003,1,-0.660763709820453,0,24,78,9.19276806977595,9.19276806977595,2.48694161927353,9.19276806977595,9.19276806977595,2.48694161927353,0.722486247092455,0.722486247092455,0.618037888218108,0.672320520692472,0.672320520692472,0.589182044506412
16.7975117967908,15.1532197469562,0,0,1,1.62764474099401,1.79400319330175,1,-0.660763709820453,0,24,78,14.1371282593492,14.1371282593492,5.81868080177233,14.1371282593492,14.1371282593492,5.81868080177233,0.872223157023262,0.872223157023262,0.54395936746541,0.811264746354952,0.811264746354952,0.532953462754674
7.38541103469061,7.87763556323237,1,1,1,1.33185670063771,-0.723504751220466,0,-0.660763709820453,0,24,78,7.85056384609832,7.85056384609832,5.22710472105973,7.85056384609832,7.85056384609832,5.22710472105973,0.822692883766826,0.822692883766826,0.665171339345639,0.761156670595135,0.761156670595135,0.62592434862018
2.30558651501052,5.32974883578451,0,1,1,-0.814633777499065,-0.0445247788461922,0,-0.660763709820453,0,24,78,3.03610622071748,3.03610622071748,0.934123764786182,3.03610622071748,3.03610622071748,0.934123764786182,0.750598935664453,0.750598935664453,0.686863966509087,0.696038925635634,0.696038925635634,0.643221598101192
9.39841674822993,9.53080979007971,1,0,1,1.82919619579127,0.133817194078891,0,-0.660763709820453,0,24,78,8.339690752798,8.339690752798,6.22178371136686,8.339690752798,8.339690752798,6.22178371136686,0.916644890545927,0.916644890545927,0.686212394896388,0.862413166784921,0.862413166784921,0.642697807342224
3.67361208993753,2.81991217489004,1,0,0,0.193207200890416,-0.25541114155967,1,-0.660763709820453,0,24,78,2.94980572156514,8.11504057279796,2.94980572156514,2.94980572156514,8.11504057279796,2.94980572156514,0.684271781436688,0.780508463874919,0.684271781436688,0.641139404115216,0.722191767261383,0.641139404115216
6.98421549484864,7.83821133235988,0,0,0,2.85538728670539,-1.23997242793213,0,-0.660763709820453,0,24,78,8.27416589319509,11.911697515227,8.27416589319509,8.27416589319509,11.911697515227,8.27416589319509,0.621086066011075,0.988767714006019,0.621086066011075,0.591529382662866,0.973734766023726,0.591529382662866
4.2281008881538,3.1399615467058,1,0,0,-0.024506421682241,1.16986642149592,1,-0.660763709820453,0,24,78,2.51437847641983,8.9829659205635,2.51437847641983,2.51437847641983,8.9829659205635,2.51437847641983,0.628586986448149,0.731387929804814,0.628586986448149,0.597320823386157,0.679750823056722,0.597320823386157
8.40104154959782,9.79715110261924,1,1,1,1.31073757158217,-0.104608191377013,0,0.277600836818364,0,21,79,7.65535579226525,7.65535579226525,5.54441291856208,7.65535579226525,7.65535579226525,5.54441291856208,0.760531475456523,0.760531475456523,0.583977893711087,0.704608860295371,0.704608860295371,0.563161858509181
10.1455190561727,11.8626986053431,1,1,1,1.60099231031819,0.050456998067827,1,0.277600836818364,0,21,79,11.2274683046881,11.2274683046881,6.12492239603413,11.2274683046881,11.2274683046881,6.12492239603413,0.88576771533962,0.88576771533962,0.584363597588965,0.826091882838578,0.826091882838578,0.563454642605059
2.43534142729611,3.25419457879349,1,1,0,-0.559152115608591,0.785318820008084,0,0.277600836818364,0,21,79,1.80463354418056,4.52135919323945,1.80463354418056,1.80463354418056,4.52135919323945,1.80463354418056,0.555920580941071,0.592033987423024,0.555920580941071,0.541952292027238,0.569285193922864,0.541952292027238
8.30821171245088,7.21682850364591,1,1,1,0.676576952562896,0.825602806689243,0,0.277600836818364,0,21,79,7.05771167493669,7.05771167493669,4.27609168052354,7.05771167493669,7.05771167493669,4.27609168052354,0.605571488745079,0.605571488745079,0.552891550054169,0.579616270224422,0.579616270224422,0.539671439295594
3.32056883505798,1.81905006688935,0,1,0,-0.15892364450758,1.08354921948708,1,0.277600836818364,0,21,79,2.60509048638258,8.87916939743364,2.60509048638258,2.60509048638258,8.87916939743364,2.60509048638258,0.52979853767768,0.646616045498126,0.52979853767768,0.522323024938024,0.611337258526926,0.522323024938024
7.66884254613963,8.52042176321027,1,1,1,1.012642989265,-0.659166767669048,0,0.277600836818364,0,21,79,7.482724581527,7.482724581527,4.94822375392774,7.482724581527,7.482724581527,4.94822375392774,0.678015894259303,0.678015894259303,0.564404359134691,0.636131911406629,0.636131911406629,0.548348813184452
0.689543345963068,1.53218109773169,1,1,0,-0.981719311485976,1.38290332045316,1,0.277600836818364,0,21,79,0.959499152425792,7.97192074614616,0.959499152425792,0.959499152425792,7.97192074614616,0.959499152425792,0.494976022070005,0.712958975398761,0.494976022070005,0.496238456581113,0.664442864857165,0.496238456581113
1.40924034570546,1.40211266021985,0,1,0,-1.37917669936741,0.256674762534959,0,0.277600836818364,0,21,79,0.164584376662925,2.3304663103853,0.164584376662925,0.164584376662925,2.3304663103853,0.164584376662925,0.581451938569018,0.774384536009639,0.581451938569018,0.561245344441611,0.71674955821988,0.561245344441611
6.10570611554724,8.36580709217569,0,1,0,1.37487864241552,-0.233506393208488,0,0.277600836818364,0,21,79,5.67269506022878,7.82722029589801,5.67269506022878,5.67269506022878,7.82722029589801,5.67269506022878,0.58197442822667,0.773773157532381,0.58197442822667,0.561641643446798,0.716208856713003,0.561641643446798
5.6546943674358,6.23908030156238,1,1,0,1.42486162765299,-1.71588248827302,0,0.277600836818364,0,21,79,5.77266103070373,10.8169137442658,5.77266103070373,5.77266103070373,10.8169137442658,5.77266103070373,0.446460414609084,0.678107569094112,0.446460414609084,0.459840706826823,0.636205116362114,0.459840706826823
0.282495297487974,2.14778952289293,0,1,0,-1.1074079428881,1.90400896123507,0,0.277600836818364,0,21,79,0.708121889621535,6.43337201408499,0.708121889621535,0.708121889621535,6.43337201408499,0.708121889621535,0.414910915995257,0.558594483535988,0.414910915995257,0.435994538956878,0.543966978403872,0.435994538956878
5.01890068855155,5.75004882543401,0,1,0,0.639315909023829,1.48437826910152,0,0.277600836818364,0,21,79,4.2015695934454,8.50494843922622,4.2015695934454,4.2015695934454,8.50494843922622,4.2015695934454,0.481248470180542,0.529446225734413,0.481248470180542,0.485957462851896,0.522058801412779,0.485957462851896
10.3694454289145,9.93011819340568,1,1,1,0.102353613611792,-1.22421717089852,1,0.277600836818364,0,21,79,9.7263526841441,9.7263526841441,3.12764500262133,9.7263526841441,9.7263526841441,3.12764500262133,0.630802825244889,0.630802825244889,0.514502959233089,0.599035954114779,0.599035954114779,0.510859902889918
4.55673253738942,4.44005737678593,0,1,0,0.0741838357816594,1.80109306637074,1,0.277600836818364,0,21,79,3.07130544696106,11.4152416806898,3.07130544696106,3.07130544696106,11.4152416806898,3.07130544696106,0.432511026415178,0.550622573377693,0.432511026415178,0.449322189393779,0.537963838284924,0.449322189393779
0.628233161332772,3.76087522071164,0,1,0,-0.95199249291331,-1.19297800058394,0,0.277600836818364,0,21,79,1.01895278957112,4.54214929944839,1.01895278957112,1.01895278957112,4.54214929944839,1.01895278957112,0.518064143409042,0.622606783742318,0.518064143409042,0.513527545081126,0.592701759681638,0.513527545081126
2.29413568352928,2.64122762774878,0,1,0,-0.729619761678563,0.237099211103534,0,0.277600836818364,0,21,79,1.46369825204062,3.61991428794654,1.46369825204062,1.46369825204062,3.61991428794654,1.46369825204062,0.581896650352978,0.641643426409176,0.581896650352978,0.561582646112399,0.607456939444223,0.561582646112399
1.30964033059281,1.98338879046827,0,1,0,-0.607571934577371,1.76780604755845,0,0.277600836818364,0,21,79,1.707793906243,6.93293212802724,1.707793906243,1.707793906243,6.93293212802724,1.707793906243,0.438029744424808,0.481300319444916,0.438029744424808,0.453487735595844,0.485996308847672,0.453487735595844
3.38510969002386,5.48098318478619,0,1,0,0.770711406286316,-1.81402227451792,0,0.277600836818364,0,21,79,4.46436058797038,9.85503740041753,4.46436058797038,4.46436058797038,9.85503740041753,4.46436058797038,0.43034400156569,0.500014699502633,0.43034400156569,0.447684884219804,0.500011002182914,0.447684884219804
8.17866296809328,9.08466215368647,1,1,1,0.737065961002076,0.803229569790623,0,0.277600836818364,0,21,79,7.14224743918792,7.14224743918792,4.39706969740189,7.14224743918792,7.14224743918792,4.39706969740189,0.616825999473158,0.616825999473158,0.554593015589061,0.588249745266016,0.588249745266016,0.540952458841331
7.94152205051214,8.78381723590411,0,1,1,1.05132506151602,-1.16368706515411,0,0.277600836818364,0,21,79,8.47975548403675,8.47975548403675,5.02558789842978,8.47975548403675,8.47975548403675,5.02558789842978,0.647481345759715,0.647481345759715,0.521318098915255,0.612013669555087,0.612013669555087,0.515965619700958
10.7657485490236,10.4745842925678,1,1,1,0.0143817499349445,1.32388744449038,1,0.277600836818364,0,21,79,9.80437924094689,9.80437924094689,2.95170127526763,9.80437924094689,9.80437924094689,2.95170127526763,0.618384429997249,0.618384429997249,0.502517159296334,0.589448735770851,0.589448735770851,0.501884614891638
-0.568903247960515,-1.69631635062523,0,0,0,0.792029043597071,-0.814902499912263,1,2.16082873905994,0,20,80,-0.0851227523532181,5.67894333201004,-0.0851227523532181,-0.0851227523532181,5.67894333201004,-0.0851227523532181,0.337468222225188,0.523688440550141,0.337468222225188,0.376161693595784,0.517742037539367,0.376161693595784
-3.73147374572581,-6.67001613948152,0,1,0,-1.01204658141442,-0.916551909137494,0,2.16082873905994,0,20,80,-3.69327400237621,-0.753206600232624,-3.69327400237621,-3.69327400237621,-0.753206600232624,-3.69327400237621,0.330038215041263,0.444439973117745,0.330038215041263,0.37027986163713,0.458319274457349,0.37027986163713
1.97946579839019,1.2916071968574,0,1,0,1.2779386770989,1.2605171911453,0,2.16082873905994,0,20,80,0.886696514650449,4.57560010382328,0.886696514650449,0.886696514650449,4.57560010382328,0.886696514650449,0.299353721685977,0.48074043090889,0.299353721685977,0.345631631454563,0.485576826918357,0.345631631454563
-2.33010994657775,-3.78795007540822,0,1,0,-0.916213995173421,-0.791977791232533,1,2.16082873905994,0,20,80,-3.5016088298942,2.22561999191136,-3.5016088298942,-3.5016088298942,2.22561999191136,-3.5016088298942,0.339033234087479,0.550318682479245,0.339033234087479,0.377396735755388,0.537735192601495,0.377396735755388
0.772507859095551,0.908906893069433,0,0,0,1.39150464700481,1.41746560036178,0,2.16082873905994,0,20,80,1.11382845446225,5.22303718267123,1.11382845446225,1.11382845446225,5.22303718267123,1.11382845446225,0.282837117433498,0.496668632921784,0.282837117433498,0.332090326448843,0.497505766471207,0.332090326448843
4.52736229167025,2.78105702057285,0,1,1,1.48765039592402,-0.89664303511642,0,2.16082873905994,0,20,80,4.21008868472346,4.21008868472346,1.30611995230068,4.21008868472346,4.21008868472346,1.30611995230068,0.585431806773805,0.585431806773805,0.331555688447515,0.564265706248244,0.564265706248244,0.371483659152007
1.14546445320164,-0.607152228755369,0,1,0,1.85538811110903,1.19613878886681,0,2.16082873905994,0,20,80,2.0415953826707,5.57234338490247,2.0415953826707,2.0415953826707,5.57234338490247,2.0415953826707,0.305703761909538,0.691889620118221,0.305703761909538,0.35078367511323,0.647271105566184,0.35078367511323
2.84114833264856,-0.697604628806684,1,0,0,1.56273958225052,-0.603355786553581,0,2.16082873905994,0,20,80,1.45629832495368,3.92033653012137,1.45629832495368,1.45629832495368,3.92033653012137,1.45629832495368,0.350311213616355,0.631058558946244,0.350311213616355,0.386259128354503,0.599234030027081,0.386259128354503
-3.2736900552961,-7.1535563068986,0,1,0,-1.01542291519169,-0.312764869438622,0,2.16082873905994,0,20,80,-3.70002666993075,-1.50220480637579,-3.70002666993075,-3.70002666993075,-1.50220480637579,-3.70002666993075,0.36188372092947,0.480079190903295,0.36188372092947,0.395288573993839,0.485081387584737,0.395288573993839
-3.48780716837754,-6.50903976809184,0,1,0,-0.807429508954138,0.871428240204195,0,2.16082873905994,0,20,80,-3.28403985745564,-0.424652679630257,-3.28403985745564,-3.28403985745564,-0.424652679630257,-3.28403985745564,0.333434381318409,0.405195685218838,0.333434381318409,0.372972199736923,0.428605039437146,0.372972199736923
1.82838815449296,-0.106304899967893,0,1,1,-0.937647374819023,0.873404116651548,1,2.16082873905994,0,20,80,2.31835916179846,2.31835916179846,-3.54447558918541,2.31835916179846,2.31835916179846,-3.54447558918541,0.548622398602555,0.548622398602555,0.333288917089635,0.536459165342294,0.536459165342294,0.372857015254994
6.52332161718236,2.35244140929756,1,1,1,0.296030100488972,1.01545207676579,1,2.16082873905994,0,20,80,5.05402228163854,5.05402228163854,-1.07712063856942,5.05402228163854,5.05402228163854,-1.07712063856942,0.442920185446174,0.442920185446174,0.322062798403599,0.457174408583394,0.457174408583394,0.363930919932069
-2.80843377064786,-7.36271879949815,0,1,0,-1.09853905510234,-0.664552365415281,1,2.16082873905994,0,20,80,-3.86625894975204,1.675370896627,-3.86625894975204,-3.86625894975204,1.675370896627,-3.86625894975204,0.346969029127807,0.601246973867957,0.346969029127807,0.38363952271708,0.576310015572419,0.38363952271708
2.34383437428891,0.159129400200354,0,1,0,0.962648404626269,2.6713714734278,0,2.16082873905994,0,20,80,0.256115969705177,9.49234151874897,0.256115969705177,0.256115969705177,9.49234151874897,0.256115969705177,0.128172394355026,0.18711452057103,0.128172394355026,0.189159767421397,0.24815676108105,0.189159767421397
1.42970207625291,-1.53083973834829,0,1,0,1.2537324168221,0.475336071415534,0,2.16082873905994,0,20,80,0.838283994096844,3.1642283748856,0.838283994096844,0.838283994096844,3.1642283748856,0.838283994096844,0.356294163853581,0.537773818287693,0.356294163853581,0.390935075827056,0.528307355798048,0.390935075827056
0.165710040657376,-2.9815410115964,0,0,0,0.239286980620745,-0.47528578673374,0,2.16082873905994,0,20,80,-1.19060687830587,1.13528970076524,-1.19060687830587,-1.19060687830587,1.13528970076524,-1.19060687830587,0.356296242432609,0.36254359981985,0.356296242432609,0.390936697401068,0.395801606429769,0.390936697401068
-3.73938050678229,-6.46562187875251,0,1,0,-1.20706613439286,0.526984258300097,0,2.16082873905994,0,20,80,-4.08331310833308,-1.70560069983698,-4.08331310833308,-4.08331310833308,-1.70560069983698,-4.08331310833308,0.354046164267712,0.521832095910641,0.354046164267712,0.389180152119639,0.516350796568714,0.389180152119639
-1.68642765147293,-3.8552423520241,0,1,0,0.343890112674933,-0.61292798353983,1,2.16082873905994,0,20,80,-0.981400614197494,4.49428009880871,-0.981400614197494,-0.981400614197494,4.49428009880871,-0.981400614197494,0.349808818838081,0.477255482490415,0.349808818838081,0.385865702408418,0.482965408784262,0.385865702408418
-2.56503264664852,-4.5748283398572,1,1,0,-0.734410764514525,-0.330924807151786,1,2.16082873905994,0,20,80,-3.13800236857641,2.07150885941204,-3.13800236857641,-3.13800236857641,2.07150885941204,-3.13800236857641,0.36137224562163,0.539427013878833,0.36137224562163,0.394890788012108,0.529548669642438,0.394890788012108
-0.627882331933266,-2.53156049433663,0,1,0,0.504388082866415,0.589823060889556,0,2.16082873905994,0,20,80,-0.660404673814529,1.7874865693426,-0.660404673814529,-0.660404673814529,1.7874865693426,-0.660404673814529,0.351008508582016,0.378933236461304,0.351008508582016,0.386804977200017,0.408485485659961,0.386804977200017
5.9052094072188,5.96598519800503,0,1,1,0.535184418060321,-1.42217971941431,0,1.20810963780637,1,28,81,5.31125537405907,5.31125537405907,1.1886602197457,5.31125537405907,5.31125537405907,1.1886602197457,0.305946345603958,0.305946345603958,0.277776359427305,0.350979930749141,0.350979930749141,0.327897627180368
3.77089711984921,5.13299334516671,1,0,1,0.319290302493712,-1.78741001469634,0,1.20810963780637,1,28,81,5.68647625396724,5.68647625396724,0.39164169333045,5.68647625396724,5.68647625396724,0.39164169333045,0.244024995593006,0.244024995593006,0.235138027824725,0.299335873165288,0.299335873165288,0.291620308773321
6.81834029972954,7.24755649676104,0,1,0,2.21916728861722,0.335341269228236,0,1.20810963780637,1,28,81,6.31414694950205,8.52660071634966,6.31414694950205,6.31414694950205,8.52660071634966,6.31414694950205,0.356089311628615,0.85200997418187,0.356089311628615,0.390775253442889,0.790120176257398,0.390775253442889
2.18248444327205,1.31282346735104,0,0,0,-0.0644085481494624,-0.65794004668319,0,1.20810963780637,1,28,81,0.753713960057255,3.28659906508673,0.753713960057255,0.753713960057255,3.28659906508673,0.753713960057255,0.34227871642282,0.342721881553783,0.34227871642282,0.379953780615283,0.380302511916196,0.379953780615283
-0.25009152447233,0.574266377113376,0,1,0,-0.281888738868569,-1.22349779063599,0,1.20810963780637,1,28,81,-0.246804165333758,3.3501426783574,-0.246804165333758,-0.246804165333758,3.3501426783574,-0.246804165333758,0.298306974727254,0.306279525423497,0.298306974727254,0.344779588780549,0.351249414391843,0.344779588780549
0.31182935395734,-0.0650769280350876,0,1,0,-1.02573693421925,0.0159190311172576,0,1.20810963780637,1,28,81,-0.495083734281881,1.60516968126983,-0.495083734281881,-0.495083734281881,1.60516968126983,-0.495083734281881,0.360981078873319,0.481587647756138,0.360981078873319,0.394586490543448,0.486211575523446,0.394586490543448
4.03412241330194,6.74049374280771,1,1,0,1.14001937683807,0.163960410210265,0,1.20810963780637,1,28,81,3.98447026692578,6.1113532830421,3.98447026692578,3.98447026692578,6.1113532830421,3.98447026692578,0.35981753079726,0.509532896444143,0.35981753079726,0.393680937125863,0.507137742650995,0.393680937125863
2.78979390152532,4.9515498874687,0,1,0,1.18184332141374,-0.894847516281642,0,1.20810963780637,1,28,81,3.00931022958521,5.91006230698063,3.00931022958521,3.00931022958521,5.91006230698063,3.00931022958521,0.32673384483158,0.484466334636235,0.32673384483158,0.367653937722552,0.488368060377173,0.367653937722552
-0.553507538185405,0.392564418170112,0,0,0,-0.0989814417559301,-2.54234821254219,1,1.20810963780637,1,28,81,-1.19983999301468,10.3636944408018,-1.19983999301468,-1.19983999301468,10.3636944408018,-1.19983999301468,0.140693667280379,0.210444393078006,0.140693667280379,0.202371047378269,0.269677346595584,0.202371047378269
1.66875440962113,1.46858269064846,1,1,0,-0.435096039428956,0.129742371395918,0,1.20810963780637,1,28,81,0.800021395577375,2.91685447851281,0.800021395577375,0.800021395577375,2.91685447851281,0.800021395577375,0.360256466445874,0.381168896907192,0.360256466445874,0.394022618233849,0.410207441872781,0.394022618233849
9.67824680109207,10.5724703750678,1,1,1,2.8158051360901,0.669131516766981,0,1.20810963780637,1,28,81,10.3889498787174,10.3889498787174,7.84121289198655,10.3889498787174,10.3889498787174,7.84121289198655,0.959189486147536,0.959189486147536,0.341644545007805,0.921152918633848,0.921152918633848,0.379454566490872
1.87423458681057,2.8149396148297,0,1,1,-0.387311731082483,-1.13010635930524,0,1.20810963780637,1,28,81,3.0128816649113,3.0128816649113,-0.364258718430832,3.0128816649113,3.0128816649113,-0.364258718430832,0.32251209410351,0.32251209410351,0.307135157155079,0.364289599434642,0.364289599434642,0.351941119163512
0.935100673508566,-0.146085033660488,0,0,0,-1.00790892775034,0.945077043129829,1,1.20810963780637,1,28,81,0.469730290668522,6.46290090811954,0.469730290668522,0.469730290668522,6.46290090811954,0.469730290668522,0.322883505393325,0.552979280115147,0.322883505393325,0.364586009774104,0.539737479485662,0.364586009774104
4.25608305646106,4.66417265572,0,1,0,0.502805368866572,-0.0427561382219543,0,1.20810963780637,1,28,81,2.50332570255056,4.60515378990621,2.50332570255056,2.50332570255056,4.60515378990621,2.50332570255056,0.3609122319945,0.388958440246537,0.3609122319945,0.394532925964466,0.416192971710984,0.394532925964466
5.6053207311121,5.7299243950316,1,1,1,0.364448725559784,0.401027153140988,0,1.20810963780637,1,28,81,4.93121848485629,4.93121848485629,2.67039570729992,4.93121848485629,4.93121848485629,2.67039570729992,0.368510912358636,0.368510912358636,0.353989244128217,0.400432444213578,0.400432444213578,0.389135686061672
0.851626315342326,0.633725049182853,1,1,0,-0.74793854788112,-0.619027106584151,1,1.20810963780637,1,28,81,-0.574433099307021,4.90876145937892,-0.574433099307021,-0.574433099307021,4.90876145937892,-0.574433099307021,0.344404397393315,0.523355115214432,0.344404397393315,0.381625576663759,0.51749220943117,0.381625576663759
-2.41111574865496,-2.802365688748,1,1,0,-2.30911044646797,0.71109372811325,1,1.20810963780637,1,28,81,-2.36665606178333,3.23899822837867,-2.36665606178333,-2.36665606178333,3.23899822837867,-2.36665606178333,0.339176672609909,0.913680539174567,0.339176672609909,0.377509865702919,0.858746400314969,0.377509865702919
5.761469132813,6.06024740881217,1,1,1,0.746507424005481,0.393004909264373,0,1.20810963780637,1,28,81,5.6809437190206,5.6809437190206,3.42649086031471,5.6809437190206,5.6809437190206,3.42649086031471,0.416642950683356,0.416642950683356,0.354265505532932,0.437309333258157,0.437309333258157,0.389351487394136
5.75353766943489,6.79856337020333,1,1,1,0.692997710919166,-0.323991303956838,0,1.20810963780637,1,28,81,4.80744558596052,4.80744558596052,2.60247522092087,4.80744558596052,4.80744558596052,2.60247522092087,0.410081435117854,0.410081435117854,0.356414698201704,0.432324376519636,0.432324376519636,0.391029105688335
3.69054890856984,5.04176893590157,1,1,0,1.03507755242057,0.709706116328378,0,1.20810963780637,1,28,81,4.32033232420888,6.92401509576279,4.32033232420888,4.32033232420888,6.92401509576279,4.32033232420888,0.339260543285979,0.46016575966976,0.339260543285979,0.377576009405199,0.470145507127212,0.377576009405199
6.87754524145878,4.53767126849235,0,1,1,-0.361388979762843,-0.874606384119235,1,1.20810963780637,1,28,81,5.80802308653657,5.80802308653657,-0.056913240605552,5.80802308653657,5.80802308653657,-0.056913240605552,0.454857929244084,0.454857929244084,0.328232060211692,0.466157639835147,0.466157639835147,0.368845330385413
4.1594227316328,3.84550381228846,1,1,0,1.24276817246826,-1.16995829025195,1,1.20810963780637,1,28,81,2.85604915772395,9.32485155865321,2.85604915772395,2.85604915772395,9.32485155865321,2.85604915772395,0.303436751033678,0.592089051561223,0.303436751033678,0.348947632679441,0.569327107408143,0.348947632679441
-0.523375740288897,-2.01373684046617,0,1,0,-0.259709790640441,-0.999734639279424,1,1.20810963780637,1,28,81,0.0213168824790642,6.12078623145422,0.0213168824790642,0.0213168824790642,6.12078623145422,0.0213168824790642,0.318483152845493,0.436542622929993,0.318483152845493,0.361068790944674,0.452365818377797,0.361068790944674
4.74749270929335,5.31749931356206,0,1,0,1.20006095426799,0.415337350084477,0,1.20810963780637,1,28,81,4.35593036165983,6.62843547603503,4.35593036165983,4.35593036165983,6.62843547603503,4.35593036165983,0.353482826702372,0.519232671523452,0.353482826702372,0.388740004916364,0.514403013552656,0.388740004916364
4.7617725175604,3.62715880786731,1,1,1,-0.215107006155089,0.638447089762198,0,1.20810963780637,1,28,81,4.25631886691721,4.25631886691721,1.74870418049139,4.25631886691721,4.25631886691721,1.74870418049139,0.348323734745988,0.348323734745988,0.343358994225932,0.384702007273224,0.384702007273224,0.380803684128108
11.652963252448,10.6186366049378,0,1,1,0.449844223398988,1.31013520912048,1,1.20810963780637,1,28,81,10.566749025135,10.566749025135,3.75029475895783,10.566749025135,10.566749025135,3.75029475895783,0.418975476889842,0.418975476889842,0.289632066812701,0.439078786274676,0.439078786274676,0.337686836537385
6.13775566218508,5.44302734990166,0,1,1,0.583488032687161,-0.0332184941130895,0,1.20810963780637,1,28,81,4.77533214265174,4.77533214265174,2.6742286743006,4.77533214265174,4.77533214265174,2.6742286743006,0.398890791405109,0.398890791405109,0.360943912684763,0.423795208144752,0.423795208144752,0.394557574588923
3.42375345780333,1.0656433035286,0,1,0,0.194339636532297,0.307505835990281,1,1.20810963780637,1,28,81,2.23665621209425,7.43121605126233,2.23665621209425,2.23665621209425,7.43121605126233,2.23665621209425,0.356867569904589,0.475450638121153,0.356867569904589,0.391382334719762,0.481612657706749,0.391382334719762
6.32717464054966,7.4002767189922,0,0,1,-0.34951590728329,0.852270668089469,0,0.669940079043367,1,29,82,5.53078443569993,5.53078443569993,2.70441914401426,5.53078443569993,5.53078443569993,2.70441914401426,0.402271595175903,0.402271595175903,0.388457102158073,0.426375796445745,0.426375796445745,0.415808382228366
12.8174438975537,13.3352055522485,0,0,1,1.03177810356361,1.8846089343036,0,0.669940079043367,1,29,82,12.1510962671791,12.1510962671791,6.49934543192219,12.1510962671791,12.1510962671791,6.49934543192219,0.381108596219889,0.381108596219889,0.270800454363136,0.410161021306936,0.410161021306936,0.322082348467117
5.69395004870122,6.78434908070034,0,0,1,0.466331212465059,-0.0850489843671309,0,0.669940079043367,1,29,82,5.50602706079624,5.50602706079624,3.39879373105435,5.50602706079624,5.50602706079624,3.39879373105435,0.446452629797036,0.446452629797036,0.421220676305584,0.459834845950542,0.459834845950542,0.440780752133345
6.96773502953528,5.78561622162077,0,0,1,-0.192549677963025,-0.239018053531095,1,0.669940079043367,1,29,82,7.08419251094802,7.08419251094802,1.92706288103422,7.08419251094802,7.08419251094802,1.92706288103422,0.540548141208178,0.540548141208178,0.418922498881733,0.530390653221253,0.530390653221253,0.439038611919391
5.75360583366077,5.72072677197014,0,0,1,0.256359173961194,-0.855207331804327,0,0.669940079043367,1,29,82,5.0400708869813,5.0400708869813,2.20869130660943,5.0400708869813,5.0400708869813,2.20869130660943,0.395642307130463,0.395642307130463,0.388231645012137,0.421312312479535,0.421312312479535,0.415635400096665
0.938733402461613,2.3220647356992,0,0,0,-1.33434378132677,0.0544125587101468,0,0.669940079043367,1,29,82,-0.0630947134520353,2.03986601309335,-0.0630947134520353,-0.0630947134520353,2.03986601309335,-0.0630947134520353,0.421417621137084,0.628146840241398,0.421417621137084,0.440929988640443,0.596980373916512,0.440929988640443
2.61023580652861,3.00860343238371,1,1,0,0.0250759893460889,-0.650099967881218,0,0.669940079043367,1,29,82,1.95123230130233,4.47386226954149,1.95123230130233,1.95123230130233,4.47386226954149,1.95123230130233,0.402195716970505,0.402267224265892,0.402195716970505,0.426317915738457,0.426372462315067,0.426317915738457
10.1265758180144,11.4419208048666,0,0,1,0.703508472983702,0.488487721932496,1,0.669940079043367,1,29,82,9.78530521287007,9.78530521287007,4.44668495839127,9.78530521287007,9.78530521287007,4.44668495839127,0.585299682714942,0.585299682714942,0.410592109354403,0.564165372139103,0.564165372139103,0.432712754738006
6.73630774930593,7.35734749252633,0,0,0,1.83143698462759,-0.40233847416539,0,0.669940079043367,1,29,82,5.81171578558115,8.07359203337488,5.81171578558115,5.81171578558115,8.07359203337488,5.81171578558115,0.414108964597647,0.776163001129967,0.414108964597647,0.435385516989275,0.718325100441869,0.435385516989275
6.8265084461482,10.7412626547052,0,0,1,0.569468307771671,0.398733043833565,1,0.669940079043367,1,29,82,9.34783799011306,9.34783799011306,4.08884994986828,9.34783799011306,9.34783799011306,4.08884994986828,0.569295397453268,0.569295397453268,0.414241484382911,0.552042589107415,0.552042589107415,0.435486167188623
7.43266949494039,8.58316430224398,0,0,1,-0.173983271038295,0.52173033980231,1,0.669940079043367,1,29,82,8.09714663568732,8.09714663568732,2.72494408821709,8.09714663568732,8.09714663568732,2.72494408821709,0.529643446775174,0.529643446775174,0.409055888001678,0.522206710043924,0.522206710043924,0.431544213692185
4.70714289560933,8.4100180485187,0,0,1,-0.407912196881492,0.913723876562491,0,0.669940079043367,1,29,82,5.58397109589126,5.58397109589126,2.64907977329087,5.58397109589126,5.58397109589126,2.64907977329087,0.402364917074946,0.402364917074946,0.383587765757622,0.426446981052831,0.426446981052831,0.412068432975953
9.80366667195032,12.1923797870597,1,1,1,2.23998709596269,-0.647927878258048,0,0.669940079043367,1,29,82,8.90303713958268,8.90303713958268,6.3832266041587,8.90303713958268,8.90303713958268,6.3832266041587,0.880497595997297,0.880497595997297,0.402323969367297,0.820253458770726,0.820253458770726,0.426415747045485
3.15949062960423,3.22812067606949,0,1,1,-0.636905414599885,-0.0928419318753814,0,0.669940079043367,1,29,82,3.29314715373057,3.29314715373057,1.18452752941622,3.29314715373057,3.29314715373057,1.18452752941622,0.468440799674389,0.468440799674389,0.421156780449899,0.476356360624381,0.476356360624381,0.440732332591191
12.9861459792838,13.2773612151076,1,1,1,3.13296936895714,0.685258673992356,0,0.669940079043367,1,29,82,12.0719571526798,12.0719571526798,9.502377702398,12.0719571526798,12.0719571526798,9.502377702398,0.987350826955011,0.987350826955011,0.400061931739752,0.970801959439309,0.970801959439309,0.424689537796001
4.0499211247765,2.88025575868655,0,0,0,-0.070925845652087,0.56691541558559,0,0.669940079043367,1,29,82,2.97624401477278,5.39763710320137,2.97624401477278,2.97624401477278,5.39763710320137,2.97624401477278,0.406808727134723,0.407382892645658,0.406808727134723,0.429833723986866,0.430270899633364,0.429833723986866
-0.0421690734941975,1.31867247176018,1,0,1,-1.8288016272656,-0.3111003397977,0,0.669940079043367,1,29,82,0.77926011758472,0.77926011758472,-1.41752330383752,0.77926011758472,0.77926011758472,-1.41752330383752,0.777525282438893,0.777525282438893,0.417098464972992,0.719534661361766,0.719534661361766,0.437654991255014
4.80729902650733,5.35857899883642,1,0,1,-0.275793928303658,0.388079667636152,0,0.669940079043367,1,29,82,4.63827792995279,4.63827792995279,2.3876721015202,4.63827792995279,4.63827792995279,2.3876721015202,0.423378428870989,0.423378428870989,0.414626152800761,0.442415315918568,0.442415315918568,0.435778301481702
4.011442588475,5.96307278300704,0,0,0,0.853426026394835,0.163933468565717,0,0.669940079043367,1,29,82,4.42196581184675,6.54883999396274,4.42196581184675,4.42196581184675,6.54883999396274,4.42196581184675,0.420315643068182,0.505623092322689,0.420315643068182,0.440094838829696,0.504210121197098,0.440094838829696
5.53271913665115,5.05686086219543,0,0,1,-1.10187014398662,0.905079388481991,0,0.669940079043367,1,29,82,4.17168809045506,4.17168809045506,1.25251939100013,4.17168809045506,4.17168809045506,1.25251939100013,0.52553186421368,0.52553186421368,0.384291853503845,0.519123827882513,0.519123827882513,0.412609734403479
12.2777259799514,10.5868044630923,0,0,1,2.26982588343547,0.402502167331973,0,0.669940079043367,1,29,82,9.75534221940121,9.75534221940121,7.49333422469428,9.75534221940121,9.75534221940121,7.49333422469428,0.892156404381932,0.892156404381932,0.414102919929247,0.833296881371977,0.833296881371977,0.435380925891154
3.04679134538183,3.98925171298286,0,0,0,-0.0100902275795739,-0.420920463276356,0,0.669940079043367,1,29,82,2.11007937205586,4.38725340846065,2.11007937205586,2.11007937205586,4.38725340846065,2.11007937205586,0.41340725332151,0.413418925987247,0.41340725332151,0.43485248432829,0.434861352138933,0.43485248432829
2.17528960720896,3.87201271167138,1,0,1,-0.462021556977518,-0.787293402221707,0,0.669940079043367,1,29,82,3.55967467549646,3.55967467549646,0.839843774314625,3.55967467549646,3.55967467549646,0.839843774314625,0.417586410986651,0.417586410986651,0.393257828196796,0.438025202480908,0.438025202480908,0.419487665608852
7.24035199128278,9.35567411164294,0,1,1,1.36860997477369,-1.18869368473639,0,0.669940079043367,1,29,82,7.61269923143454,7.61269923143454,4.09970655530236,7.61269923143454,7.61269923143454,4.09970655530236,0.574755528157027,0.574755528157027,0.358042853463269,0.556171947395389,0.556171947395389,0.392298587680197
10.535888001333,11.3940121198257,1,1,1,2.92639012630782,0.161018040472275,0,0.669940079043367,1,29,82,10.6909053929368,10.6909053929368,8.56497858357929,10.6909053929368,10.6909053929368,8.56497858357929,0.978600162308763,0.978600162308763,0.420359285506008,0.953852130985041,0.953852130985041,0.440127919322811
9.81884566247078,9.03659523117581,1,1,1,2.26651410770587,-0.982541646893639,0,0.669940079043367,1,29,82,9.16705494688994,9.16705494688994,6.10166685900947,9.16705494688994,9.16705494688994,6.10166685900947,0.875352866065553,0.875352866065553,0.377762077952836,0.814640001813334,0.814640001813334,0.4075826831019
-2.65593675071887,0.889220390912816,0,0,0,-1.30785012038547,-1.16526891872177,0,0.669940079043367,1,29,82,-1.22978886900134,2.22806278393768,-1.22978886900134,-1.22978886900134,2.22806278393768,-1.22978886900134,0.360448941600488,0.55844768478778,0.360448941600488,0.394172419650828,0.543856339682759,0.394172419650828
9.16206852178619,9.66684096333695,1,0,1,0.535927914485322,0.00683574280552074,1,0.669940079043367,1,29,82,8.72991858964724,8.72991858964724,3.62987186226753,8.72991858964724,8.72991858964724,3.62987186226753,0.572363303267526,0.572363303267526,0.421551955043813,0.554361985464544,0.554361985464544,0.441031776022769
4.19827720174096,6.04816284541794,0,0,1,0.158894608090046,0.336890125468411,0,0.669940079043367,1,29,82,5.41935458877799,5.41935458877799,3.20585963213987,5.41935458877799,5.41935458877799,3.20585963213987,0.419233361014588,0.419233361014588,0.416330395675358,0.439274335647619,0.439274335647619,0.437072127225605
1.87066421722926,0.655306680968796,0,0,0,-0.767760196830557,-0.951591227485652,0,0.244480738359504,1,26,83,0.453117547424425,3.45864341165208,0.453117547424425,0.453117547424425,3.45864341165208,0.453117547424425,0.428859591596047,0.497965859458663,0.428859591596047,0.446562776358413,0.498477020623648,0.446562776358413
7.56943778076176,6.95167248455574,1,0,1,-0.486988556218257,1.06032734938291,0,0.244480738359504,1,26,83,6.25087349336699,6.25087349336699,3.02657940551759,6.25087349336699,6.25087349336699,3.02657940551759,0.446257470907447,0.446257470907447,0.418760675492155,0.459687915460744,0.459687915460744,0.438915893585448
9.4091059951973,9.62872082288547,0,0,1,0.199802233683321,0.827468379965036,1,0.244480738359504,1,26,83,9.95200593574483,9.95200593574483,4.16730201590287,9.95200593574483,9.95200593574483,4.16730201590287,0.561261035034696,0.561261035034696,0.439110848976252,0.545977348254472,0.545977348254472,0.454303091520097
9.00676462894292,11.6470142213516,1,1,1,0.131949242131561,1.02275359615566,1,0.244480738359504,1,26,83,10.3729061674393,10.3729061674393,4.22688124898998,10.3729061674393,10.3729061674393,4.22688124898998,0.541748477180456,0.541748477180456,0.42236677694298,0.531292287732981,0.531292287732981,0.441649092326215
6.61508813394335,9.80495928185409,1,1,1,0.938902658782819,-1.15062246935594,0,0.244480738359504,1,26,83,7.09134408376765,7.09134408376765,3.66741201678089,7.09134408376765,7.09134408376765,3.66741201678089,0.512682988430808,0.512682988430808,0.409600922599052,0.509496796374781,0.509496796374781,0.431958872583709
2.25572463841527,3.09834612671763,0,1,0,-0.307674838752571,-0.628217888775609,0,0.244480738359504,1,26,83,1.69666160229044,4.19131931806812,1.69666160229044,1.69666160229044,4.19131931806812,1.69666160229044,0.452649975369001,0.463747595720116,0.452649975369001,0.464497701112823,0.472834737334263,0.464497701112823
10.031628509347,9.8665321323477,1,0,1,0.741162347366737,-0.589488845886772,1,0.244480738359504,1,26,83,9.28056211684281,9.28056211684281,3.8330650174179,9.28056211684281,9.28056211684281,3.8330650174179,0.634375441420183,0.634375441420183,0.454858233232619,0.601805563451568,0.601805563451568,0.466157868328796
7.13310779148153,6.6529802208745,1,0,1,1.07574911116053,-1.0861571800378,0,0.244480738359504,1,26,83,7.28530763060211,7.28530763060211,4.00557021085445,7.28530763060211,7.28530763060211,4.00557021085445,0.551853212724301,0.551853212724301,0.416211203816871,0.538889904182977,0.538889904182977,0.436981663035059
10.2208979078026,12.7112632078507,1,0,1,1.46466874668553,0.289362467768772,1,0.244480738359504,1,26,83,11.3426597674642,11.3426597674642,6.15892912971102,11.3426597674642,11.3426597674642,6.15892912971102,0.796147028138993,0.796147028138993,0.467237769387071,0.736318708583112,0.736318708583112,0.475453850601047
6.06133205598278,5.74408325982007,1,0,1,0.0410893793338526,0.0601545846096933,0,0.244480738359504,1,26,83,5.18618108589815,5.18618108589815,3.08256251184859,5.18618108589815,5.18618108589815,3.08256251184859,0.471204647058302,0.471204647058302,0.471006019389511,0.478429299384743,0.478429299384743,0.47828034673736
3.78092480830955,5.27944465937733,0,0,0,0.500143298516344,-0.595762889699659,1,0.244480738359504,1,26,83,3.34475287590422,8.79968629664751,3.34475287590422,3.34475287590422,8.79968629664751,3.34475287590422,0.454509919017456,0.600609670662772,0.454509919017456,0.465896049207946,0.575823266488697,0.465896049207946
10.3017423785136,11.4854288620733,1,1,1,2.28725572341206,-0.0055541365314729,0,0.244480738359504,1,26,83,9.60921732729645,9.60921732729645,7.50918647886384,9.60921732729645,9.60921732729645,7.50918647886384,0.916175135277957,0.916175135277957,0.471174852790301,0.861829198716416,0.861829198716416,0.478406956609194
1.43268153940545,4.76361292281002,0,0,0,-0.576224741160654,1.04886952064729,1,0.244480738359504,1,26,83,2.83664920689718,9.03677647824006,2.83664920689718,2.83664920689718,9.03677647824006,2.83664920689718,0.419873250611881,0.575857951528773,0.419873250611881,0.43975948461981,0.557006467222316,0.43975948461981
5.24713407047537,6.02836317667379,1,0,1,0.348055469814131,-0.669701588991799,0,0.244480738359504,1,26,83,5.5151387375058,5.5151387375058,2.96663851920766,5.5151387375058,5.5151387375058,2.96663851920766,0.464327965130022,0.464327965130022,0.450131016587989,0.473270346306303,0.473270346306303,0.462603126576868
7.9378779659379,12.683637003763,0,0,1,1.31953296354376,0.357957094144959,0,0.244480738359504,1,26,83,8.16538547105238,8.16538547105238,5.93725218980368,8.16538547105238,8.16538547105238,5.93725218980368,0.664542452254893,0.664542452254893,0.465150697322725,0.625426992646436,0.625426992646436,0.473887806481699
4.79652465722018,5.81717418848581,0,1,0,-0.411077865215993,1.58020262211729,1,0.244480738359504,1,26,83,3.6982760602565,11.2953163872029,3.6982760602565,3.6982760602565,11.2953163872029,3.6982760602565,0.357154446661822,0.491230411062802,0.357154446661822,0.391606042773069,0.493433834957,0.391606042773069
5.96744620898791,7.4035820511966,1,0,1,0.431884478334057,-0.648745841870207,0,0.244480738359504,1,26,83,5.67612345071298,5.67612345071298,3.1552522833691,5.67612345071298,5.67612345071298,3.1552522833691,0.473315148663313,0.473315148663313,0.451423313298033,0.480011785021155,0.480011785021155,0.463575208810493
2.68379737772938,4.38433279085505,1,0,0,-0.966883816967342,1.55155391413931,1,0.244480738359504,1,26,83,2.55801544877582,10.0653349972568,2.55801544877582,2.55801544877582,10.0653349972568,2.55801544877582,0.361068796990144,0.58506096082169,0.361068796990144,0.394654734360895,0.563984099649846,0.394654734360895
4.46858615622804,7.20645607408139,0,0,1,-0.75844968709102,0.270270697179595,0,0.244480738359504,1,26,83,3.86664674132269,3.86664674132269,1.69360049156875,3.86664674132269,3.86664674132269,1.69360049156875,0.535532096359439,0.535532096359439,0.467740136841834,0.526624618164407,0.526624618164407,0.475830741676676
7.51557866333851,9.2702947588833,0,0,1,-0.502153809163958,1.53205121856913,0,0.244480738359504,1,26,83,7.91515370513156,7.91515370513156,3.4679727688124,7.91515370513156,7.91515370513156,3.4679727688124,0.391754830236033,0.391754830236033,0.363702466168051,0.418336593060831,0.418336593060831,0.396702122478659
7.83954235335248,10.0442236455975,0,0,0,1.52660962448822,1.87455017578694,0,0.244480738359504,1,26,83,7.86799859333457,13.4819369548774,7.86799859333457,7.86799859333457,13.4819369548774,7.86799859333457,0.314150512792601,0.579660309041123,0.314150512792601,0.357593807008234,0.55988692616324,0.357593807008234
2.85711598972734,3.63499495251351,0,0,0,-0.209253111794439,-0.316516172206806,0,0.244480738359504,1,26,83,2.20520677277551,4.40538926004396,2.20520677277551,2.20520677277551,4.40538926004396,2.20520677277551,0.466464346630445,0.471613257643236,0.466464346630445,0.474873558846778,0.478735709783774,0.474873558846778
2.13814635907148,2.32282706965699,1,0,0,-0.458626211584194,0.324665481938239,0,0.244480738359504,1,26,83,2.34764222734104,4.55304990250323,2.34764222734104,2.34764222734104,4.55304990250323,2.34764222734104,0.466218735723054,0.49099515162551,0.466218735723054,0.474689267233865,0.493257668222593,0.474689267233865
14.8307916675253,16.1425672572781,1,1,1,0.75052264370315,1.69211441755643,1,0.244480738359504,1,26,83,14.0966400756363,14.0966400756363,6.13338887353392,14.0966400756363,14.0966400756363,6.13338887353392,0.520466321872346,0.520466321872346,0.341369642742314,0.515327354233271,0.515327354233271,0.37923810052301
5.98108981056306,6.67251159064242,0,0,1,-1.07242352231418,0.375493114269403,1,0.244480738359504,1,26,83,6.41187031707596,6.41187031707596,1.17087523821223,6.41187031707596,6.41187031707596,1.17087523821223,0.705892601937819,0.705892601937819,0.464546363881818,0.658646952476382,0.658646952476382,0.473434261230938
8.55403494990255,8.53223390979015,1,0,1,1.35835252984619,-0.35489822433006,0,0.244480738359504,1,26,83,7.52798875356614,7.52798875356614,5.30203600393351,7.52798875356614,7.52798875356614,5.30203600393351,0.675544609391691,0.675544609391691,0.46525316301622,0.634160445734554,0.634160445734554,0.473964702127084
3.45328015625369,1.17214244550881,1,1,1,-1.04066697376708,-0.104404005869208,0,0.118004465358123,0,27,84,3.01564119506292,3.01564119506292,0.904740998621377,3.01564119506292,3.01564119506292,0.904740998621377,0.716786850004353,0.716786850004353,0.602191077174211,0.667598986619111,0.667598986619111,0.577031317477396
4.86793837695888,0.916231172751108,0,1,1,-1.36025045847002,-0.293946237639241,0,0.118004465358123,0,27,84,2.45197841983777,2.45197841983777,0.265574029215509,2.45197841983777,2.45197841983777,0.265574029215509,0.78261446100422,0.78261446100422,0.598763892716827,0.724074594218649,0.724074594218649,0.574414225501409
3.91174901909983,1.72325484864744,1,1,0,-0.22252322309224,0.723198204811496,1,0.118004465358123,0,27,84,2.54102849997106,8.16404414341363,2.54102849997106,2.54102849997106,8.16404414341363,2.54102849997106,0.578774247279668,0.693202755539562,0.578774247279668,0.559215394149399,0.648331991262493,0.559215394149399
3.57722506975309,2.49782528369396,1,1,0,0.555309987343812,-0.859242988596605,0,0.118004465358123,0,27,84,4.09669492084317,6.93499343429559,4.09669492084317,4.09669492084317,6.93499343429559,4.09669492084317,0.568822302685552,0.604162378407625,0.568822302685552,0.551685093830653,0.578538303186933,0.551685093830653
5.7449398099979,2.31047476295764,0,1,0,0.281436373530282,0.545587783993883,0,0.118004465358123,0,27,84,3.54894769321611,5.94661372325946,3.54894769321611,3.54894769321611,5.94661372325946,3.54894769321611,0.589126494874384,0.59816170797254,0.589126494874384,0.567073261026415,0.573954747839196,0.567073261026415
11.8826808956237,9.04592044273435,1,1,1,1.12522388206209,-1.63605626383287,0,0.118004465358123,0,27,84,10.0132028087065,10.0132028087065,5.23652271027973,10.0132028087065,10.0132028087065,5.23652271027973,0.624611923740856,0.624611923740856,0.477745992457397,0.594248950579397,0.594248950579397,0.48333301385235
8.2950191366001,4.62754420624241,1,1,1,-1.28587373600155,-1.56035912695979,1,0.118004465358123,0,27,84,7.94904807923915,7.94904807923915,0.414327474152436,7.94904807923915,7.94904807923915,0.414327474152436,0.771305874729987,0.771305874729987,0.489156243070051,0.714031516003858,0.714031516003858,0.491880606216161
6.08879561921573,4.87209985528889,1,1,1,0.0390468953434533,-0.944904961960637,0,0.118004465358123,0,27,84,6.05701412398028,6.05701412398028,3.06416873684245,6.05701412398028,6.05701412398028,3.06416873684245,0.561822089457421,0.561822089457421,0.56164475880547,0.546400499950947,0.546400499950947,0.546266749617056
2.74591166961686,4.35253803950994,1,1,1,-0.378658917370567,-0.481815827148919,0,0.118004465358123,0,27,84,4.56090360270561,4.56090360270561,2.22875711141441,4.56090360270561,4.56090360270561,2.22875711141441,0.608394540353316,0.608394540353316,0.59212271956522,0.581777836319788,0.581777836319788,0.569352735089574
5.23668952231536,1.06525220704478,0,1,0,0.505583659404395,0.414585051027078,0,0.118004465358123,0,27,84,3.99724226496433,6.26912302949946,3.99724226496433,3.99724226496433,6.26912302949946,3.99724226496433,0.594872939566504,0.623657290280461,0.594872939566504,0.571447242829445,0.593512149783643,0.571447242829445
0.0246803426844429,-1.20242076162347,1,1,1,-2.16311130134095,-0.336195064640545,0,0.118004465358123,0,27,84,0.872879464962295,0.872879464962295,-1.34014765652636,0.872879464962295,0.872879464962295,-1.34014765652636,0.934078481041756,0.934078481041756,0.597553252938065,0.884941776742046,0.884941776742046,0.573490595369615
13.5470257763915,9.04399559102967,0,1,1,0.908745781299788,-0.937471894399812,1,0.118004465358123,0,27,84,10.7824200615447,10.7824200615447,4.80356650875512,10.7824200615447,10.7824200615447,4.80356650875512,0.753511870550686,0.753511870550686,0.562295631665591,0.698541171278125,0.698541171278125,0.546757693678679
6.89350283227857,4.45885485708088,1,0,1,0.843973423961423,-0.590419820114105,0,0.118004465358123,0,27,84,7.12261735806196,7.12261735806196,4.67402179407839,7.12261735806196,7.12261735806196,4.67402179407839,0.665537866338194,0.665537866338194,0.586793102702783,0.626214317661485,0.626214317661485,0.565299726212282
2.52636432604371,3.93731937621012,1,1,1,0.353766262129101,0.00231910270873414,0,0.118004465358123,0,27,84,5.79361284865112,5.79361284865112,3.69360747041375,5.79361284865112,5.79361284865112,3.69360747041375,0.616775616266865,0.616775616266865,0.602684820391797,0.58821099729818,0.58821099729818,0.577408651154755
0.570268943500966,-2.61498903776315,1,0,0,-1.47791149455488,-1.07519048165044,0,0.118004465358123,0,27,84,0.0302519570457788,3.28628652887749,0.0302519570457788,0.0302519570457788,3.28628652887749,0.0302519570457788,0.549366359726259,0.774855585221116,0.549366359726259,0.537018758059918,0.717166472421849,0.537018758059918
6.8725916088312,5.57338164717808,0,0,1,-0.6136517968352,-1.3377140399432,0,0.118004465358123,0,27,84,5.64825020514629,5.64825020514629,1.75877135248514,5.64825020514629,5.64825020514629,1.75877135248514,0.563727480164026,0.563727480164026,0.519606191912962,0.547837990430725,0.547837990430725,0.514682873076033
2.80147600240529,1.8817224961931,1,1,0,-0.234198833559109,0.0434314905503953,0,0.118004465358123,0,27,84,2.51767727903733,4.61956357340876,2.51767727903733,2.51767727903733,4.61956357340876,2.51767727903733,0.602599593196216,0.608796987574633,0.602599593196216,0.577343512492029,0.58208619764661,0.577343512492029
1.65915148413952,0.851652860749559,1,0,1,-1.40176191232213,0.593003802557537,0,0.118004465358123,0,27,84,2.63420463135898,2.63420463135898,0.182551121511285,2.63420463135898,2.63420463135898,0.182551121511285,0.783311973889694,0.783311973889694,0.586652880219433,0.724699493280599,0.724699493280599,0.565193193200766
2.36460405567543,-1.61472629834635,1,0,0,-0.734556111168162,1.95764295033648,1,0.118004465358123,0,27,84,1.51696272381922,10.4493286448213,1.51696272381922,1.51696272381922,10.4493286448213,1.51696272381922,0.423744144323492,0.603435427820425,0.423744144323492,0.442692250777394,0.577982434477062,0.442692250777394
13.2149697946659,10.0544361838769,1,1,1,1.43575614346352,0.379891011077599,1,0.118004465358123,0,27,84,11.1019044133801,11.1019044133801,5.85758723308258,11.1019044133801,11.1019044133801,5.85758723308258,0.864624716629093,0.864624716629093,0.596128922000325,0.803188040436331,0.803188040436331,0.572404488249562
4.31872837179517,1.98502231515412,1,1,1,-1.30989839477229,-0.417578827229843,0,0.118004465358123,0,27,84,2.64065023356161,2.64065023356161,0.366278156610963,2.64065023356161,2.64065023356161,0.366278156610963,0.76846300654815,0.76846300654815,0.594759359988166,0.711531963702655,0.711531963702655,0.571360700675033
7.3066755593802,2.01520162702721,1,0,0,0.619546330305199,-0.251072686962642,0,0.118004465358123,0,27,84,4.22516760676594,6.38820510090458,4.22516760676594,4.22516760676594,6.38820510090458,4.22516760676594,0.599825531619149,0.642554013552399,0.599825531619149,0.575224539756409,0.608166648719304,0.575224539756409
5.92609030876245,2.28440670660652,1,0,0,0.500096711304271,-1.88790514480208,0,0.118004465358123,0,27,84,3.98626836876408,9.65045420453425,3.98626836876408,3.98626836876408,9.65045420453425,3.98626836876408,0.436167226013501,0.465403511467914,0.436167226013501,0.45208254587142,0.474077529601611,0.45208254587142
7.44949700110139,3.70577302203252,0,1,0,1.22332581560314,-1.12183793225398,0,0.118004465358123,0,27,84,5.43272657736183,8.79124692360572,5.43272657736183,5.43272657736183,8.79124692360572,5.43272657736183,0.544568815084545,0.708446078362351,0.544568815084545,0.533411485892601,0.660736884673351,0.533411485892601
3.24354432299406,-0.572260610566002,1,1,0,-0.535547432449374,-0.622386547054389,1,0.118004465358123,0,27,84,1.91498008125679,7.40234509521108,1.91498008125679,1.91498008125679,7.40234509521108,1.91498008125679,0.585014338672024,0.721909165587378,0.585014338672024,0.563948699005278,0.67184120871739,0.563948699005278
13.3862943049102,12.2980278134372,1,1,1,2.08588855253303,-0.968304747924056,1,0.118004465358123,0,27,84,13.1954661360739,13.1954661360739,7.1578520512216,13.1954661360739,13.1954661360739,7.1578520512216,0.943721583804436,0.943721583804436,0.559560858421386,0.8982339934441,0.8982339934441,0.544695404923122
5.96420109028271,1.39728589229103,1,0,1,-0.278856463679495,0.764340415486919,0,0.118004465358123,0,27,84,5.11257828954327,5.11257828954327,2.42836201879655,5.11257828954327,5.11257828954327,2.42836201879655,0.584901908571909,0.584901908571909,0.575950956141179,0.56386333202625,0.56386333202625,0.557076882927235
8.26640470108589,11.0739584086271,1,0,1,0.896095203493195,-0.866642555684872,1,-0.96821814380624,1,27,85,8.83917079662992,8.83917079662992,2.98810147730592,8.83917079662992,8.83917079662992,2.98810147730592,0.763545002503377,0.763545002503377,0.578198124568954,0.70723063929485,0.70723063929485,0.558778858781518
0.173810405044347,5.83865092099453,1,0,1,-0.834901396001032,-0.458117330327286,0,-0.96821814380624,1,27,85,2.24450499202125,2.24450499202125,-0.0653664963249513,2.24450499202125,2.24450499202125,-0.0653664963249513,0.67877094637595,0.67877094637595,0.602942625541884,0.636734995468117,0.636734995468117,0.577605704004381
5.02824746322171,8.61405892755288,1,0,1,-0.302843025949103,-1.330698178339,1,-0.96821814380624,1,27,85,6.99692703760192,6.99692703760192,0.126169395767197,6.99692703760192,6.99692703760192,0.126169395767197,0.654549789008422,0.654549789008422,0.530639166001029,0.617552764758859,0.617552764758859,0.522953514709575
0.456084435679895,2.2967940231675,1,0,1,-1.32824105540187,-0.0445069911646536,0,-0.96821814380624,1,27,85,1.46354539629853,1.46354539629853,-0.638435475963998,1.46354539629853,1.46354539629853,-0.638435475963998,0.785371921404472,0.785371921404472,0.61232277455736,0.726548818340308,0.726548818340308,0.58479004610776
8.80284386016735,14.6606407717716,1,0,1,0.810243180393136,1.8775012146783,0,-0.96821814380624,1,27,85,11.1855520125875,11.1855520125875,5.56054120146897,11.1855520125875,11.1855520125875,5.56054120146897,0.525319661814013,0.525319661814013,0.448038660409636,0.518964753161525,0.518964753161525,0.461028711757327
1.41126889709512,5.46410016476505,1,0,0,0.392162166600639,-0.32880128274296,0,-0.96821814380624,1,27,85,2.51807667646271,4.72618695999613,2.51807667646271,2.51807667646271,4.72618695999613,2.51807667646271,0.607543615899862,0.624757679402798,0.607543615899862,0.58112602165548,0.594361478243909,0.58112602165548
4.28984712388761,7.53812234460784,0,0,1,-0.787439242042193,-0.350222175672282,1,-0.96821814380624,1,27,85,5.36010853858036,5.36010853858036,0.13745296624773,5.36010853858036,5.36010853858036,0.13745296624773,0.769410709284297,0.769410709284297,0.606887065519403,0.712364131217932,0.712364131217932,0.580623262097436
3.84013856165363,9.11517045487999,0,0,1,0.22782643036768,0.241353977109582,0,-0.96821814380624,1,27,85,4.91781220611595,4.91781220611595,2.75956046384934,4.91781220611595,4.91781220611595,2.75956046384934,0.615620213034791,0.615620213034791,0.609791323204443,0.587322667984897,0.587322667984897,0.582848305257105
5.38551062313762,6.15398354710407,1,0,1,-0.147310319015479,-2.00495526053158,0,-0.96821814380624,1,27,85,5.88282332417512,5.88282332417512,-0.237022272558143,5.88282332417512,5.88282332417512,-0.237022272558143,0.427548823848746,0.427548823848746,0.425040738670885,0.445571544781448,0.445571544781448,0.443673842810258
7.69430170628253,7.80744074619633,1,0,1,-1.30502822846576,1.28916276970837,1,-0.96821814380624,1,27,85,7.50360058558339,7.50360058558339,0.741659938781248,7.50360058558339,7.50360058558339,0.741659938781248,0.806800339443535,0.806800339443535,0.535754689168539,0.746147632202088,0.746147632202088,0.526791682705656
5.51151113356389,7.74273790304687,0,0,1,-0.608598918036765,-0.745605208774189,1,-0.96821814380624,1,27,85,5.75567770850788,5.75567770850788,0.0997505811566803,5.75567770850788,5.75567770850788,0.0997505811566803,0.731604466413692,0.731604466413692,0.587170192612712,0.679932448370174,0.679932448370174,0.565586242908622
4.02094951230014,5.85340526363376,1,0,1,0.024409481246617,-0.717257381087553,0,-0.96821814380624,1,27,85,4.00857335813465,4.00857335813465,1.39411520741008,4.00857335813465,4.00857335813465,1.39411520741008,0.589138120809113,0.589138120809113,0.589069929392088,0.567082101130609,0.567082101130609,0.567030250397936
3.94938194319932,6.6036541385527,1,0,1,0.085766415303915,-0.416878939335995,0,-0.96821814380624,1,27,85,4.09099556733814,4.09099556733814,1.81720751727623,4.09099556733814,4.09099556733814,1.81720751727623,0.605407764865544,0.605407764865544,0.604576118623703,0.579490989034292,0.579490989034292,0.57885474791052
3.92748221079246,6.46962313410828,0,0,1,-0.558253505885327,-1.97344669351145,0,-0.96821814380624,1,27,85,4.96709177285356,4.96709177285356,-1.0274000792777,4.96709177285356,4.96709177285356,-1.0274000792777,0.467242632390026,0.467242632390026,0.430841364570396,0.475457499085229,0.475457499085229,0.448060753265559
5.85280952008247,8.510679179339,1,0,1,0.956937243922835,0.576655286133905,0,-0.96821814380624,1,27,85,6.98561471901015,6.98561471901015,4.55308339998397,6.98561471901015,6.98561471901015,4.55308339998397,0.69609089898436,0.69609089898436,0.597373639805322,0.65066951371,0.65066951371,0.573353600629858
7.68028204564708,10.1949495392624,1,0,1,-0.756049515499574,1.08925658910634,1,-0.96821814380624,1,27,85,7.92619110102317,7.92619110102317,1.63971118411159,7.92619110102317,7.92619110102317,1.63971118411159,0.726800254405355,0.726800254405355,0.558009069283758,0.675912732340018,0.675912732340018,0.543525787564979
4.91082284426309,10.1182770800877,1,0,1,0.746470084501031,0.105557074284929,0,-0.96821814380624,1,27,85,5.77219316522298,5.77219316522298,3.66105086929139,5.77219316522298,5.77219316522298,3.66105086929139,0.672489390995791,0.672489390995791,0.611911020782288,0.631728206194261,0.631728206194261,0.584474062354209
-0.470641757091654,1.81008142447606,1,0,1,-1.68791267942252,-1.0071776205976,0,-0.96821814380624,1,27,85,0.793957405994394,0.793957405994394,-2.32044935343824,0.793957405994394,0.793957405994394,-2.32044935343824,0.835431296899947,0.835431296899947,0.566013245368385,0.773520888033591,0.773520888033591,0.549563347335601
8.81091475663939,9.04799693219899,1,0,1,1.13386271662041,0.46511563576087,0,-0.96821814380624,1,27,85,7.11172724963532,7.11172724963532,4.79539469500608,7.11172724963532,7.11172724963532,4.79539469500608,0.736365041871104,0.736365041871104,0.602649901618264,0.683936427082296,0.683936427082296,0.577381962659465
5.08404547848516,4.97725422608433,1,0,1,-0.0208784773701963,-0.147360351941511,0,-0.96821814380624,1,27,85,3.99515139264682,3.99515139264682,1.8734363193225,3.99515139264682,3.99515139264682,1.8734363193225,0.611484653395397,0.611484653395397,0.611435645236948,0.584146925526417,0.584146925526417,0.584109327276131
2.91478563587665,6.03425229120163,1,0,1,0.265497275751455,-1.12122257474346,0,-0.96821814380624,1,27,85,4.8294656648782,4.8294656648782,1.47232560276385,4.8294656648782,4.8294656648782,1.47232560276385,0.562923060860792,0.562923060860792,0.554713667894357,0.547231027874826,0.547231027874826,0.541043314343031
1.78377130982496,3.99169426612391,0,0,0,-0.855539426617445,1.78024870399843,0,-0.96821814380624,1,27,85,2.13172347676793,7.40100892485601,2.13172347676793,2.13172347676793,7.40100892485601,2.13172347676793,0.464708779540805,0.550870765604156,0.464708779540805,0.473556155960179,0.538150586732363,0.473556155960179
-0.00377377982866633,0.796924500885804,0,0,0,-0.839131938879059,1.2456227557077,1,-0.96821814380624,1,27,85,1.62991250395398,8.28148855349083,1.62991250395398,1.62991250395398,8.28148855349083,1.62991250395398,0.54093565349358,0.72551938532279,0.54093565349358,0.530681714990494,0.674844483297565,0.530681714990494
4.82264791112745,7.09721519328785,1,0,1,-0.586856249217216,-0.653676599878935,1,-0.96821814380624,1,27,85,5.76245762492032,5.76245762492032,0.235164527691032,5.76245762492032,5.76245762492032,0.235164527691032,0.733983473224839,0.733983473224839,0.593054748824332,0.681930729901901,0.681930729901901,0.570062309864305
11.2271327960667,12.5803290433376,1,0,1,1.95813169637198,1.2600304392869,0,-0.96821814380624,1,27,85,10.9265241659648,10.9265241659648,7.23884745803526,10.9265241659648,10.9265241659648,7.23884745803526,0.879868817378939,0.879868817378939,0.539241816058195,0.819562931135559,0.819562931135559,0.529409597222547
4.39704685178384,6.83122673227199,1,0,1,0.776979872522713,-0.278798348411805,0,-0.96821814380624,1,27,85,5.51544354171517,5.51544354171517,3.33771502263802,5.51544354171517,5.51544354171517,3.33771502263802,0.674561661191305,0.674561661191305,0.608913800778331,0.633377322245077,0.633377322245077,0.582175711850814
7.53546975095434,8.06775994008934,0,0,1,-0.96663398040595,1.33949955862171,1,-0.96821814380624,1,27,85,8.36304429136195,8.36304429136195,1.4687852238142,8.36304429136195,8.36304429136195,1.4687852238142,0.737989768059805,0.737989768059805,0.529533515265901,0.685307800199961,0.685307800199961,0.522124264987473
-1.76894171085897,-1.89043830520241,0,1,0,-1.38558846668618,0.331575778463336,0,-1.35497359427895,1,26,86,-1.27555459610225,0.934387900761317,-1.27555459610225,-1.27555459610225,0.934387900761317,-1.27555459610225,0.650179922684557,0.823088580526298,0.650179922684557,0.614125476778023,0.761536064436395,0.614125476778023
1.34958095392644,1.44482976549983,1,1,1,-1.58731390337818,-0.263166115128759,1,-1.35497359427895,1,26,86,2.89550904107363,2.89550904107363,-2.27374736307834,2.89550904107363,2.89550904107363,-2.27374736307834,0.910748604264235,0.910748604264235,0.651933119806979,0.855161482588444,0.855161482588444,0.615499368566109
1.68644493963288,-0.542068562730909,0,0,0,0.69011809511039,-0.908303471643838,1,-1.35497359427895,1,26,86,1.63597927738371,7.56099447398396,1.63597927738371,1.63597927738371,7.56099447398396,1.63597927738371,0.618767821919956,0.766167239607462,0.618767821919956,0.589743837553257,0.709520524114977,0.589743837553257
8.4201521625409,7.56474436486458,1,1,1,2.73332323111597,-0.659149124500568,0,-1.35497359427895,1,26,86,8.506021464868,8.506021464868,5.97154389653814,8.506021464868,8.506021464868,5.97154389653814,0.985302397491068,0.985302397491068,0.63605951244907,0.966665137978092,0.966665137978092,0.603112988497096
-0.289815573021293,-1.39965341610821,0,1,0,-0.484548396337556,-0.43288546305745,0,-1.35497359427895,1,26,86,-0.237935696925789,2.04945412720068,-0.237935696925789,-0.237935696925789,2.04945412720068,-0.237935696925789,0.646831947157631,0.671843387191973,0.646831947157631,0.611505996923957,0.631214631689327,0.611505996923957
6.17560471181038,6.86986519748571,1,1,1,1.95631933575017,-1.43430382996206,0,-1.35497359427895,1,26,86,7.79960887698889,7.79960887698889,3.64238140034506,7.79960887698889,7.79960887698889,3.64238140034506,0.889400270669353,0.889400270669353,0.562484978865262,0.830170875915066,0.830170875915066,0.546900530070291
2.85597890108177,0.786390238851176,1,0,1,-0.115098829780863,-0.166434785018992,0,-1.35497359427895,1,26,86,2.89511465189037,2.89511465189037,0.767414114226056,2.89511465189037,2.89511465189037,0.767414114226056,0.655140701568857,0.655140701568857,0.653719746212877,0.61801695361176,0.61801695361176,0.616901027149406
3.50662275244231,5.14855910304996,0,1,1,1.12558413767222,-0.325969008887091,0,-1.35497359427895,1,26,86,5.29550162001894,5.29550162001894,3.08924582526411,5.29550162001894,5.29550162001894,3.08924582526411,0.772809570129671,0.772809570129671,0.650338946360497,0.715357608704827,0.715357608704827,0.614250033236454
-0.0446268589375726,-1.17911479741264,0,0,0,0.994991782012578,-1.93791840568781,0,-1.35497359427895,1,26,86,1.21611171714412,7.07163946424771,1.21611171714412,1.21611171714412,7.07163946424771,1.21611171714412,0.482629366700909,0.598233962345716,0.482629366700909,0.486991996235653,0.574009873501821,0.486991996235653
1.58158571609511,0.399786558610051,1,0,1,-1.39797157985367,-1.60773825201754,0,-1.35497359427895,1,26,86,1.44518743408231,1.44518743408231,-3.23963485291811,1.44518743408231,1.44518743408231,-3.23963485291811,0.746259023020027,0.746259023020027,0.537821497781293,0.692327347102818,0.692327347102818,0.528343152035593
-0.313079758740753,-2.07217337696009,1,0,1,-1.36418342231886,-1.06338098313957,0,-1.35497359427895,1,26,86,0.603077846332359,0.603077846332359,-2.62770126897051,0.603077846332359,0.603077846332359,-2.62770126897051,0.787950273925591,0.787950273925591,0.605023792920744,0.728871710620719,0.728871710620719,0.579197208285932
-0.34411342268891,-0.66006824947131,0,1,0,0.000860668004844532,-0.366941751941275,0,-1.35497359427895,1,26,86,0.798826142875187,3.03347239219292,0.798826142875187,0.798826142875187,3.03347239219292,0.798826142875187,0.649113519407303,0.649113599401836,0.649113519407303,0.61329052744305,0.613290590054696,0.61329052744305
0.133789589604299,-1.9820706906732,1,0,0,-0.146652778804456,-1.28426528159143,0,-1.35497359427895,1,26,86,-0.413524280393566,3.33581303310754,-0.413524280393566,-0.413524280393566,3.33581303310754,-0.413524280393566,0.581359017905268,0.583831304115634,0.581359017905268,0.561174872744524,0.563050593557965,0.561174872744524
8.39800006681166,9.73280951095017,0,1,1,1.50459880414262,0.0667353837034206,1,-1.35497359427895,1,26,86,9.34443316223348,9.34443316223348,4.23997955079544,9.34443316223348,9.34443316223348,4.23997955079544,0.90118108276536,0.90118108276536,0.654717409972044,0.84373258042787,0.84373258042787,0.617684420659688
2.83016503226225,0.809691457875011,0,1,0,-0.0185515478690142,0.762205038179661,0,-1.35497359427895,1,26,86,1.88914850124841,4.57010502147486,1.88914850124841,1.88914850124841,4.57010502147486,1.88914850124841,0.62961056317889,0.629648575134046,0.62961056317889,0.59811285534309,0.598142276778478,0.59811285534309
4.5142518771625,3.9579464855981,1,0,1,1.08393927095137,-0.931707398254204,0,-1.35497359427895,1,26,86,5.36829637841693,5.36829637841693,2.40021770245531,5.36829637841693,5.36829637841693,2.40021770245531,0.737783917776973,0.737783917776973,0.616842537301612,0.685133910333409,0.685133910333409,0.588262464133678
2.436546757899,-0.158721483391733,0,1,0,0.894540927766474,-0.81973215222311,0,-1.35497359427895,1,26,86,2.13339626211661,4.90535706350494,2.13339626211661,2.13339626211661,4.90535706350494,2.13339626211661,0.625581470366119,0.709554185364209,0.625581470366119,0.594997625453442,0.661645387546435,0.594997625453442
2.56280091870578,0.145303263635584,1,0,0,0.287131632480242,1.93170842377373,0,-1.35497359427895,1,26,86,3.67001824754098,9.50151568201936,3.67001824754098,3.67001824754098,9.50151568201936,3.67001824754098,0.483762590568416,0.493487794551336,0.483762590568416,0.487840907783017,0.495124141042172,0.487840907783017
4.55405628364141,4.50021483864758,1,0,1,-0.210388186204617,1.21928716465727,0,-1.35497359427895,1,26,86,5.54921854095277,5.54921854095277,1.96255735105481,5.54921854095277,5.54921854095277,1.96255735105481,0.593884342473321,0.593884342473321,0.588826610786231,0.57069410294668,0.57069410294668,0.566845248266092
3.50304633217982,2.11047918635838,0,0,0,-0.0421222711771288,2.92423954644719,1,-1.35497359427895,1,26,86,4.00404156289971,17.6552184879054,4.00404156289971,4.00404156289971,17.6552184879054,4.00404156289971,0.273175115980049,0.376913565135504,0.273175115980049,0.324066709520499,0.406928269656267,0.324066709520499
2.88980464800397,3.5115104975192,0,1,0,0.541932836721274,1.11025734187994,0,-1.35497359427895,1,26,86,3.35816957412926,6.69084093932756,3.35816957412926,3.35816957412926,6.69084093932756,3.35816957412926,0.600407213821284,0.63324891261186,0.600407213821284,0.575668663316078,0.600931661717794,0.575668663316078
4.12202239117253,2.99057972412085,0,0,1,-0.311396961666356,-0.61437649972376,1,-1.35497359427895,1,26,86,5.40433461916312,5.40433461916312,-0.0731238642497002,5.40433461916312,5.40433461916312,-0.0731238642497002,0.748567583285018,0.748567583285018,0.638557435591741,0.694299251008078,0.694299251008078,0.605054513645472
2.14816358606575,1.62382638178101,1,0,1,-0.667370662409603,1.08406609013405,0,-1.35497359427895,1,26,86,4.18857061190013,4.18857061190013,0.913371324121612,4.18857061190013,4.18857061190013,0.913371324121612,0.652256567348515,0.652256567348515,0.603013329554488,0.615753004084199,0.615753004084199,0.577659750113512
4.21443866034235,3.48688204351979,1,1,1,-0.285700198572816,0.205880053306775,1,-1.35497359427895,1,26,86,5.94091281131752,5.94091281131752,0.798526214967916,5.94091281131752,5.94091281131752,0.798526214967916,0.75909834838715,0.75909834838715,0.653088813248761,0.703365648501797,0.703365648501797,0.616405860050039
-0.396144570861142,-0.24666904984436,0,0,0,0.340555160573431,-0.827933611837361,0,-1.35497359427895,1,26,86,1.01722326811627,3.80269733372633,1.01722326811627,1.01722326811627,3.80269733372633,1.01722326811627,0.624981755012614,0.637766536427273,0.624981755012614,0.594534487403826,0.604439486690128,0.594534487403826
8.13888488233238,8.63163735108184,1,1,1,1.2609368879362,-0.263602654093907,1,-1.35497359427895,1,26,86,8.59180403983062,8.59180403983062,3.42231768058527,8.59180403983062,8.59180403983062,3.42231768058527,0.866403335747861,0.866403335747861,0.651923221841954,0.80506409875016,0.80506409875016,0.615491607770184
1.91817628617876,-0.144229534523076,1,1,0,-0.451221555091835,0.233077753134159,1,0.862856171381164,1,29,87,1.58611387045993,6.740439109466,1.58611387045993,1.58611387045993,6.740439109466,1.58611387045993,0.397021515422295,0.537583203456708,0.397021515422295,0.422366878593802,0.528164250768001,0.422366878593802
6.06340100055147,3.43081585279133,0,1,0,2.45777766833722,-1.04040866034443,0,0.862856171381164,1,29,87,6.13062590383945,9.31307608435914,6.13062590383945,6.13062590383945,9.31307608435914,6.13062590383945,0.35145675764345,0.906607778124033,0.35145675764345,0.387155746204311,0.850165999830133,0.387155746204311
-0.226298001088903,-3.1663829488679,1,1,0,-0.917321426393248,-0.958498168895204,1,0.862856171381164,1,29,87,-0.537661794172261,5.4810569456032,-0.537661794172261,-0.537661794172261,5.4810569456032,-0.537661794172261,0.35856518883996,0.571654700534288,0.35856518883996,0.392705598578033,0.553826092386658,0.392705598578033
1.12095688026263,-1.35883213352804,0,1,0,-1.12569321135904,0.00113112336481329,1,0.862856171381164,1,29,87,0.00522392815616572,5.10522520759623,0.00522392815616572,0.00522392815616572,5.10522520759623,0.00522392815616572,0.399484805080388,0.660180412661505,0.399484805080388,0.424248873109373,0.621983199406537,0.424248873109373
-1.44359287377638,-1.95080336495404,1,1,0,-0.239826788763098,-1.63640808402467,1,0.862856171381164,1,29,87,0.139417565958573,7.91724898341987,0.139417565958573,0.139417565958573,7.91724898341987,0.139417565958573,0.285796255628576,0.397940799477775,0.285796255628576,0.33453210269728,0.42306944688257,0.33453210269728
2.03452421299055,-0.763346238194693,1,0,0,0.240167966353308,-0.576232716318103,0,0.862856171381164,1,29,87,2.15958244389795,4.59162658725329,2.15958244389795,2.15958244389795,4.59162658725329,2.15958244389795,0.384508436550219,0.390988581752852,0.384508436550219,0.412776207330095,0.417749473193181,0.412776207330095
4.76922686473283,3.46189385370777,1,1,0,0.96685515600266,0.390536499960323,1,0.862856171381164,1,29,87,4.57972603947508,9.83224479727634,4.57972603947508,4.57972603947508,9.83224479727634,4.57972603947508,0.392581663757908,0.617200814268398,0.392581663757908,0.418969916353088,0.58853803112798,0.418969916353088
8.03546812102456,7.96968150421559,1,1,1,0.236154141801487,-0.324013066320788,1,0.862856171381164,1,29,87,7.60875891193823,7.60875891193823,2.40377444479163,7.60875891193823,7.60875891193823,2.40377444479163,0.517804607627634,0.517804607627634,0.394728874747814,0.513333109081344,0.513333109081344,0.420613553744467
2.43894465519229,0.838774196874949,1,1,0,-0.279820596815293,-0.95536631391745,0,0.862856171381164,1,29,87,0.740471719961403,3.75319651372962,0.740471719961403,0.740471719961403,3.75319651372962,0.740471719961403,0.358826568105739,0.367405904729369,0.358826568105739,0.392909222350362,0.399576061441477,0.392909222350362
2.50840855133383,-0.113194064647317,0,1,0,-1.03996810366071,1.97456659092951,1,0.862856171381164,1,29,87,2.15010961111753,11.1490228331325,2.15010961111753,2.15010961111753,11.1490228331325,2.15010961111753,0.24065867955376,0.459850144045698,0.24065867955376,0.296423737036123,0.469908474901455,0.296423737036123
6.47481991296545,4.63058001790921,0,0,0,1.4535981875299,0.588819122196006,0,0.862856171381164,1,29,87,5.75149472476524,8.19820268342892,5.75149472476524,5.75149472476524,8.19820268342892,5.75149472476524,0.383851616624214,0.62837462416429,0.383851616624214,0.412271301925641,0.597156553136094,0.412271301925641
6.56990043195786,6.10720663785643,0,1,1,1.53214510542557,0.034019727332952,0,0.862856171381164,1,29,87,7.45494650754135,7.45494650754135,5.35378916569354,7.45494650754135,7.45494650754135,5.35378916569354,0.668626647172781,0.668626647172781,0.39943233309897,0.628660913700358,0.628660913700358,0.424208803128413
4.46177751166491,1.68117900829393,1,0,0,1.3010620125028,-1.68301312997365,0,0.862856171381164,1,29,87,3.17459012254139,8.10712331820509,3.17459012254139,3.17459012254139,8.10712331820509,3.17459012254139,0.279815761139758,0.464284641105231,0.279815761139758,0.329589794526643,0.473237829719535,0.329589794526643
12.4647751942663,9.14284459620759,1,1,1,1.78133444460256,1.12587813719985,0,0.862856171381164,1,29,87,10.311627833739,10.311627833739,6.9440262539144,10.311627833739,10.311627833739,6.9440262539144,0.701331042725396,0.701331042725396,0.343493623507086,0.654925667414207,0.654925667414207,0.380909560767482
2.00885506816415,-1.14005686679418,1,0,0,0.0849143618854411,-0.86429545805479,0,0.862856171381164,1,29,87,1.56101249322553,4.40801913203967,1.56101249322553,1.56101249322553,4.40801913203967,1.56101249322553,0.366084340001092,0.366877386728392,0.366084340001092,0.39855117288022,0.399166278169827,0.39855117288022
1.54964301388139,-0.173011502650393,1,1,0,0.366060644510524,-0.813461109913224,1,0.862856171381164,1,29,87,2.17413940661726,7.93585838395852,2.17413940661726,2.17413940661726,7.93585838395852,2.17413940661726,0.369842561765092,0.500762030113813,0.369842561765092,0.401463800803985,0.500570532829811,0.401463800803985
4.99750029635546,4.28438902279724,1,1,0,1.20917355007874,0.461118262570852,0,0.862856171381164,1,29,87,5.13494459023777,7.44757464231413,5.13494459023777,5.13494459023777,7.44757464231413,5.13494459023777,0.389871996887526,0.56040392531833,0.389871996887526,0.416893564391503,0.545331018388128,0.416893564391503
6.44271658393599,4.71496229424425,1,0,1,0.0191472059111319,1.01566528471611,0,0.862856171381164,1,29,87,6.44101489462526,6.44101489462526,3.30943892404781,6.44101489462526,6.44101489462526,3.30943892404781,0.353698638077445,0.353698638077445,0.353658909830839,0.388908640521103,0.388908640521103,0.38887759841662
1.11415849124513,-3.13679548548976,1,1,0,-0.296062138137477,-1.67661084629724,0,0.862856171381164,1,29,87,-0.0132558950627542,4.8977680348588,-0.0132558950627542,-0.0132558950627542,4.8977680348588,-0.0132558950627542,0.280642866380808,0.289150071203944,0.280642866380808,0.330275076818313,0.337291060528276,0.330275076818313
3.73921472434523,-1.1907845414632,0,0,0,-1.1336419887035,0.518663974686065,0,0.862856171381164,1,29,87,0.506859224788495,2.87587154342564,0.506859224788495,0.506859224788495,2.87587154342564,0.506859224788495,0.387336301333486,0.537074695932171,0.387336301333486,0.414948274121923,0.527782505527497,0.414948274121923
5.86364028415888,3.99013782353034,1,0,1,0.183697499549407,0.113965798126868,0,0.862856171381164,1,29,87,4.84982822787781,4.84982822787781,2.73684002473512,4.84982822787781,4.84982822787781,2.73684002473512,0.402728630834035,0.402728630834035,0.398895474311753,0.426724392147992,0.426724392147992,0.423798785035519
2.64624170777517,1.99290896979411,0,0,0,-0.122630707726445,0.80630562535839,1,0.862856171381164,1,29,87,2.81652343741494,8.56665219889952,2.81652343741494,2.81652343741494,8.56665219889952,2.81652343741494,0.370354462700921,0.487271639795905,0.370354462700921,0.401860071558498,0.490469216166887,0.401860071558498
2.12514056195711,-1.37178626782217,1,0,0,-0.381743694439644,-0.034445197497273,0,0.862856171381164,1,29,87,1.45754664113288,3.5587331127635,1.45754664113288,1.45754664113288,3.5587331127635,1.45754664113288,0.399431010969166,0.416070295515879,0.399431010969166,0.424207793479366,0.436874711920804,0.424207793479366
7.82964381499486,3.26822464266841,1,0,0,0.896082961585274,2.44052923068913,0,0.862856171381164,1,29,87,6.48817438136912,14.5443573072172,6.48817438136912,6.48817438136912,14.5443573072172,6.48817438136912,0.175896924949726,0.238919034329004,0.175896924949726,0.237489909188068,0.294913850017429,0.237489909188068
-3.74544423943065,-3.18815652943392,1,1,0,-2.25661802776524,-0.0945610526870692,1,0.862856171381164,1,29,87,-2.3523178807081,2.75662391197718,-2.3523178807081,-2.3523178807081,2.75662391197718,-2.3523178807081,0.399079065622063,0.924744047364928,0.399079065622063,0.423939010168632,0.872662845446874,0.423939010168632
2.27069685302708,-0.824421657831858,0,1,0,-0.261754793012642,-0.855437975232039,0,0.862856171381164,1,29,87,0.876531666252116,3.70830579572121,0.876531666252116,0.876531666252116,3.70830579572121,0.876531666252116,0.366754438489918,0.374323047710723,0.366754438489918,0.399070934113517,0.404928617291548,0.399070934113517
4.88088569842678,3.10438312364922,1,0,1,0.291578373400823,-0.205271534942787,0,0.862856171381164,1,29,87,4.77550084242607,4.77550084242607,2.6333644393683,4.77550084242607,4.77550084242607,2.6333644393683,0.407242944056024,0.407242944056024,0.397573783051201,0.430164349808984,0.430164349808984,0.422788984022498
9.10083934448313,7.88406775742931,1,0,0,2.72220857363344,0.681334120193064,0,0.862856171381164,1,29,87,8.38123049496939,10.9454466783086,8.38123049496939,8.38123049496939,10.9454466783086,8.38123049496939,0.378602962537966,0.955566070846322,0.378602962537966,0.408230942390634,0.915580336468606,0.408230942390634
11.8452020213266,8.98957048376384,1,1,1,0.610598225396159,1.42815349121201,1,0.862856171381164,1,29,87,12.0444515639748,12.0444515639748,4.90482916951377,12.0444515639748,12.0444515639748,4.90482916951377,0.463959575285515,0.463959575285515,0.311223784902624,0.4729938473099,0.4729938473099,0.355239554945016
1.5768755241996,-0.351357689533307,1,1,1,-2.18476772839411,0.253275243356609,0,-1.08040236428848,1,27,88,-0.119381133294384,-0.119381133294384,-2.28352948219173,-0.119381133294384,-0.119381133294384,-2.28352948219173,0.942933006060402,0.942933006060402,0.622087423963424,0.897121281204054,0.897121281204054,0.592301267320733
6.06256796898301,4.50848187689881,0,1,1,0.376362332147807,-0.875558526193359,0,-1.08040236428848,1,27,88,4.57649960213201,4.57649960213201,1.70989686934212,4.57649960213201,4.57649960213201,1.70989686934212,0.606464145325441,0.606464145325441,0.590365663941856,0.580299481740535,0.580299481740535,0.568015702361581
5.2950378824167,5.73259508951473,1,1,1,0.650129698561763,-0.581967153237112,0,-1.08040236428848,1,27,88,4.98970874257319,4.98970874257319,2.55102297512628,4.98970874257319,4.98970874257319,2.55102297512628,0.656260301261817,0.656260301261817,0.609792517868758,0.61889693926255,0.61889693926255,0.582849221106224
2.07397777576983,4.99345004198808,1,0,1,-1.24937756223,-1.07006756955786,1,-1.08040236428848,1,27,88,4.50895264064148,4.50895264064148,-1.73609196277799,4.50895264064148,4.50895264064148,-1.73609196277799,0.819727164894138,0.819727164894138,0.572955945451959,0.75832226935701,0.75832226935701,0.554810263864647
2.99886246188177,4.22811812022255,1,1,1,-0.858921527090428,-1.72650900449266,0,-1.08040236428848,1,27,88,3.46921201516059,3.46921201516059,-1.61162132743365,3.46921201516059,3.46921201516059,-1.61162132743365,0.573352584750874,0.573352584750874,0.48679258930461,0.555110326729877,0.555110326729877,0.490110432562786
3.0612870314167,2.43923582991782,0,0,0,0.31068200019987,0.884515298027131,0,-1.08040236428848,1,27,88,3.33861002966674,6.22097734211077,3.33861002966674,3.33861002966674,6.22097734211077,3.33861002966674,0.589644425510463,0.600642522042655,0.589644425510463,0.567467119207052,0.575848354139649,0.567467119207052
4.95152444391771,6.49883084520528,0,0,1,1.13985289925763,-0.476180223117072,0,-1.08040236428848,1,27,88,5.96300391152588,5.96300391152588,3.63625630663805,5.96300391152588,5.96300391152588,3.63625630663805,0.747487527855589,0.747487527855589,0.614822584263423,0.693376019506182,0.693376019506182,0.586709691658227
10.2521191991958,11.0364442026057,1,1,1,1.67637061077762,1.32480993713842,0,-1.08040236428848,1,27,88,10.3654032594742,10.3654032594742,6.51028188993353,10.3654032594742,10.3654032594742,6.51028188993353,0.820100396514896,0.820100396514896,0.544541455962746,0.758678096279188,0.758678096279188,0.533390923442066
3.90730207322181,3.20088093136474,1,0,1,-0.0548980580383828,0.195697047523329,0,-1.08040236428848,1,27,88,4.05692899709578,4.05692899709578,1.91863166268643,4.05692899709578,4.05692899709578,1.91863166268643,0.623572733146741,0.623572733146741,0.623237718825539,0.593446904317178,0.593446904317178,0.593188429708557
2.73691703875142,0.824390621652059,1,1,1,-1.33346076873394,-0.0985825309053067,1,-1.08040236428848,1,27,88,4.17694517826639,4.17694517826639,-0.93277333713331,4.17694517826639,4.17694517826639,-0.93277333713331,0.862852246139784,0.862852246139784,0.6245078520699,0.801327014246581,0.801327014246581,0.594168609255313
7.36022659701474,6.54334837368939,1,1,1,1.56585739823596,0.307693811293319,0,-1.08040236428848,1,27,88,7.46681482051332,7.46681482051332,5.27213933900511,7.46681482051332,7.46681482051332,5.27213933900511,0.840868963538909,0.840868963538909,0.620727366002512,0.778898570655671,0.778898570655671,0.591252975301061
12.3592759128537,11.0505186599726,1,1,1,0.903375037274305,1.29793065921382,1,-1.08040236428848,1,27,88,11.7220354611295,11.7220354611295,4.9374114650023,11.7220354611295,11.7220354611295,4.9374114650023,0.741459711190361,0.741459711190361,0.547842495317046,0.688245145681297,0.688245145681297,0.535872621790392
1.43083395655458,2.59738684116372,1,1,1,-1.01681356907157,-0.628572106296407,0,-1.08040236428848,1,27,88,1.66563437961422,1.66563437961422,-0.829468513199686,1.66563437961422,1.66563437961422,-0.829468513199686,0.716365688569854,0.716365688569854,0.607248815277612,0.667251153704395,0.667251153704395,0.580900257837143
9.33891800345626,7.3066296186424,0,1,1,0.608306425592555,-1.50300496845378,1,-1.08040236428848,1,27,88,8.90536254916795,8.90536254916795,1.5463386139712,8.90536254916795,8.90536254916795,1.5463386139712,0.675187423319958,0.675187423319958,0.520853956723658,0.633875805613054,0.633875805613054,0.515617816777307
5.94865821781061,6.70187723042177,1,1,1,-0.477640980374908,-2.37011833873104,0,-1.08040236428848,1,27,88,6.22479137134819,6.22479137134819,-1.49266956824099,6.22479137134819,6.22479137134819,-1.49266956824099,0.390938114433558,0.390938114433558,0.36554325723683,0.417710796923195,0.417710796923195,0.398131343392655
3.96676277053844,4.12481659210644,1,1,1,-1.76775137453387,0.151325540804967,1,-1.08040236428848,1,27,88,3.571452942277,3.571452942277,-1.55144647702291,3.571452942277,3.571452942277,-1.55144647702291,0.923723083014677,0.923723083014677,0.62392225289007,0.871351192929101,0.871351192929101,0.593716616547342
3.227011197499,0.56100979377352,1,1,0,-0.470039832859598,0.300457153718821,0,-1.08040236428848,1,27,88,1.19310821923949,3.38338272046031,1.19310821923949,1.19310821923949,3.38338272046031,1.19310821923949,0.620923552605855,0.645228917271463,0.620923552605855,0.591404146939913,0.610253671575327,0.591404146939913
6.61745340550756,5.43802897963533,1,1,1,1.55123873251307,0.114899212396699,0,-1.08040236428848,1,27,88,7.1633092376721,7.1633092376721,5.05010740866272,7.1633092376721,7.1633092376721,5.05010740866272,0.840027480860596,0.840027480860596,0.62435312964617,0.778062263826964,0.778062263826964,0.594049174326808
8.36691825693599,6.5015547349233,1,1,1,0.725041534191637,1.0180911251261,0,-1.08040236428848,1,27,88,7.43741446380977,7.43741446380977,4.30090492474924,7.43741446380977,7.43741446380977,4.30090492474924,0.637188590902376,0.637188590902376,0.577968503665049,0.60399023292396,0.60399023292396,0.558604893691944
7.45641981589047,5.60193079373919,1,1,1,1.58806495030149,-0.205236133123625,0,-1.08040236428848,1,27,88,6.94574636905877,6.94574636905877,4.80362449871923,6.94574636905877,6.94574636905877,4.80362449871923,0.846675490174918,0.846675490174918,0.623067621278173,0.784711790439819,0.784711790439819,0.593057210384541
-1.1281761716188,-0.345219128803846,0,0,0,-0.537735861939408,-0.701182001856784,0,-1.08040236428848,1,27,88,0.0560770055042686,2.64773320523216,0.0560770055042686,0.0560770055042686,2.64773320523216,0.0560770055042686,0.602882639092611,0.635150622330954,0.602882639092611,0.577559851623963,0.602407222135668,0.577559851623963
6.83104620403151,6.77484974486721,0,1,1,0.0720034146606889,0.397727795751585,1,-1.08040236428848,1,27,88,7.63265275582624,7.63265275582624,2.37446535631283,7.63265275582624,7.63265275582624,2.37446535631283,0.72271727822319,0.72271727822319,0.617891969107406,0.672512489971987,0.672512489971987,0.589069761394468
3.27857435793115,4.67027347050562,0,1,1,0.423412085932797,-1.01618217582689,0,-1.08040236428848,1,27,88,4.79599894174685,4.79599894174685,1.66337272727857,4.79599894174685,4.79599894174685,1.66337272727857,0.598672518066597,0.598672518066597,0.578147573065385,0.574344498049559,0.574344498049559,0.55874055896671
7.77060192506016,8.59930275283669,1,1,1,1.18050507746251,1.24999699571952,0,-1.08040236428848,1,27,88,9.10623037119222,9.10623037119222,5.4437378818844,9.10623037119222,9.10623037119222,5.4437378818844,0.70587127037595,0.70587127037595,0.553551670110045,0.658629514197324,0.658629514197324,0.540168384418134
8.06502843632856,7.78110839393247,1,0,1,1.91245925525278,0.186916676049918,0,-1.08040236428848,1,27,88,7.9795037615809,7.9795037615809,5.84456591779535,7.9795037615809,7.9795037615809,5.84456591779535,0.90573845899466,0.90573845899466,0.623387109422757,0.849126951724112,0.849126951724112,0.593303684139424
7.42644837774679,6.90563405251943,0,1,1,0.745190062460549,-1.64102652106238,0,-1.08040236428848,1,27,88,6.47505237792868,6.47505237792868,1.68208433509859,6.47505237792868,6.47505237792868,1.68208433509859,0.56555682794404,0.56555682794404,0.500379463264611,0.549218751253267,0.549218751253267,0.500284102793064
2.18656401086487,2.66011203832467,1,0,0,0.277245643273656,-1.06708581526326,0,-1.08040236428848,1,27,88,1.32013620252392,4.55880833965997,1.32013620252392,1.32013620252392,4.55880833965997,1.32013620252392,0.573250654798975,0.582113522970406,0.573250654798975,0.555033212121915,0.561747155536071,0.555033212121915
-8.37518397605179,-6.44909874994716,1,0,0,-2.32228163337291,0.208208676056983,0,-2.05624357945353,1,22,89,-5.6644922487327,-3.5211413959473,-5.6644922487327,-5.6644922487327,-3.5211413959473,-5.6644922487327,0.724299692988973,0.973362004414247,0.724299692988973,0.673828586755774,0.944469926573785,0.673828586755774
-0.48471375978256,4.11323429489662,1,1,1,-1.15076743692772,0.387819683364208,1,-2.05624357945353,1,22,89,2.1085512582696,2.1085512582696,-3.14185284853511,2.1085512582696,2.1085512582696,-3.14185284853511,0.887520398009072,0.887520398009072,0.720204651340902,0.828054244396153,0.828054244396153,0.670427122246563
2.8095271246076,5.51819873107039,1,0,1,0.328994927461874,-0.638138536603475,1,-2.05624357945353,1,22,89,4.29893445217483,4.29893445217483,-1.2082863397236,4.29893445217483,4.29893445217483,-1.2082863397236,0.806428961764727,0.806428961764727,0.710237009427441,0.745801996445641,0.745801996445641,0.662205687903439
2.75108918267543,6.32595856458393,1,0,1,1.48959758204172,-1.45493659355669,0,-2.05624357945353,1,22,89,4.51296140375321,4.51296140375321,0.296120912482876,4.51296140375321,4.51296140375321,0.296120912482876,0.836551179079957,0.836551179079957,0.639160617789711,0.774623335423792,0.774623335423792,0.605523752309579
5.14871480255406,8.80830889929595,1,0,1,1.28969873185439,0.238832647844577,1,-2.05624357945353,1,22,89,6.74713348718593,6.74713348718593,1.59009245350948,6.74713348718593,6.74713348718593,1.59009245350948,0.904597806471336,0.904597806471336,0.723778001013325,0.847768561902421,0.847768561902421,0.673394456685032
7.5532019859642,9.40709467972891,0,1,1,0.261760330491334,-2.35376635643544,1,-2.05624357945353,1,22,89,7.58183270719073,7.58183270719073,-3.05838335349665,7.58183270719073,7.58183270719073,-3.05838335349665,0.605703479638701,0.605703479638701,0.481143516496603,0.579717275689777,0.579717275689777,0.485878830040223
-3.00439927340382,-1.22583625881659,1,0,0,-0.630155465671651,0.290038940022958,0,-2.05624357945353,1,22,89,-2.19840964936422,-0.0142870626345756,-2.19840964936422,-2.19840964936422,-0.0142870626345756,-2.19840964936422,0.722744281004808,0.759102451629377,0.722744281004808,0.672534930204184,0.70336920470167,0.672534930204184
3.85556222574472,4.44194762319258,1,0,1,-0.199072309412552,-1.14734402305676,1,-2.05624357945353,1,22,89,3.64277200731833,3.64277200731833,-2.77362629992573,3.64277200731833,3.64277200731833,-2.77362629992573,0.77195898779642,0.77195898779642,0.673399205952281,0.71460714726888,0.71460714726888,0.632451926165168
-3.32989606034073,-0.789098347942706,1,0,0,-0.0489936526237912,-0.110160983884858,0,-2.05624357945353,1,22,89,-1.43628594717631,0.675849495194168,-1.43628594717631,-1.43628594717631,0.675849495194168,-1.43628594717631,0.725487027184079,0.725714934107106,0.725487027184079,0.674817515099851,0.675007478696269,0.674817515099851
3.69925294166001,5.42811915323257,1,0,0,2.04191009973845,1.33140028150134,0,-2.05624357945353,1,22,89,4.18708282293437,8.05970953251622,4.18708282293437,4.18708282293437,8.05970953251622,4.18708282293437,0.654073899220912,0.934101331012111,0.654073899220912,0.617179060376118,0.884972505359504,0.617179060376118
2.47408250271458,5.88583109802154,1,1,1,-0.625071868204004,0.346844187123574,1,-2.05624357945353,1,22,89,3.08886368281311,3.08886368281311,-2.13143720732831,3.08886368281311,3.08886368281311,-2.13143720732831,0.83458821684711,0.83458821684711,0.721359770204657,0.77269264009675,0.77269264009675,0.671385155236349
-2.95908700538163,-0.894325697954704,1,0,0,0.248095894854573,-1.42955609804044,0,-2.05624357945353,1,22,89,-2.16150196637517,1.98212867106945,-2.16150196637517,-2.16150196637517,1.98212867106945,-2.16150196637517,0.642355121893616,0.649030124451369,0.642355121893616,0.608011600727538,0.613225255976643,0.608011600727538
8.03082195368109,6.25637037127967,1,0,1,1.00421965940969,-1.72974946693208,1,-2.05624357945353,1,22,89,7.14258541219525,7.14258541219525,-0.949447806156569,7.14258541219525,7.14258541219525,-0.949447806156569,0.796194277316338,0.796194277316338,0.600126338379216,0.736361918824339,0.736361918824339,0.575454197632727
5.65100653170498,7.05237307710543,1,0,1,0.557736280202017,0.277121058377383,1,-2.05624357945353,1,22,89,5.34125204173375,5.34125204173375,0.164455960737545,5.34125204173375,5.34125204173375,0.164455960737545,0.830396552309851,0.830396552309851,0.723024163946295,0.768596091597023,0.768596091597023,0.672767559213026
1.59629841281207,2.89054330467888,1,0,1,-0.249465951511312,-0.88999264790082,1,-2.05624357945353,1,22,89,3.2750247043502,3.2750247043502,-2.61706220896732,3.2750247043502,3.2750247043502,-2.61706220896732,0.790981535301627,0.790981535301627,0.694929915879272,0.731614483815324,0.731614483815324,0.649729173981901
-7.93476945694836,-2.06856056073174,1,1,0,-0.305846111210125,-2.0223011072243,0,-2.05624357945353,1,22,89,-3.86213098768842,2.32757078059221,-3.86213098768842,-3.86213098768842,2.32757078059221,-3.86213098768842,0.549457697160473,0.560370434434496,0.549457697160473,0.537087465718983,0.545305766214781,0.537087465718983
0.583130789808338,2.74592348803591,0,0,0,0.104956324134195,3.06801828915029,0,-2.05624357945353,1,22,89,2.04979327937481,13.5625295019355,2.04979327937481,2.04979327937481,13.5625295019355,2.04979327937481,0.308159670331979,0.309277498881047,0.308159670331979,0.352768690551988,0.353670825534824,0.352768690551988
0.185766232744532,2.26609967867583,1,1,0,0.233726686617814,1.15307949445183,1,-2.05624357945353,1,22,89,0.39239520964359,6.82198753016889,0.39239520964359,0.39239520964359,6.82198753016889,0.39239520964359,0.672847786419895,0.772777924398025,0.672847786419895,0.6320132367617,0.715329671931716,0.6320132367617
7.20113911851705,10.7654413447703,1,1,1,2.61843260903299,1.27494405206788,0,-2.05624357945353,1,22,89,9.00915394799326,9.00915394799326,5.28367161208999,9.00915394799326,9.00915394799326,5.28367161208999,0.982209319307157,0.982209319307157,0.660363693002626,0.960625206599556,0.960625206599556,0.622127691737254
-1.63214305899209,2.14051841221038,1,1,1,-1.61897178749637,-0.833895619343767,1,-2.05624357945353,1,22,89,0.495405051580341,0.495405051580341,-5.29997685238038,0.495405051580341,0.495405051580341,-5.29997685238038,0.930456916593357,0.930456916593357,0.69881689765784,0.880114195483579,0.880114195483579,0.652881172953481
-6.23589159523077,-4.7573755930857,0,0,0,-1.14117383470419,-2.7831150482393,0,-2.05624357945353,1,22,89,-6.29360037569155,3.5521289960445,-6.29360037569155,-6.29360037569155,3.5521289960445,-6.29360037569155,0.379326589291213,0.530676146964113,0.379326589291213,0.408788590401219,0.522981252671682,0.408788590401219
-0.548110750135675,3.09547334711354,0,0,1,-0.0508865045171079,-0.280469430652921,0,-2.05624357945353,1,22,89,0.568283003799765,0.568283003799765,-1.61038009773101,0.568283003799765,0.568283003799765,-1.61038009773101,0.723200055850293,0.723200055850293,0.722952856981653,0.672913788805973,0.672913788805973,0.672708284967517
-1.87656235980373,-1.9697389431063,1,0,0,-0.972748589321004,0.463925895621749,0,-1.86847021530051,1,29,90,-1.97275222848539,0.342475008143048,-1.97275222848539,-1.97275222848539,0.342475008143048,-1.97275222848539,0.699246165088849,0.78512663468505,0.699246165088849,0.653229928891815,0.726328309564968,0.653229928891815
7.27348795712118,7.47243375851298,1,0,1,1.19288365121422,-1.0819023508156,1,-1.86847021530051,1,29,90,7.08319670284802,7.08319670284802,0.812684006147709,7.08319670284802,7.08319670284802,0.812684006147709,0.861039688929455,0.861039688929455,0.659747776880847,0.799432564945998,0.799432564945998,0.621642193991284
-1.00792045354139,-1.58463936115135,0,1,1,-1.03104388191398,-0.903800027643987,0,-1.86847021530051,1,29,90,-0.540214246967807,-0.540214246967807,-3.45706873693708,-0.540214246967807,-0.540214246967807,-3.45706873693708,0.774937170629077,0.774937170629077,0.674655897639692,0.717238710020605,0.717238710020605,0.63345237624664
6.86966958330515,8.83766741817661,0,0,1,0.274991014331684,-1.40828699565994,1,-1.86847021530051,1,29,90,5.73378634968319,5.73378634968319,-1.3494859124617,5.73378634968319,5.73378634968319,-1.3494859124617,0.734828766088681,0.734828766088681,0.624357536015107,0.682642006604865,0.682642006604865,0.594052575607618
2.79570935542793,3.4492730618644,1,1,1,1.1924456425746,-0.49750090098859,0,-1.86847021530051,1,29,90,3.74371658517994,3.74371658517994,1.39620943869548,3.74371658517994,3.74371658517994,1.39620943869548,0.820301007720486,0.820301007720486,0.697952703207004,0.758869456317485,0.758869456317485,0.652179462914246
3.23615141868372,2.80596864610453,1,1,1,-0.519172521702606,0.784429369245326,0,-1.86847021530051,1,29,90,1.9702328157096,1.9702328157096,-0.745096619625019,1.9702328157096,1.9702328157096,-0.745096619625019,0.710092262063575,0.710092262063575,0.683004387950681,0.662086883226275,0.662086883226275,0.640122935031558
1.16923348455227,1.65293298900289,1,0,0,0.378192752688557,0.346073018783939,0,-1.86847021530051,1,29,90,0.61127757869592,2.83104411302615,0.61127757869592,0.61127757869592,2.83104411302615,0.61127757869592,0.703053519981388,0.717074065088675,0.703053519981388,0.656329038335007,0.667836277838663,0.656329038335007
2.2559029881485,0.580916619436364,0,1,1,0.406570491719884,-0.526562933054885,0,-1.86847021530051,1,29,90,2.17266562738711,2.17266562738711,-0.204602895080251,2.17266562738711,2.17266562738711,-0.204602895080251,0.713120672699251,0.713120672699251,0.696757487155697,0.664575947785082,0.664575947785082,0.651209844643864
3.22724781865799,0.128941235892606,1,1,1,0.270913291218971,-0.243189095760928,0,-1.86847021530051,1,29,90,1.9665974775089,1.9665974775089,-0.19254345878812,1.9665974775089,1.9665974775089,-0.19254345878812,0.712666890454842,0.712666890454842,0.70545760631942,0.66420252072952,0.66420252072952,0.658291416980817
0.0919566530399772,-0.565286668591395,0,1,0,-0.296255222217869,0.705991386135397,0,-1.86847021530051,1,29,90,-0.377700003765474,2.22072383353191,-0.377700003765474,-0.377700003765474,2.22072383353191,-0.377700003765474,0.687796641043693,0.696687633316855,0.687796641043693,0.643971848196464,0.651153207016919,0.643971848196464
1.70385616074328,1.47398234316888,0,1,1,-0.053504865644988,-0.229007375389851,0,-1.86847021530051,1,29,90,1.32524632583799,1.32524632583799,-0.82719805214496,1.32524632583799,1.32524632583799,-0.82719805214496,0.706005434201538,0.706005434201538,0.705722488895043,0.658739197125782,0.658739197125782,0.658507896790262
2.09061245914267,2.40898469093173,0,1,1,-0.171221646943571,0.499844805262216,0,-1.86847021530051,1,29,90,2.01606539525756,2.01606539525756,-0.333779434090059,2.01606539525756,2.01606539525756,-0.333779434090059,0.700791871381038,0.700791871381038,0.697858914562117,0.654486829365959,0.654486829365959,0.652103340291037
5.2269044787029,2.80712771223836,1,1,1,-0.32920949181343,-0.244624057807138,1,-1.86847021530051,1,29,90,3.7656169427589,3.7656169427589,-1.39422398689913,3.7656169427589,3.7656169427589,-1.39422398689913,0.802747000329154,0.802747000329154,0.705429910380215,0.742387167739557,0.742387167739557,0.658268785052713
4.33386268079354,3.33390683863137,1,1,1,0.93532479875667,-0.185652589148513,0,-1.86847021530051,1,29,90,3.32828294675724,3.32828294675724,1.19381606289969,3.32828294675724,3.32828294675724,1.19381606289969,0.785199230769488,0.785199230769488,0.706432930611637,0.726393563724582,0.726393563724582,0.659088778983713
4.34477687803095,4.34451953419419,1,0,1,1.09466106692079,0.324077910790198,0,-1.86847021530051,1,29,90,4.22724559142878,4.22724559142878,2.02221909916664,4.22724559142878,4.22724559142878,2.02221909916664,0.808162095604411,0.808162095604411,0.703639029601507,0.747416911261463,0.747416911261463,0.656806574525078
3.95093617464468,4.19351763587849,1,0,1,0.0553574755120569,1.03767438228631,0,-1.86847021530051,1,29,90,3.83397651149855,3.83397651149855,0.657208387845286,3.83397651149855,3.83397651149855,0.657208387845286,0.664055003218817,0.664055003218817,0.663730494023654,0.625041642857902,0.625041642857902,0.624785176379843
2.81725410101124,3.30208036929764,1,1,1,-0.206925707097838,0.904848540414882,0,-1.86847021530051,1,29,90,2.91856706184502,2.91856706184502,-0.000183819245926586,2.91856706184502,2.91856706184502,-0.000183819245926586,0.679025518613165,0.679025518613165,0.67457682027387,0.636938409354301,0.636938409354301,0.633389395239975
1.42790544981423,1.9105625241455,1,0,1,0.0161904450032491,0.22267461836433,0,-1.86847021530051,1,29,90,1.9134585485694,1.9134585485694,-0.236125437094305,1.9134585485694,1.9134585485694,-0.236125437094305,0.705861499976475,0.705861499976475,0.70583559123881,0.658621527135403,0.658621527135403,0.658600347726766
-1.83914740096059,-0.030574030509315,1,1,0,-0.565404720518867,0.100852925189184,0,-1.86847021530051,1,29,90,-1.52113746131368,0.589033851205532,-1.52113746131368,-1.52113746131368,0.589033851205532,-1.52113746131368,0.70739152457844,0.737914839551766,0.70739152457844,0.659873166053009,0.685244500441927,0.659873166053009
8.55217461634285,4.875993216655,1,1,1,0.229145227097263,0.995080654846472,1,-1.86847021530051,1,29,90,7.05237567322555,7.05237567322555,0.962190163575864,7.05237567322555,7.05237567322555,0.962190163575864,0.768192158166799,0.768192158166799,0.667389297028951,0.711294332845871,0.711294332845871,0.627680175905461
6.92616688042784,5.05706790579867,0,1,1,0.928324271483169,-0.471584049648263,1,-1.86847021530051,1,29,90,6.2162750637356,6.2162750637356,0.893883547852941,6.2162750637356,6.2162750637356,0.893883547852941,0.85014927890711,0.85014927890711,0.698959352172373,0.788226120586983,0.788226120586983,0.65299689467681
3.79600520391628,1.77388807394035,1,0,1,0.110808086038974,0.291892440971876,0,-1.86847021530051,1,29,90,2.20752886468121,2.20752886468121,0.0223276675846921,2.20752886468121,2.20752886468121,0.0223276675846921,0.705640990460688,0.705640990460688,0.70442552700604,0.658441285171986,0.658441285171986,0.657448435323582
-2.78990052201571,-4.26925723839468,0,0,0,-1.45543308742773,-1.08592588198428,0,-1.86847021530051,1,29,90,-4.48797300230487,-1.20873798114154,-4.48797300230487,-4.48797300230487,-1.20873798114154,-4.48797300230487,0.659376101213849,0.842198754968631,0.659376101213849,0.621349316743236,0.780223311551007,0.621349316743236
1.62503510593573,1.25588594366784,0,0,1,-0.579360845396716,-1.65579866874503,0,-1.86847021530051,1,29,90,1.53596792641421,1.53596792641421,-3.30570130500359,1.53596792641421,1.53596792641421,-3.30570130500359,0.627938025839576,0.627938025839576,0.590141668842748,0.59681888502978,0.59681888502978,0.567845313762978
6.63144642276024,3.69498292430797,1,1,1,-0.176973153611048,-1.65368533853401,1,-1.86847021530051,1,29,90,5.33586260766109,5.33586260766109,-2.49881259122124,5.33586260766109,5.33586260766109,-2.49881259122124,0.701596522543923,0.701596522543923,0.590461582413453,0.655141822544029,0.655141822544029,0.568088669792306
2.65586204483389,3.09071659519445,1,1,0,0.776774131989345,1.03580154795024,0,-1.86847021530051,1,29,90,2.0981688664638,5.27105371319992,2.0981688664638,2.0981688664638,5.27105371319992,2.0981688664638,0.663894999966537,0.724660517726966,0.663894999966537,0.62491518170085,0.674128987533121,0.62491518170085
2.16957463488046,3.93526795461262,1,1,1,-0.695991742239521,-0.353902456211852,1,-1.86847021530051,1,29,90,2.98818006235675,2.98818006235675,-2.23706688615603,2.98818006235675,2.98818006235675,-2.23706688615603,0.828084956472159,0.828084956472159,0.702835661711739,0.76635185055308,0.76635185055308,0.656151419919245
3.03956165471731,0.869030496903977,0,1,1,-1.13501061195409,1.38514952329107,0,-1.86847021530051,1,29,90,2.64258655579126,2.64258655579126,-1.37605264608223,2.64258655579126,2.64258655579126,-1.37605264608223,0.756430600210398,0.756430600210398,0.627224431722839,0.70105752030331,0.70105752030331,0.596267151483626
6.20287013970683,5.02480817382364,1,1,1,1.8885353588065,0.221109272072757,0,-1.86847021530051,1,29,90,5.65588835441717,5.65588835441717,3.50699904422063,5.65588835441717,5.65588835441717,3.50699904422063,0.930974164994186,0.930974164994186,0.705863055631086,0.880798588115939,0.880798588115939,0.658622798840066
6.19718325833244,3.61556995976104,0,1,1,0.165643557094434,0.385653021132953,0,-0.14066107559367,1,25,91,5.94588284984363,5.94588284984363,3.69715459713465,5.94588284984363,5.94588284984363,3.69715459713465,0.512815436487473,0.512815436487473,0.509578724955355,0.509595991922432,0.509595991922432,0.507172060723355
1.12833786189433,0.0347043866453701,0,1,0,-1.0755043834381,0.469816229857045,1,-0.14066107559367,1,25,91,1.29902192479368,6.61974921463077,1.29902192479368,1.29902192479368,6.61974921463077,1.29902192479368,0.50618054686297,0.740216444950609,0.50618054686297,0.504627518350166,0.687191364739751,0.504627518350166
2.736236331747,2.18517145518908,1,1,0,0.512388166106446,-2.74985698754631,0,-0.14066107559367,1,25,91,1.25513380647942,10.9168472584367,1.25513380647942,1.25513380647942,10.9168472584367,1.25513380647942,0.202550179509696,0.22366949009423,0.202550179509696,0.26248864278247,0.281526294330953,0.26248864278247
7.76530262267782,7.87279764553192,0,1,1,0.300090835827848,-0.28744280541905,1,-0.14066107559367,1,25,91,8.47557669443665,8.47557669443665,3.29295332804948,8.47557669443665,8.47557669443665,3.29295332804948,0.637865536542095,0.637865536542095,0.512697978854224,0.604516457055113,0.604516457055113,0.509508023258916
5.777703614738,3.09240133575148,0,1,0,-0.161009844141599,1.17666425826429,0,-0.14066107559367,1,25,91,3.83485903179393,7.31939780847059,3.83485903179393,3.83485903179393,7.31939780847059,3.83485903179393,0.451385274280254,0.454419038619291,0.451385274280254,0.463546598778369,0.465827734040726,0.463546598778369
7.87945135065232,6.99857756384872,1,1,1,0.192241785067277,-0.780824040114948,1,-0.14066107559367,1,25,91,8.29356017345387,8.29356017345387,2.58387399183244,8.29356017345387,8.29356017345387,2.58387399183244,0.608532514275101,0.608532514275101,0.487820825236932,0.581883548013482,0.581883548013482,0.490880516829241
6.65782635663642,5.85001700657712,1,1,1,1.06575412458818,0.249916946967723,0,-0.14066107559367,1,25,91,7.52409813833858,7.52409813833858,5.36163965795691,7.52409813833858,7.52409813833858,5.36163965795691,0.643738782894562,0.643738782894562,0.513649311215446,0.609090624429328,0.609090624429328,0.510220528569387
4.67123492057584,6.4808847410985,0,1,1,-0.349056423201551,0.27939384246134,0,-0.14066107559367,1,25,91,4.73955637707638,4.73955637707638,2.56149545787107,4.73955637707638,4.73955637707638,2.56149545787107,0.527270051147774,0.527270051147774,0.512913232388683,0.520426964148412,0.520426964148412,0.509669235525939
10.7794751410669,8.66949287095654,1,1,1,0.753873838655594,-0.744987580660029,1,-0.14066107559367,1,25,91,9.39798105380168,9.39798105380168,3.74297455846399,9.39798105380168,9.39798105380168,3.74297455846399,0.668924740561465,0.668924740561465,0.490401021178155,0.628897315667701,0.628897315667701,0.492812765590889
5.04579513011637,3.95127270210809,0,1,0,0.928682932606624,0.208008311676306,0,-0.14066107559367,1,25,91,5.04558863870238,7.18885609642881,5.04558863870238,5.04558863870238,7.18885609642881,5.04558863870238,0.514554611635152,0.614385679421133,0.514554611635152,0.510898591010751,0.586374026833782,0.510898591010751
10.2964658161953,7.06326696640452,0,1,1,0.858606538611466,-2.32398330320204,0,-0.14066107559367,1,25,91,9.87434262939559,9.87434262939559,2.37344423583372,9.87434262939559,9.87434262939559,2.37344423583372,0.352900018949184,0.352900018949184,0.277532490039975,0.388284486830569,0.388284486830569,0.327695043598078
7.10452859946299,7.15602058137894,0,1,0,0.85656507437298,1.96104411580285,0,-0.14066107559367,1,25,91,6.65438872636164,12.6000827504866,6.65438872636164,6.65438872636164,12.6000827504866,6.65438872636164,0.340534365285344,0.422248921818403,0.340534365285344,0.378580135381306,0.441559813750482,0.378580135381306
1.71579501852384,0.556259531509856,0,1,0,-0.68415318437671,0.472330556522982,1,-0.14066107559367,1,25,91,2.08423864958239,7.4073348042077,2.08423864958239,2.08423864958239,7.4073348042077,2.08423864958239,0.506068731374332,0.672333480233619,0.506068731374332,0.504543795461013,0.631604234441327,0.504543795461013
12.3766692909406,12.4705952087535,1,1,1,1.30426675543002,0.972226119394517,1,-0.14066107559367,1,25,91,12.6061977193003,12.6061977193003,6.56097409206738,12.6061977193003,12.6061977193003,6.56097409206738,0.76293139878875,0.76293139878875,0.472006081431113,0.706695958862046,0.706695958862046,0.479030269010623
13.0333895414399,10.2627238980196,0,1,1,1.05889113067319,1.8854159426748,0,-0.14066107559367,1,25,91,12.6382059427263,12.6382059427263,6.98341266583401,12.6382059427263,12.6382059427263,6.98341266583401,0.481124309227868,0.481124309227868,0.353033934053383,0.48586443961314,0.48586443961314,0.38838916815058
9.90795886927581,9.50857919498137,0,1,1,0.995213520038061,-0.652025173756581,1,-0.14066107559367,1,25,91,9.84375315534467,9.84375315534467,4.31861632813237,9.84375315534467,9.84375315534467,4.31861632813237,0.716828740404846,0.716828740404846,0.496530953378498,0.667633591401485,0.667633591401485,0.497402682769292
6.35445659117785,3.67500666767587,1,1,1,-1.24142157552138,-1.10139135791615,1,-0.14066107559367,1,25,91,5.70904287614631,5.70904287614631,-0.604020047146075,5.70904287614631,5.70904287614631,-0.604020047146075,0.739065508119168,0.739065508119168,0.459418953024043,0.68621718090274,0.68621718090274,0.469584624987069
4.13887784726537,3.62526258725975,0,1,0,0.881527076736546,0.814037504925181,0,-0.14066107559367,1,25,91,5.5573061202111,8.31996317963592,5.5573061202111,5.5573061202111,8.31996317963592,5.5573061202111,0.485321851440536,0.576456360191343,0.485321851440536,0.489008871420652,0.557459568867183,0.489008871420652
3.52970979300391,4.79857640087161,0,1,1,0.0377388108390424,-0.49878656009062,0,-0.14066107559367,1,25,91,4.90569355592733,4.90569355592733,2.5569055234003,4.90569355592733,4.90569355592733,2.5569055234003,0.505024058577232,0.505024058577232,0.504855984861117,0.503761596975488,0.503761596975488,0.503635753382981
3.39314952034407,0.636284640180129,0,1,0,-0.0045486293204005,-1.00240202974492,0,-0.14066107559367,1,25,91,1.96871517342711,5.07352500266385,1.96871517342711,1.96871517342711,5.07352500266385,1.96871517342711,0.469202348107553,0.469204781169957,0.469202348107553,0.476927603578826,0.476929428552987,0.476927603578826
9.52479777118192,8.45846405439227,0,1,1,2.16544528026901,0.166878044289661,0,-0.14066107559367,1,25,91,9.60583134830645,9.60583134830645,7.47798306664051,9.60583134830645,9.60583134830645,7.47798306664051,0.909621878349184,0.909621878349184,0.515281916679187,0.853794511537815,0.853794511537815,0.511443361187683
11.7832040506374,11.703506794387,1,1,1,0.576733995957441,0.942442425753575,1,-0.14066107559367,1,25,91,11.0643226053416,11.0643226053416,5.07612487948129,11.0643226053416,11.0643226053416,5.07612487948129,0.629103800781815,0.629103800781815,0.47469092171517,0.59772067514279,0.59772067514279,0.481043173719265
-2.56313764674709,-1.01852449992806,1,1,0,-1.5221609844774,-0.682051858836059,0,-0.14066107559367,1,25,91,-0.746159365978019,1.8190353721637,-0.746159365978019,-0.746159365978019,1.8190353721637,-0.746159365978019,0.494640006585127,0.745913971354341,0.494640006585127,0.495986866953016,0.692033081682969,0.495986866953016
13.5429461856653,11.2144461420521,1,1,1,1.20066064949576,-2.22538926273028,1,-0.14066107559367,1,25,91,13.2085038687493,13.2085038687493,3.15614649807407,13.2085038687493,13.2085038687493,3.15614649807407,0.5705167925108,0.5705167925108,0.294990855333437,0.552965751853015,0.552965751853015,0.342074972777963
2.29604521959274,0.666509285986542,1,1,0,-0.761599508265125,-0.0162947225926438,0,-0.14066107559367,1,25,91,1.44072072268994,3.54098624067431,1.44072072268994,1.44072072268994,3.54098624067431,1.44072072268994,0.516582808725181,0.584272643853192,0.516582808725181,0.512417821569017,0.56338559712836,0.512417821569017
5.13538662165964,5.96341144727732,1,0,1,0.827726732562341,-0.455986085588574,0,1.20065280492058,1,23,92,5.06582353182283,5.06582353182283,2.75790022157244,5.06582353182283,5.06582353182283,2.75790022157244,0.429785851385664,0.429785851385664,0.35275614841806,0.447263016270477,0.447263016270477,0.388172013836738
13.9432698136904,12.7514234489015,1,0,1,0.86810987366305,1.70751434183942,1,1.20065280492058,1,23,92,13.0177721587892,13.0177721587892,5.00216693120186,13.0177721587892,13.0177721587892,5.00216693120186,0.428097097692136,0.428097097692136,0.245545934179168,0.445986205992962,0.445986205992962,0.300647531066518
3.39648239065863,4.53510214049891,0,0,1,-0.257003077574455,-0.187271006221955,0,1.20065280492058,1,23,92,2.99222611043685,2.99222611043685,0.857155680665469,2.99222611043685,2.99222611043685,0.857155680665469,0.367517784236203,0.367517784236203,0.360274148136446,0.399662791488004,0.399662791488004,0.394036380401242
2.47764935975464,4.48272125044056,0,0,1,0.235687392729233,-1.11429674707292,0,1.20065280492058,1,23,92,4.25716812095917,4.25716812095917,0.915510880421883,4.25716812095917,4.25716812095917,0.915510880421883,0.314999950171343,0.314999950171343,0.309330255567495,0.358276044765834,0.358276044765834,0.353713381544675
13.5115970371891,10.4123408946798,1,0,1,-0.0986750839887185,1.78110470974416,1,1.20065280492058,1,23,92,11.4145213708759,11.4145213708759,3.14218738380306,11.4145213708759,11.4145213708759,3.14218738380306,0.333933966896099,0.333933966896099,0.23655791728989,0.373367701864523,0.373367701864523,0.292859070119387
-2.87780056493597,-2.19596604138015,0,0,0,-2.503764991466,1.75167490060723,0,1.20065280492058,1,23,92,-1.69742224028843,3.47094271712891,-1.69742224028843,-1.69742224028843,3.47094271712891,-1.69742224028843,0.240171332422637,0.862058386758834,0.240171332422637,0.296001098324719,0.800496218609633,0.296001098324719
0.470437175380179,-1.70255408729316,0,0,0,-0.344543581856219,-1.04834556790552,1,1.20065280492058,1,23,92,-0.178999889581621,6.02002854016552,-0.178999889581621,-0.178999889581621,6.02002854016552,-0.178999889581621,0.315154100179087,0.438739524260699,0.315154100179087,0.358399802532039,0.4540230666655,0.358399802532039
7.90782532591895,8.95910833586223,1,0,1,0.755833712578328,-0.189818941184029,1,1.20065280492058,1,23,92,8.01631255644119,8.01631255644119,2.88028132600896,8.01631255644119,8.01631255644119,2.88028132600896,0.541947707025894,0.541947707025894,0.360232174190057,0.531441956348757,0.531441956348757,0.394003710645641
10.8644283102001,10.7356442158264,0,0,1,0.247870925225401,1.88001962591974,0,1.20065280492058,1,23,92,9.56866811225026,9.56866811225026,3.93419431840687,9.56866811225026,9.56866811225026,3.93419431840687,0.229419706389253,0.229419706389253,0.224256072848364,0.286607370655282,0.286607370655282,0.282046514259841
6.30694929384626,4.29393718203208,1,0,1,-0.538074836192487,-0.538262333679508,1,1.20065280492058,1,23,92,5.33374717582996,5.33374717582996,-0.0559791640281463,5.33374717582996,5.33374717582996,-0.0559791640281463,0.496811225855321,0.496811225855321,0.349222108173784,0.497612528745052,0.497612528745052,0.385406092240601
3.29551507854693,5.03423750460365,0,0,1,0.184332544361495,-0.438685557472379,0,1.20065280492058,1,23,92,3.7808573916218,3.7808573916218,1.48841237328695,3.7808573916218,3.7808573916218,1.48841237328695,0.357115766870155,0.357115766870155,0.353426586802547,0.391575882269792,0.391575882269792,0.388696055276375
7.52070677162159,8.22608390260324,1,1,1,1.69663465686649,-0.727157109992786,0,1.20065280492058,1,23,92,6.85330250838958,6.85330250838958,4.22454504577652,6.85330250838958,6.85330250838958,4.22454504577652,0.666758624320739,0.666758624320739,0.338986928297504,0.62718062962877,0.62718062962877,0.377360212035654
6.22552137497295,5.62456034856269,0,0,1,1.15648295740467,0.894476979641507,0,1.20065280492058,1,23,92,7.66596480359578,7.66596480359578,4.76587573648719,7.66596480359578,7.66596480359578,4.76587573648719,0.478386963375449,0.478386963375449,0.327540982055392,0.483813356319081,0.483813356319081,0.368295943026883
6.59453446803459,7.73046275328256,0,0,1,0.87183370890959,-1.07815960538912,0,1.20065280492058,1,23,92,5.48636878915922,5.48636878915922,2.2239406544664,5.48636878915922,5.48636878915922,2.2239406544664,0.394652005721305,0.394652005721305,0.31255834727352,0.420554738172827,0.420554738172827,0.356313771469453
9.01748985417025,10.0451652755212,0,0,1,1.27202471501847,-2.33602804924748,0,1.20065280492058,1,23,92,9.32348126969678,9.32348126969678,1.7664542228258,9.32348126969678,9.32348126969678,1.7664542228258,0.30245369393934,0.30245369393934,0.166439604989483,0.348150337285751,0.348150337285751,0.228315130537738
5.86259681289473,4.53235836438745,1,0,1,0.210200662278025,-0.951947715245956,1,1.20065280492058,1,23,92,7.03309090390842,7.03309090390842,1.02688645134643,7.03309090390842,7.03309090390842,1.02688645134643,0.439042437902584,0.439042437902584,0.323116508919435,0.454251502947869,0.454251502947869,0.364771918935739
0.216442499691676,-0.336424267573226,1,0,0,-1.55629858293114,0.318177734446673,1,1.20065280492058,1,23,92,-1.23598658937926,3.96525048131835,-1.23598658937926,-1.23598658937926,3.96525048131835,-1.23598658937926,0.357388358612303,0.737622364309428,0.357388358612303,0.39178842058244,0.684997468076112,0.39178842058244
-3.3722614292656,-0.823369038119928,0,0,0,-2.98856590934763,1.84870972637687,0,1.20065280492058,1,23,92,-2.56998925028205,2.9477384021184,-2.56998925028205,-2.56998925028205,2.9477384021184,-2.56998925028205,0.228173484194438,0.955606042896944,0.228173484194438,0.285509648423479,0.915641070575572,0.285509648423479
6.2494532306726,4.18136006058202,0,1,0,1.13392818303537,0.761036899629785,0,1.20065280492058,1,23,92,4.58732610773686,7.26650327033498,4.58732610773686,4.58732610773686,7.26650327033498,4.58732610773686,0.336845866261194,0.482712708134402,0.336845866261194,0.37567018860625,0.487054430438156,0.37567018860625
5.41168727099951,5.36928525590307,1,0,1,0.930900153874159,0.406827521884115,0,1.20065280492058,1,23,92,6.09256930423114,6.09256930423114,3.82706067166877,6.09256930423114,6.09256930423114,3.82706067166877,0.452891346829564,0.452891346829564,0.354594642557737,0.464679196204709,0.464679196204709,0.389608545532151
4.01204598078858,5.60253071132016,1,0,1,0.0985811072185009,0.810499089973951,0,1.20065280492058,1,23,92,5.32300292129589,5.32300292129589,2.56609414644729,5.32300292129589,5.32300292129589,2.56609414644729,0.334583683095193,0.334583683095193,0.333557534902002,0.373881848599526,0.373881848599526,0.373069708494529
3.92507389653495,5.86750196412124,0,0,1,-1.68850007028768,0.679345796669825,1,1.20065280492058,1,23,92,4.42228920958376,4.42228920958376,-1.1392215018692,4.42228920958376,4.42228920958376,-1.1392215018692,0.763112468101523,0.763112468101523,0.341852363103462,0.706853693449294,0.706853693449294,0.379618182191258
-2.69657210914422,0.766224322882445,0,0,0,-1.09884969617006,-0.572114825723855,0,1.20065280492058,1,23,92,-1.21138137602764,1.2159339977854,-1.21138137602764,-1.21138137602764,1.2159339977854,-1.21138137602764,0.347603459351014,0.485356456533184,0.347603459351014,0.384137214998433,0.489034791143142,0.384137214998433
1.13200982685784,0.869948877598269,1,1,0,0.22965256048074,0.186631075164907,0,-1.42812634081719,1,21,93,1.60639135079049,3.7412225090077,1.60639135079049,1.60639135079049,3.7412225090077,1.60639135079049,0.661229730734938,0.66681354901383,0.661229730734938,0.622810690235904,0.627224125773178,0.622810690235904
-4.40083851127644,-4.61328898009599,1,1,0,-2.41707776437016,-0.448354706974918,0,-1.42812634081719,1,21,93,-4.32205508105113,-2.02103313778457,-4.32205508105113,-4.32205508105113,-2.02103313778457,-4.32205508105113,0.654130199332894,0.970066103024693,0.654130199332894,0.617223265472636,0.938801551386326,0.617223265472636
1.17854415387487,0.0145495059170955,1,1,0,0.865247340663008,0.0819229707179857,1,-1.42812634081719,1,21,93,2.7728728067081,7.87958417983936,2.7728728067081,2.7728728067081,7.87958417983936,2.7728728067081,0.662424257478234,0.819068455588927,0.662424257478234,0.62375341072204,0.757694888186558,0.62375341072204
1.68042749462011,3.55837364107821,1,0,0,-0.100476619384559,2.07997679888641,0,-1.42812634081719,1,21,93,2.83947871478139,9.26578219868713,2.83947871478139,2.83947871478139,9.26578219868713,2.83947871478139,0.464368269895645,0.465554197001248,0.464368269895645,0.473300596632111,0.474190607764104,0.473300596632111
-1.55957440148466,-2.55093126865081,0,1,0,-0.496304405461846,-2.21243961671436,0,-1.42812634081719,1,21,93,-2.24459327297395,4.75029578463323,-2.24459327297395,-2.24459327297395,4.75029578463323,-2.24459327297395,0.437777032199699,0.466586861315343,0.437777032199699,0.453297112581902,0.474965484286752,0.453297112581902
4.23765483412254,3.72570441147458,1,0,0,1.07696426319855,1.71825681608794,0,-1.42812634081719,1,21,93,4.83264049714914,9.88504698318181,4.83264049714914,4.83264049714914,9.88504698318181,4.83264049714914,0.52913934619573,0.660466388378291,0.52913934619573,0.521828659457138,0.622208661281628,0.521828659457138
2.36187080292391,0.292222030868582,0,1,0,0.574976327675975,0.268545306405362,0,-1.42812634081719,1,21,93,2.37895311642141,4.55106969801376,2.37895311642141,2.37895311642141,4.55106969801376,2.37895311642141,0.659642818209966,0.69396802813045,0.659642818209966,0.621559480055829,0.648950802541518,0.621559480055829
-3.32139501767243,-2.05423005584675,0,1,0,-1.47706894827028,0.700270266946384,0,-1.42812634081719,1,21,93,-1.29341247493009,1.29696597183907,-1.29341247493009,-1.29341247493009,1.29696597183907,-1.29341247493009,0.641612609652915,0.835577584260749,0.641612609652915,0.607432927558709,0.773664750621762,0.607432927558709
6.44803778463189,5.38571478417878,1,1,1,1.27212103422211,-0.889609133017386,0,-1.42812634081719,1,21,93,5.50649249963888,5.50649249963888,2.61508809009093,5.50649249963888,5.50649249963888,2.61508809009093,0.785226794722708,0.785226794722708,0.628391903465878,0.726418341907963,0.726418341907963,0.597169918647328
-0.026669992446298,1.55713239519589,0,1,0,0.256043097150109,-0.0808667039253345,0,-1.42812634081719,1,21,93,1.39167464503898,3.49821406884273,1.39167464503898,1.39167464503898,3.49821406884273,1.39167464503898,0.662431555802944,0.669354018661764,0.662431555802944,0.623759172924647,0.629237842212685,0.623759172924647
-1.95656690514244,-1.05046754462448,1,1,0,-0.977242113754927,0.421503600882384,0,-1.42812634081719,1,21,93,-0.572525471963372,1.70513981359344,-0.572525471963372,-0.572525471963372,1.70513981359344,-0.572525471963372,0.655132032947896,0.749565177899832,0.655132032947896,0.618010142728944,0.695153066037046,0.618010142728944
6.24381777326271,8.11937120288076,0,1,1,2.3654043475936,-0.623295591976223,0,-1.42812634081719,1,21,93,7.55646565285207,7.55646565285207,5.06796825787508,7.55646565285207,7.55646565285207,5.06796825787508,0.965064535874824,0.965064535874824,0.646042048694697,0.930499907634232,0.930499907634232,0.610888757623185
1.95383447563818,1.87118249154843,1,1,0,1.13905222810683,-0.150129840201446,0,-1.42812634081719,1,21,93,3.08842977067631,5.21096873959522,3.08842977067631,3.08842977067631,5.21096873959522,3.08842977067631,0.661752144755696,0.784148026913847,0.661752144755696,0.623222884878139,0.725449370827936,0.623222884878139
-0.104872479519437,0.346687226670666,1,1,0,-0.132328886162661,-0.258088337652902,0,-1.42812634081719,1,21,93,0.437709044685874,2.60431863471831,0.437709044685874,0.437709044685874,2.60431863471831,0.437709044685874,0.65987741893007,0.661739684586647,0.65987741893007,0.621744368008857,0.623213051859846,0.621744368008857
-2.1847843366197,-1.46714947455603,0,0,0,-0.28589653837363,-1.08459898622333,0,-1.42812634081719,1,21,93,-0.695936908306495,2.58041805261019,-0.695936908306495,-0.695936908306495,2.58041805261019,-0.695936908306495,0.611216638346592,0.620369421390293,0.611216638346592,0.583941318860449,0.590977198246043,0.583941318860449
4.28680589439668,5.16408541061716,0,1,1,0.833794517012918,-1.36082030370192,0,-1.42812634081719,1,21,93,5.2190557839554,5.2190557839554,1.26722388498801,5.2190557839554,5.2190557839554,1.26722388498801,0.657864719996268,0.657864719996268,0.580456229254656,0.620159109979343,0.620159109979343,0.560490299961684
-0.374552028137832,-2.85565340522781,1,0,0,-0.443118922826269,-0.434675620497439,0,-1.42812634081719,1,21,93,-0.360458311485879,1.92848458356896,-0.360458311485879,-0.360458311485879,1.92848458356896,-0.360458311485879,0.654648467899809,0.675403414890935,0.654648467899809,0.617630269198547,0.634047919274997,0.617630269198547
0.503456561121293,1.20501030332934,0,0,0,0.187463637433895,0.238590609170131,0,-1.42812634081719,1,21,93,1.57397303870202,3.73089851748619,1.57397303870202,1.57397303870202,3.73089851748619,1.57397303870202,0.660289785399958,0.664020207852192,0.660289785399958,0.62206942320974,0.625014140584111,0.62206942320974
-3.73703023718254,-4.58801195755743,1,1,0,-2.5047408539937,-0.10716514125621,0,-1.42812634081719,1,21,93,-4.15619169457951,-2.04470732707904,-4.15619169457951,-4.15619169457951,-2.04470732707904,-4.15619169457951,0.662221640014641,0.976574104226312,0.662221640014641,0.6235934508672,0.95016469100354,0.6235934508672
0.580405044192123,0.916126274666648,1,1,0,0.12456916234977,1.04882221757646,0,-1.42812634081719,1,21,93,2.2584156969401,5.4584437410221,2.2584156969401,2.2584156969401,5.4584437410221,2.2584156969401,0.614644558556911,0.616382695723206,0.614644558556911,0.586572910084558,0.587908847269002,0.586572910084558
2.05966489243371,2.16714644609293,1,1,0,-0.0329719745035322,1.21855019289595,0,-1.42812634081719,1,21,93,2.11306139855299,5.69792597115976,2.11306139855299,2.11306139855299,5.69792597115976,2.11306139855299,0.597257024778354,0.597380697847467,0.597257024778354,0.573264660971982,0.573358983768432,0.573264660971982
8.85771534320985,6.18083478993071,1,1,1,1.80959871053626,-0.293089898728338,0,0.214729408657728,0,22,94,8.7589903908666,8.7589903908666,6.57308870213001,8.7589903908666,8.7589903908666,6.57308870213001,0.872382607258745,0.872382607258745,0.587750267611031,0.811436003064637,0.811436003064637,0.566027062280949
8.24211525316976,4.70653563798555,0,1,1,-0.0549678503010247,-1.83427784980029,0,0.214729408657728,0,22,94,8.30853081072344,8.30853081072344,2.84395558045545,8.30853081072344,8.30853081072344,2.84395558045545,0.434557571941757,0.434557571941757,0.434206823142632,0.450867607697544,0.450867607697544,0.450602802989208
3.3509045620572,-0.575241014124287,1,1,1,-1.19940239283721,0.14633214564485,0,0.214729408657728,0,22,94,2.6764995922321,2.6764995922321,0.555086495383079,2.6764995922321,2.6764995922321,0.555086495383079,0.74078461892159,0.74078461892159,0.59070227076875,0.687672756482196,0.687672756482196,0.568271778089719
1.25002806831468,1.04988661276145,0,1,0,-0.752167802858067,-0.0624881752486084,0,0.214729408657728,0,22,94,1.44955567534137,3.55346044738727,1.44955567534137,1.44955567534137,3.55346044738727,1.44955567534137,0.59150265918264,0.65431768957004,0.59150265918264,0.568880802846322,0.617370488532752,0.568880802846322
4.27386414908317,2.04928579135678,1,1,1,-0.70270055512001,0.597280756885022,0,0.214729408657728,0,22,94,4.00523447336263,4.00523447336263,1.54849017081748,4.00523447336263,4.00523447336263,1.54849017081748,0.631130233823241,0.631130233823241,0.575288718597265,0.599289549922687,0.599289549922687,0.55657553158248
8.64411810304806,4.16516632703461,0,1,1,-0.488919638419645,-0.67800230216531,1,0.214729408657728,0,22,94,7.53573912595967,7.53573912595967,1.97605200421821,7.53573912595967,7.53573912595967,1.97605200421821,0.705024619358811,0.705024619358811,0.570527400755274,0.657937664659543,0.657937664659543,0.552973771198266
6.15967503381505,5.8515596920053,0,1,1,1.09860722599482,-0.981107456188491,0,0.214729408657728,0,22,94,8.21367757363579,8.21367757363579,5.15110573304714,8.21367757363579,8.21367757363579,5.15110573304714,0.681442831065803,0.681442831065803,0.547104062480439,0.638871945356513,0.638871945356513,0.535317345126668
-0.13337376819437,-0.237902072623145,1,1,0,-0.903578359000311,-0.412878928014908,0,0.214729408657728,0,22,94,1.14673456305688,3.41720357225562,1.14673456305688,1.14673456305688,3.41720357225562,1.14673456305688,0.583870043749494,0.673801445705809,0.583870043749494,0.563079997327832,0.632772046685328,0.563079997327832
0.747940031919418,-2.59320376902845,0,1,0,-2.17511508888696,1.46672660566248,0,0.214729408657728,0,22,94,-1.39633889671642,2.85494803904177,-1.39633889671642,-1.39633889671642,2.85494803904177,-1.39633889671642,0.491120408625344,0.902859788780917,0.491120408625344,0.493351463218944,0.845709443730823,0.493351463218944
3.34211334046908,1.98087136928752,1,1,0,0.866958883898925,1.15156429168604,1,0.214729408657728,0,22,94,4.68780904885535,11.1139093667417,4.68780904885535,4.68780904885535,11.1139093667417,4.68780904885535,0.530041171534845,0.721199250808497,0.530041171534845,0.522504999354678,0.671251956245363,0.522504999354678
6.20577783859469,5.54149662429488,1,1,1,-1.02919497500222,-0.879842052149678,1,0.214729408657728,0,22,94,6.76962336778401,6.76962336778401,0.895501331053057,6.76962336778401,6.76962336778401,0.895501331053057,0.769040619019586,0.769040619019586,0.555910420522815,0.712039030330034,0.712039030330034,0.541944638796009
1.53551233402637,0.374146626065971,1,1,0,-0.842553251044279,1.37457045294232,0,0.214729408657728,0,22,94,1.26878477896894,5.258228709071,1.26878477896894,1.26878477896894,5.258228709071,1.26878477896894,0.503480782360901,0.586429867141143,0.503480782360901,0.50260609721836,0.565023771144382,0.50260609721836
6.5650802716353,5.85868294979127,1,1,1,0.296033219057663,1.05089367405879,0,0.214729408657728,0,22,94,6.75033523334961,6.75033523334961,3.54595771917283,6.75033523334961,6.75033523334961,3.54595771917283,0.550719262915636,0.550719262915636,0.540458551900829,0.538036589766223,0.538036589766223,0.530323364914778
8.43889143768696,5.15624110569107,0,1,1,-0.604429214000626,0.544516132829696,1,0.214729408657728,0,22,94,7.14153067196806,7.14153067196806,1.74503285305625,7.14153067196806,7.14153067196806,1.74503285305625,0.723642527567678,0.723642527567678,0.578069136590012,0.67328175978041,0.67328175978041,0.558681133571205
10.3751741357771,8.98152042802056,0,1,1,0.681798277471581,0.976778306947536,1,0.214729408657728,0,22,94,10.371583696924,10.371583696924,4.31748783600066,10.371583696924,10.371583696924,4.31748783600066,0.707793391735212,0.707793391735212,0.547500793307539,0.660202209648291,0.660202209648291,0.535615663999082
7.28050931941806,4.78325826100383,0,1,1,0.396185455852327,0.199142137411096,0,0.214729408657728,0,22,94,5.88591978365482,5.88591978365482,3.74626219276216,5.88591978365482,5.88591978365482,3.74626219276216,0.607701143334692,0.607701143334692,0.589867740910272,0.581246670831591,0.581246670831591,0.567636960723772
7.66436980876195,6.35688382764771,1,1,1,0.750098004154876,-1.1203218381302,0,0.214729408657728,0,22,94,7.80920831035867,7.80920831035867,4.45408728936725,7.80920831035867,7.80920831035867,4.45408728936725,0.598586095432963,0.598586095432963,0.533379179995549,0.574278551750238,0.574278551750238,0.52500902918365
6.67864851914203,9.58984965129646,1,1,1,0.0639626739964638,0.0508802630907724,1,0.214729408657728,0,22,94,8.18440543022262,8.18440543022262,3.08181662905043,8.18440543022262,8.18440543022262,3.08181662905043,0.699840887912294,0.699840887912294,0.591562799812716,0.653713327061808,0.653713327061808,0.568926571647415
9.19118245668185,5.86887240578723,1,1,1,1.27808796495236,-0.219088234849857,0,0.214729408657728,0,22,94,7.65806686561185,7.65806686561185,5.51006721096222,7.65806686561185,7.65806686561185,5.51006721096222,0.757338628379795,0.757338628379795,0.589485998051238,0.701842260526216,0.701842260526216,0.567346636063623
8.60561011582596,4.54851272273681,1,1,1,1.1988131305938,0.632600565188119,0,0.214729408657728,0,22,94,7.85170101732144,7.85170101732144,5.35151754224511,7.85170101732144,7.85170101732144,5.35151754224511,0.72652678654179,0.72652678654179,0.573281139566426,0.675684538366711,0.675684538366711,0.555056274987757
5.56006359547795,2.34082544017184,1,1,1,0.220062683866316,0.313815439004022,0,0.214729408657728,0,22,94,5.59249677854742,5.59249677854742,3.39401664879013,5.59249677854742,5.59249677854742,3.39401664879013,0.592712927150323,0.592712927150323,0.58717377355216,0.569802045212028,0.569802045212028,0.56558896392008
5.45510241067954,0.834162462073348,1,1,1,-0.85725883235776,0.305945645230804,0,0.214729408657728,0,22,94,3.43297635417768,3.43297635417768,1.23937361634198,3.43297635417768,3.43297635417768,1.23937361634198,0.668476505071807,0.668476505071807,0.58739734090277,0.628541863141869,0.628541863141869,0.565758850370978
11.0421770741812,9.95661542368778,1,1,1,0.855964884995265,-0.139673917674025,1,0.433070024941959,1,26,95,9.50421500909169,9.50421500909169,4.38470620581328,9.50421500909169,9.50421500909169,4.38470620581328,0.648107190899717,0.648107190899717,0.448145265866613,0.612503119894134,0.612503119894134,0.461108943941381
4.48967211457533,6.97554619400968,0,0,0,0.390762063957081,1.46310720350187,0,0.433070024941959,1,26,95,5.0570816849128,9.29776437385187,5.0570816849128,5.0570816849128,9.29776437385187,5.0570816849128,0.352158766193475,0.368838103923982,0.352158766193475,0.387704895321488,0.400685920602044,0.387704895321488
4.00702114421642,3.14194150078939,1,0,0,0.0352411755481581,0.17010736667657,0,0.433070024941959,1,26,95,3.05304007126966,5.18197658746729,3.05304007126966,3.05304007126966,5.18197658746729,3.05304007126966,0.447704792261189,0.447849845883583,0.447704792261189,0.460777428550242,0.460886604089342,0.460777428550242
1.90474284938007,3.74042575354385,0,1,0,-0.00867594576529356,-0.58454057327523,0,0.433070024941959,1,26,95,2.21055788869095,4.65224557049589,2.21055788869095,2.21055788869095,4.65224557049589,2.21055788869095,0.433140893563041,0.433149626018,0.433140893563041,0.449797911685771,0.44980450653114,0.449797911685771
5.40803060153636,5.64289744262074,1,0,0,0.624875056030554,0.343744380009273,0,0.433070024941959,1,26,95,4.40594484556715,6.62410504435511,4.40594484556715,4.40594484556715,6.62410504435511,4.40594484556715,0.443540118474027,0.489395421052855,0.443540118474027,0.457641454136386,0.492059719631161,0.457641454136386
-0.789294792075568,2.01314616475457,0,1,0,-0.779237623173845,-0.8248390735385,0,0.433070024941959,1,26,95,0.42913603361058,3.20949553084643,0.42913603361058,0.42913603361058,3.20949553084643,0.42913603361058,0.417493831096191,0.488435490717308,0.417493831096191,0.437954965379393,0.491340844844532,0.437954965379393
2.11745756692183,2.61025955846199,0,1,0,-0.833233961792175,1.31723451218281,0,0.433070024941959,1,26,95,2.46321694209523,6.29832370218073,2.46321694209523,2.46321694209523,6.29832370218073,2.46321694209523,0.369890143248486,0.449084578328568,0.369890143248486,0.401500638924911,0.461815804662325,0.401500638924911
9.77862967515705,9.45556765297992,1,0,1,-0.450070142268484,1.75954053539425,0,0.433070024941959,1,26,95,8.86783350004953,8.86783350004953,3.67185060435405,8.86783350004953,8.86783350004953,3.67185060435405,0.332979171187352,0.332979171187352,0.31196225653048,0.372611706389703,0.372611706389703,0.355834111281296
1.44975548916657,0.754259540574983,1,0,0,-1.65564293964154,2.01642971845794,0,0.433070024941959,1,26,95,1.51759419267163,7.68358300215199,1.51759419267163,1.51759419267163,7.68358300215199,1.51759419267163,0.273746625736583,0.579799325030511,0.273746625736583,0.324543540660498,0.559992300989348,0.324543540660498
9.26556429966356,9.46074989232773,1,1,1,0.714179618774891,1.21969849647638,0,0.433070024941959,1,26,95,9.04817250982968,9.04817250982968,5.46050808752294,9.04817250982968,9.04817250982968,5.46050808752294,0.439143316934283,0.439143316934283,0.380878453714504,0.454327575210961,0.454327575210961,0.409983841071784
4.54709293164863,4.73005482879287,0,1,1,-1.08866227365143,-1.10043612493761,1,0.433070024941959,1,26,95,5.845649346324,5.845649346324,-0.465310318743701,5.845649346324,5.845649346324,-0.465310318743701,0.645500323939744,0.645500323939744,0.393305079754701,0.610465615737861,0.610465615737861,0.419523841242295
7.97766606113153,8.22551899267877,0,1,1,0.327221201525516,-1.14747518127838,1,0.433070024941959,1,26,95,8.73611686691928,8.73611686691928,2.31941757526942,8.73611686691928,8.73611686691928,2.31941757526942,0.517380835895044,0.517380835895044,0.388539896441574,0.51301564010559,0.51301564010559,0.41587190181076
8.23059852999662,8.63743399078211,1,1,1,-0.94077461839255,-1.62763127646151,1,0.433070024941959,1,26,95,7.0524534123659,7.0524534123659,-0.696730159749843,7.0524534123659,7.0524534123659,-0.696730159749843,0.546176086370867,0.546176086370867,0.330470036537097,0.53461964415867,0.53461964415867,0.370622555565185
1.72083927894364,1.61443723750453,1,0,0,-0.605730098032963,0.673875177308168,0,0.433070024941959,1,26,95,2.27486533473901,4.82897308933113,2.27486533473901,2.27486533473901,4.82897308933113,2.27486533473901,0.427931314036928,0.470785323173409,0.427931314036928,0.445860830064298,0.47811484081353,0.445860830064298
2.21916278508822,5.53975889113785,0,0,0,-0.0685416222997326,0.041545513106143,0,0.433070024941959,1,26,95,2.71691262200345,4.8186386516627,2.71691262200345,2.71691262200345,4.8186386516627,2.71691262200345,0.448976307966789,0.449525330589275,0.448976307966789,0.461734334704583,0.462147438606849,0.461734334704583
8.51414391867521,11.698762514664,1,1,1,-0.812140878886652,1.31418891783627,1,0.433070024941959,1,26,95,9.3294500253234,9.3294500253234,2.50235751355974,9.3294500253234,9.3294500253234,2.50235751355974,0.562901539213001,0.562901539213001,0.370244093901069,0.547214790687458,0.547214790687458,0.4017746423683
11.0757779300992,11.1040057044612,1,1,1,1.59291280288271,0.12273249212394,1,0.433070024941959,1,26,95,11.2360717160091,11.2360717160091,6.12100845138613,11.2360717160091,11.2360717160091,6.12100845138613,0.813591305700213,0.813591305700213,0.44835299347998,0.752507891702257,0.752507891702257,0.461265276593571
0.085040627922055,3.81325489160663,0,0,0,-0.316584577234335,0.110186658907853,0,0.433070024941959,1,26,95,2.28946785793595,4.40160895773723,2.28946785793595,2.28946785793595,4.40160895773723,2.28946785793595,0.448489547439593,0.460224008337231,0.448489547439593,0.461368041489255,0.470189251518359,0.461368041489255
4.02118693608412,5.23982800201521,1,1,1,-0.885407225045043,-1.40103984771007,0,0.433070024941959,1,26,95,3.70350871056807,3.70350871056807,-0.359403944303382,3.70350871056807,3.70350871056807,-0.359403944303382,0.448914529729937,0.448914529729937,0.359886060077863,0.461687847790979,0.461687847790979,0.393734288132925
1.28760525284098,1.27029638456548,0,1,0,-1.63129089721658,0.230611176277828,0,0.433070024941959,1,26,95,-0.219520264658555,1.93366124996569,-0.219520264658555,-0.219520264658555,1.93366124996569,-0.219520264658555,0.446572398452886,0.740004041231892,0.446572398452886,0.459925013974071,0.687011483966763,0.459925013974071
2.32760662197483,3.39900581879664,1,1,0,-0.010348446007545,-0.628772774409598,0,0.433070024941959,1,26,95,2.16298068707208,4.65833588891083,2.16298068707208,2.16298068707208,4.65833588891083,2.16298068707208,0.430652098108062,0.430664505538029,0.430652098108062,0.447917726071857,0.447927102494527,0.447917726071857
12.1452187678603,13.3512332466522,0,1,1,2.11073236991372,0.142797908348313,1,0.433070024941959,1,26,95,12.2971042443012,12.2971042443012,7.17671300167252,12.2971042443012,12.2971042443012,7.17671300167252,0.917182724217117,0.917182724217117,0.448104033986374,0.863083129884917,0.863083129884917,0.461077912677722
2.65220660130714,3.73675807555833,0,0,0,0.132855932715419,-0.999229575154512,1,0.433070024941959,1,26,95,2.0789326437731,8.17739238763657,2.0789326437731,2.0789326437731,8.17739238763657,2.0789326437731,0.402939423397488,0.521844091817286,0.402939423397488,0.42688514962942,0.516359786206978,0.42688514962942
2.45538856767088,4.33750558667056,0,1,1,-1.58038985240241,0.0621529238609089,0,0.433070024941959,1,26,95,1.81768655849732,1.81768655849732,-0.286176427447137,1.81768655849732,1.81768655849732,-0.286176427447137,0.726589959232713,0.726589959232713,0.448876427187142,0.675737246677656,0.675737246677656,0.461659176090089
11.2274907180014,9.24527605203781,1,1,1,0.810280467973654,0.302285510777271,1,0.433070024941959,1,26,95,9.92667333024723,9.92667333024723,4.73529680022135,9.92667333024723,9.92667333024723,4.73529680022135,0.636690061714018,0.636690061714018,0.444789526089357,0.603602829185104,0.603602829185104,0.458582541502744
16.0458816176212,16.0844885851293,1,0,1,0.866531666544094,1.81317152001083,1,0.433070024941959,1,26,95,14.7462761675742,14.7462761675742,6.35868520659579,14.7462761675742,14.7462761675742,6.35868520659579,0.500327010989397,0.500327010989397,0.304193758001014,0.500244831484004,0.500244831484004,0.349561128942039
-1.55387967149876,0.268339378514187,0,0,0,-1.24594638232501,0.394344755993856,0,-1.3894575650949,0,20,96,-1.42248508984948,0.833022696730378,-1.42248508984948,-1.42248508984948,0.833022696730378,-1.42248508984948,0.750925925702472,0.864281914867619,0.750925925702472,0.696319366747265,0.802827450968374,0.696319366747265
2.15671362824011,0.384291568152525,0,0,0,0.216908528432711,0.895556103177783,0,-1.3894575650949,0,20,96,1.50322473166597,4.40524546560494,1.50322473166597,1.50322473166597,4.40524546560494,1.50322473166597,0.727123270899378,0.731553744030822,0.727123270899378,0.676182356803471,0.679889899911224,0.676182356803471
-1.15390024789892,-0.438449567192553,1,0,0,-1.4016200204744,-1.04351352304232,0,-1.3894575650949,0,20,96,-1.73383236614826,1.45508810662393,-1.73383236614826,-1.73383236614826,1.45508810662393,-1.73383236614826,0.71613505998656,0.866475657788002,0.71613505998656,0.667060741266954,0.805140566852843,0.667060741266954
1.90706096232931,1.32257947169731,1,1,0,0.201435195323108,-1.55849544095841,0,-1.3894575650949,0,20,96,1.47227806544676,6.00118610493492,1.47227806544676,1.47227806544676,6.00118610493492,1.47227806544676,0.661622937862032,0.66592042655318,0.661622937862032,0.623120924527453,0.626517050474321,0.623120924527453
-1.94935856184612,-1.36995577726055,1,0,0,-1.61088635210905,-0.211850774066327,1,-1.3894575650949,0,20,96,-2.15236502941756,2.99251572105494,-2.15236502941756,-2.15236502941756,2.99251572105494,-2.15236502941756,0.754862297247688,0.946498413980406,0.754862297247688,0.699704278574232,0.902191578690426,0.699704278574232
4.50532603890684,7.07318678634961,1,1,1,0.291997001089079,0.1265439803119,0,-1.3894575650949,0,20,96,3.76941505593188,3.76941505593188,1.6534016769787,3.76941505593188,3.76941505593188,1.6534016769787,0.763332108551822,0.763332108551822,0.755882793624296,0.707045079127648,0.707045079127648,0.700584529716917
9.20028841918068,8.47549133238445,1,0,1,1.2403558925401,0.0729369523395046,1,-1.3894575650949,0,20,96,8.65543925889732,8.65543925889732,3.55011945988074,8.65543925889732,8.65543925889732,3.55011945988074,0.913842357607153,0.913842357607153,0.756260121682767,0.858945451300641,0.858945451300641,0.700910289489274
0.959780629176472,-1.02565595961249,1,1,0,-0.201559833537817,0.402935167181512,1,-1.3894575650949,0,20,96,0.666288007724909,5.9286447566765,0.666288007724909,0.666288007724909,5.9286447566765,0.666288007724909,0.750680893638948,0.832329040423599,0.750680893638948,0.696109205870438,0.770480346991975,0.696109205870438
-1.29167903648162,0.85536921651473,1,1,0,-0.311100267578781,1.12773392048682,0,-1.3894575650949,0,20,96,0.447207139642981,3.81899093505956,0.447207139642981,0.447207139642981,3.81899093505956,0.447207139642981,0.708999540826026,0.718419234522505,0.708999540826026,0.661190532940415,0.668948532011213,0.661190532940415
0.349894097444289,-0.026516696116751,1,1,0,-0.552110880891553,0.294602256751652,0,-1.3894575650949,0,20,96,-0.0348140869825644,2.1519764027006,-0.0348140869825644,-0.0348140869825644,2.1519764027006,-0.0348140869825644,0.753375816016036,0.779485392786683,0.753375816016036,0.698424097790153,0.721279218665527,0.698424097790153
0.778262537962146,0.328274680782537,1,1,0,-0.220638747783196,1.57797370791073,0,-1.3894575650949,0,20,96,0.62813017923415,5.21813120209169,0.62813017923415,0.62813017923415,5.21813120209169,0.62813017923415,0.659022348769146,0.664193806922406,0.659022348769146,0.62107063056377,0.625151359974248,0.62107063056377
-1.68226691994637,-2.24855715441012,0,0,0,-1.03024413492803,-1.37479664155441,0,-1.3894575650949,0,20,96,-0.991080595055522,2.99898521057377,-0.991080595055522,-0.991080595055522,2.99898521057377,-0.991080595055522,0.684144605716124,0.782379238147149,0.684144605716124,0.641037360858202,0.723864005634543,0.641037360858202
1.11738481445178,0.856277316865688,0,1,0,0.1824064108134,1.11720079158758,0,-1.3894575650949,0,20,96,1.43422049642734,4.78235810515125,1.43422049642734,1.43422049642734,4.78235810515125,1.43422049642734,0.709927928432456,0.713180332049798,0.709927928432456,0.66195202245788,0.664625054920957,0.66195202245788
3.8586467187473,3.08145146132595,0,0,0,0.717163211528661,1.28106264979866,0,-1.3894575650949,0,20,96,2.50373409785786,6.24485561056702,2.50373409785786,2.50373409785786,6.24485561056702,2.50373409785786,0.694284230994843,0.743714221380349,0.694284230994843,0.649206607058556,0.690159925061847,0.649206607058556
11.9827702603735,13.571898800369,1,1,1,1.8583772121998,-1.29464318428511,1,-1.3894575650949,0,20,96,11.562263073816,11.562263073816,4.78616209920014,11.562263073816,11.562263073816,4.78616209920014,0.951421807187458,0.951421807187458,0.692870046330091,0.909367992221021,0.909367992221021,0.64806308302539
4.39201877553707,4.32260670325121,1,0,0,0.426978061241603,-0.987320814080639,1,-1.3894575650949,0,20,96,1.92336379728375,7.9981661872006,1.92336379728375,1.92336379728375,7.9981661872006,1.92336379728375,0.720536344699879,0.819621573070524,0.720536344699879,0.670702107208938,0.758221647047792,0.670702107208938
3.81471776543959,5.99957492627467,1,1,1,0.788967065646315,-0.245536637195292,0,-1.3894575650949,0,20,96,4.80763004629835,4.80763004629835,2.64734180609317,4.80763004629835,4.80763004629835,2.64734180609317,0.805391727975429,0.805391727975429,0.754316491584355,0.744837833336838,0.744837833336838,0.699233945609625
-1.09359723155939,0.887537307211369,1,1,0,-0.956381566641875,-0.145034896049996,1,-1.3894575650949,0,20,96,-0.843355458483207,4.27767966258902,-0.843355458483207,-0.843355458483207,4.27767966258902,-0.843355458483207,0.755705467889976,0.886316314677859,0.755705467889976,0.700431492245809,0.826704978681684,0.700431492245809
0.166369945440529,1.61679628311826,1,0,0,-0.612797488533739,1.2714960365098,1,-1.3894575650949,0,20,96,-0.156187302266936,6.5605148685932,-0.156187302266936,-0.156187302266936,6.5605148685932,-0.156187302266936,0.695269409115938,0.815049566275635,0.695269409115938,0.650004049565843,0.753883795219222,0.650004049565843
2.25430665006643,1.04963251379227,1,0,0,0.528663162755258,1.040844445295,0,-1.3894575650949,0,20,96,2.12673400031106,5.31009115961251,2.12673400031106,2.12673400031106,5.31009115961251,2.12673400031106,0.716350552709941,0.74264455415146,0.716350552709941,0.667238655849184,0.689250818463877,0.667238655849184
2.30770739653063,3.81649625373585,0,0,0,0.0995074054816366,-0.157461130566546,0,0.755784120212853,1,24,97,2.47034404403081,4.59513805167011,2.47034404403081,2.47034404403081,4.59513805167011,2.47034404403081,0.410556232803584,0.411689656490591,0.410556232803584,0.432685472177766,0.43354722544689,0.432685472177766
3.92468693742551,7.85983637245305,0,0,0,1.68720479061829,1.30653361483852,0,0.755784120212853,1,24,97,7.10973355970919,10.9167636464122,7.10973355970919,7.10973355970919,10.9167636464122,7.10973355970919,0.336181264671658,0.660577894291796,0.336181264671658,0.375145087447883,0.622296583800001,0.375145087447883
6.99101430411175,7.8496715223703,0,0,0,1.29911523783554,1.43295023717817,0,0.755784120212853,1,24,97,6.45997107648334,10.6133174587123,6.45997107648334,6.45997107648334,10.6133174587123,6.45997107648334,0.321664990423053,0.513047811701864,0.321664990423053,0.36361324085663,0.509770028408255,0.36361324085663
-0.474752436618314,-1.06595929351637,1,0,0,-1.79845172638544,-0.0997182934671111,0,0.755784120212853,1,24,97,-1.2678313826039,0.842112355448087,-1.2678313826039,-1.2678313826039,0.842112355448087,-1.2678313826039,0.411236073130277,0.763881038726753,0.411236073130277,0.433202402626855,0.707523637901935,0.433202402626855
2.43557742181263,3.49821277893252,0,0,0,-0.353624766708488,1.00419377237468,0,0.755784120212853,1,24,97,2.72573460259179,5.83413973506787,2.72573460259179,2.72573460259179,5.83413973506787,2.72573460259179,0.366360617738442,0.380213366410438,0.366360617738442,0.398765490485005,0.409471698745614,0.398765490485005
0.226610158383202,-1.83041102504238,0,0,0,-0.765967553896646,0.268898897588966,0,0.755784120212853,1,24,97,1.16575415342976,3.33806077055432,1.16575415342976,1.16575415342976,3.33806077055432,1.16575415342976,0.408383319553753,0.476647736652192,0.408383319553753,0.431032415808386,0.482509921182817,0.431032415808386
5.31505289084549,3.64742777349448,0,1,0,0.170191062277569,0.462606438812302,0,0.755784120212853,1,24,97,3.23177892700152,5.54578364423212,3.23177892700152,3.23177892700152,5.54578364423212,3.23177892700152,0.401923516000273,0.405220781842662,0.401923516000273,0.426110263881714,0.428624161677565,0.426110263881714
5.08585254110536,3.89542890605295,0,1,0,0.787582508756046,0.682680860017034,0,0.755784120212853,1,24,97,4.68663624116321,7.25268939779681,4.68663624116321,4.68663624116321,7.25268939779681,4.68663624116321,0.3905140881354,0.462075865341952,0.3905140881354,0.417385805293482,0.471579783790797,0.417385805293482
-1.93080468579184,-1.20969626289702,0,0,0,-2.00583055081717,-0.446516985988911,1,0.755784120212853,1,24,97,-2.02938772398917,3.26998969478746,-2.02938772398917,-2.02938772398917,3.26998969478746,-2.02938772398917,0.402588891134331,0.880914017303913,0.402588891134331,0.426617814755328,0.820711472488279,0.426617814755328
9.37685538413479,7.85100203631653,1,1,1,2.10368464311563,0.0318112246800654,0,0.755784120212853,1,24,97,8.76898282856106,8.76898282856106,6.66797087454541,8.76898282856106,8.76898282856106,6.66797087454541,0.851868703868756,0.851868703868756,0.411645122961332,0.789976083459451,0.789976083459451,0.433513372616499
4.81464844166434,5.48943069999841,1,1,1,0.806764866306734,-0.870180070383305,0,0.755784120212853,1,24,97,6.02935338075654,6.02935338075654,3.17214002586425,6.02935338075654,6.02935338075654,3.17214002586425,0.452011610134441,0.452011610134441,0.377475642391996,0.46401765460876,0.46401765460876,0.407361801184713
1.16179281902011,1.48010059422706,1,0,0,-0.0623438206023149,-0.932203738628956,0,0.755784120212853,1,24,97,1.3718989838005,4.3409027941143,1.3718989838005,1.3718989838005,4.3409027941143,1.3718989838005,0.372513065610567,0.372943415628592,0.372513065610567,0.403529904551912,0.403862587323268,0.403529904551912
3.82979478163802,4.98917044503716,0,1,0,0.304100945411828,0.834383269670376,0,0.755784120212853,1,24,97,3.87137552412812,6.66757096483395,3.87137552412812,3.87137552412812,6.66757096483395,3.87137552412812,0.380194781181579,0.390561444237766,0.380194781181579,0.409457385056343,0.4174221039988,0.409457385056343
0.907183716802757,2.24336847243766,1,0,0,-0.974536625891092,1.32863389237251,0,0.755784120212853,1,24,97,1.80835100422441,5.67361902418534,1.80835100422441,1.80835100422441,5.67361902418534,1.80835100422441,0.333718458837188,0.439831511733714,0.333718458837188,0.373197109745542,0.454846490398852,0.373197109745542
-1.3342233479897,0.570281934595365,0,0,0,-0.983298618878229,0.737925890453546,0,0.755784120212853,1,24,97,1.20011901633117,3.84465363613283,1.20011901633117,1.20011901633117,3.84465363613283,1.20011901633117,0.386984070597077,0.499206684177134,0.386984070597077,0.414677880686013,0.49940603653787,0.414677880686013
3.60255497056782,2.73862171322522,0,0,0,0.181802054940513,0.193637340929984,1,0.755784120212853,1,24,97,2.98603181444509,8.12352723424753,2.98603181444509,2.98603181444509,8.12352723424753,2.98603181444509,0.409975024590134,0.530916059919872,0.409975024590134,0.432243440278771,0.523161204871303,0.432243440278771
-0.00716275599525162,1.0882504780488,1,0,1,-1.58705672041469,-0.652378821476909,0,0.755784120212853,1,24,97,1.12789622803939,1.12789622803939,-1.39770189867221,1.12789622803939,1.12789622803939,-1.39770189867221,0.679950228455176,0.679950228455176,0.392338018851071,0.637677627997723,0.637677627997723,0.418783316996561
0.252432163027336,-3.21186147575962,0,0,0,-0.835724747268199,-1.58047725374645,0,0.755784120212853,1,24,97,-0.823136384648766,3.77477196496116,-0.823136384648766,-0.823136384648766,3.77477196496116,-0.823136384648766,0.303505439380556,0.37771574990752,0.303505439380556,0.349003315949283,0.407546959816674,0.349003315949283
8.41242128562664,9.48407507626515,1,0,1,1.80669368397945,0.499897743594446,0,0.755784120212853,1,24,97,8.89197322923824,8.89197322923824,6.54207547518742,8.89197322923824,8.89197322923824,6.54207547518742,0.75811315956515,0.75811315956515,0.40029225564164,0.702512347928904,0.702512347928904,0.424865373215775
4.05292544272859,3.18985732519956,1,1,0,0.827893673348154,0.101443737874595,0,0.755784120212853,1,24,97,4.18602144820499,6.29631228015896,4.18602144820499,4.18602144820499,6.29631228015896,4.18602144820499,0.411220179591482,0.491209095340491,0.411220179591482,0.433190319060086,0.493417873397437,0.433190319060086
2.98741422367995,3.81241355931337,1,0,0,-0.00952625560832544,0.724973156110541,0,0.755784120212853,1,24,97,3.13471100852797,5.76029708560885,3.13471100852797,3.13471100852797,5.76029708560885,3.13471100852797,0.38783533547251,0.387845531768229,0.38783533547251,0.415331288954978,0.415339113839057,0.415331288954978
7.09987722157839,6.797352628902,0,0,0,1.59543097040543,0.34322116131551,0,0.755784120212853,1,24,97,5.96287346576045,8.18067423133522,5.96287346576045,5.96287346576045,8.18067423133522,5.96287346576045,0.406305910056927,0.695241076898723,0.406305910056927,0.429450797754791,0.64998110690648,0.429450797754791
6.68542136658538,5.8210235501433,0,0,0,1.84909345202734,0.14911638070203,1,0.755784120212853,1,24,97,6.27609364839079,11.3983293433845,6.27609364839079,6.27609364839079,11.3983293433845,6.27609364839079,0.410673328352038,0.850959901861952,0.410673328352038,0.432774516985299,0.789050265081161,0.432774516985299
6.25908674063408,5.34634953435949,0,1,0,0.934428460935731,0.150957125891915,0,0.755784120212853,1,24,97,4.44860441139746,6.57139246525501,4.44860441139746,4.44860441139746,6.57139246525501,4.44860441139746,0.410648045728961,0.51277411251527,0.410648045728961,0.432755291234495,0.509565042708707,0.432755291234495
2.36986862877904,3.90890353113745,0,1,1,-0.828617626837054,0.186183442261345,0,0.557197988087615,0,26,98,3.16695942256929,3.16695942256929,1.03229514839701,3.16695942256929,3.16695942256929,1.03229514839701,0.628831839333801,0.628831839333801,0.550459930916749,0.597510249004582,0.597510249004582,0.537841465385701
6.10095394957521,7.27386088508124,1,1,1,-0.493542440039674,0.0822500987000474,1,0.557197988087615,0,26,98,6.80921060072793,6.80921060072793,1.70244552199177,6.80921060072793,6.80921060072793,1.70244552199177,0.689282993822315,0.689282993822315,0.551763911664958,0.645168668007709,0.645168668007709,0.538822696781847
3.19378792789021,3.21959953135381,0,0,0,0.0312817300419257,-2.38667787673898,0,0.557197988087615,0,26,98,2.75209386215497,10.5483251494703,2.75209386215497,2.75209386215497,10.5483251494703,2.75209386215497,0.295445579227532,0.295542543735918,0.295445579227532,0.342446327586789,0.342525494606068,0.342446327586789
5.01221698219902,5.53685494110039,1,1,0,1.10158917967784,-0.660868653331323,0,0.557197988087615,0,26,98,4.8927087614268,7.42945613838275,4.8927087614268,4.8927087614268,7.42945613838275,4.8927087614268,0.531601963960364,0.668358622833808,0.531601963960364,0.523675711402798,0.628448401018404,0.523675711402798
1.54926196590345,1.48228116062511,0,1,0,-0.402471122949862,-0.581978088197632,1,0.557197988087615,0,26,98,1.88458815617139,7.32328665131356,1.88458815617139,1.88458815617139,7.32328665131356,1.88458815617139,0.536210442645631,0.66706358827557,0.536210442645631,0.527133759418458,0.627422159064007,0.527133759418458
0.671930350486516,1.607345038147,1,1,0,-0.648259663415266,0.937515351883844,1,0.557197988087615,0,26,98,1.39301107524058,7.37194611025847,1.39301107524058,1.39301107524058,7.37194611025847,1.39301107524058,0.510765350440706,0.671494048981021,0.510765350440706,0.508060670427662,0.63093700844542,0.508060670427662
3.91513539177674,5.8048045034688,1,1,0,0.86815572689432,-0.0657320927812167,0,0.557197988087615,0,26,98,4.42584185585976,6.53016256388115,4.42584185585976,4.42584185585976,6.53016256388115,4.42584185585976,0.551878127091961,0.637548270625516,0.551878127091961,0.53890865479053,0.604269805152389,0.53890865479053
1.29640961803715,2.22436097025566,1,1,0,-0.31127127807568,-0.39198940780988,0,0.557197988087615,0,26,98,2.06698784591975,4.3206435417549,2.06698784591975,2.06698784591975,4.3206435417549,2.06698784591975,0.544891176263691,0.55621450918515,0.544891176263691,0.533653772034427,0.542173697795911,0.533653772034427
-1.99138364617438,-1.03782497996388,0,0,0,-1.41712282041673,0.38784234294784,1,0.557197988087615,0,26,98,-0.144715238762345,5.10570644422092,-0.144715238762345,-0.144715238762345,5.10570644422092,-0.144715238762345,0.54504267442482,0.834056178260818,0.54504267442482,0.533767642486712,0.772170710485967,0.533767642486712
7.93020220561421,7.98677275745911,1,0,1,-0.0440337672034206,-0.428222475571903,1,0.557197988087615,0,26,98,7.8848373562492,7.8848373562492,2.60146286766427,7.8848373562492,7.8848373562492,2.60146286766427,0.656666214382598,0.656666214382598,0.543498624673242,0.619216138820128,0.619216138820128,0.53260722850135
2.14432412085712,2.37112861257019,1,0,0,-0.374198353319537,-1.80471999175878,0,0.557197988087615,0,26,98,1.94113369543204,7.29814794408585,1.94113369543204,1.94113369543204,7.29814794408585,1.94113369543204,0.39980858693548,0.415797342143317,0.39980858693548,0.424496109015826,0.436667522821969,0.424496109015826
-0.586379558427029,1.15535579891175,0,0,0,-1.20888214738482,1.13817028081177,0,0.557197988087615,0,26,98,0.271766107301477,3.66719769542461,0.271766107301477,0.271766107301477,3.66719769542461,0.271766107301477,0.491105490340859,0.658229643155672,0.491105490340859,0.493340292124374,0.620446375922441,0.493340292124374
2.21349453126848,3.3142897489867,0,1,0,-0.115342985126949,1.17524404034234,0,0.557197988087615,0,26,98,2.45884443181722,5.9400429861774,2.45884443181722,2.45884443181722,5.9400429861774,2.45884443181722,0.487058386636291,0.488627669688989,0.487058386636291,0.490309501831931,0.49148476663888,0.490309501831931
-0.768762077072941,0.40648178571371,1,0,0,-1.22900781823592,-1.97580232422099,0,0.557197988087615,0,26,98,0.231514765599264,6.23530958999634,0.231514765599264,0.231514765599264,6.23530958999634,0.231514765599264,0.370817541948711,0.546109461262235,0.370817541948711,0.402218456371391,0.534569556397257,0.402218456371391
3.28713251412463,0.575536102626405,0,0,0,-1.16301867437476,-0.127317827064983,1,0.557197988087615,0,26,98,0.363493053321587,5.47970288241014,0.363493053321587,0.363493053321587,5.47970288241014,0.363493053321587,0.551322548413756,0.789970536417562,0.551322548413756,0.538490547293196,0.730698262783183,0.538490547293196
3.26437800031625,2.81258606249989,0,0,0,0.673906366652114,-1.70853760566304,0,0.557197988087615,0,26,98,4.03734313537534,9.05644388534013,4.03734313537534,4.03734313537534,9.05644388534013,4.03734313537534,0.41523947608712,0.468094078135904,0.41523947608712,0.436244008364078,0.476096264848995,0.436244008364078
6.82716302834891,6.10948821072992,0,1,0,1.69165226784847,0.417285976918694,1,0.557197988087615,0,26,98,6.07283493776806,11.346962524301,6.07283493776806,6.07283493776806,11.346962524301,6.07283493776806,0.543931982782711,0.883294461705774,0.543931982782711,0.532932883239847,0.823340488023222,0.532932883239847
2.94229215998092,2.25507138563426,0,1,0,-0.345125895682814,1.87290641905267,0,0.557197988087615,0,26,98,1.99927861070549,7.60705706523418,1.99927861070549,1.99927861070549,7.60705706523418,1.99927861070549,0.388476980863762,0.401944949538309,0.388476980863762,0.415823633339843,0.42612661551733,0.415823633339843
5.9238330027689,5.81950232941346,1,1,1,-0.344442975135317,0.268089942924753,0,0.557197988087615,0,26,98,4.17251666929788,4.17251666929788,2.00064445180048,4.17251666929788,4.17251666929788,2.00064445180048,0.562556072679931,0.562556072679931,0.548719843181579,0.546954162262715,0.546954162262715,0.536532456723081
11.4873017232848,11.4083896920256,0,0,1,1.35504503600194,1.78861026191972,0,0.557197988087615,0,26,98,10.6987471431195,10.6987471431195,5.39962047407499,10.6987471431195,10.6987471431195,5.39962047407499,0.615897497902272,0.615897497902272,0.40243948040286,0.587535814123435,0.587535814123435,0.426503855040129
3.91211476177611,2.47186218522173,0,0,0,-0.188769455349792,-2.57401761592102,0,0.557197988087615,0,26,98,2.31199149137153,11.0375581784432,2.31199149137153,2.31199149137153,11.0375581784432,2.31199149137153,0.259935577157789,0.263221766141108,0.259935577157789,0.312937381577148,0.315715047222814,0.312937381577148
1.28949450149539,1.3774608103198,1,0,0,-0.521340718725454,0.25863701039537,0,0.557197988087615,0,26,98,1.64684896462021,3.81374206776646,1.64684896462021,1.64684896462021,3.81374206776646,1.64684896462021,0.548952765938222,0.580507720986091,0.548952765938222,0.536707651313001,0.560529340192053,0.536707651313001
4.42643238625078,7.07109213030513,0,1,1,0.0209223215414851,-0.413875313793394,0,0.557197988087615,0,26,98,5.00266782052167,5.00266782052167,2.73137504515408,5.00266782052167,5.00266782052167,2.73137504515408,0.544116105066915,0.544116105066915,0.544064824179354,0.533071252482701,0.533071252482701,0.533032714084796
3.90555220455921,3.20305730419019,1,1,0,0.708826278045096,-0.544382897471873,1,0.557197988087615,0,26,98,4.10718295816131,9.50353569722118,4.10718295816131,4.10718295816131,9.50353569722118,4.10718295816131,0.538198996242172,0.703662451521852,0.538198996242172,0.528626574619674,0.656825682513052,0.528626574619674
3.07914502580435,4.52678762338104,1,1,0,-0.00665557667324251,-0.582259799155532,1,0.557197988087615,0,26,98,2.67621924872463,8.11524572243727,2.67621924872463,2.67621924872463,8.11524572243727,2.67621924872463,0.536195036437429,0.649774220463438,0.536195036437429,0.527122195564835,0.613807763545935,0.527122195564835
0.219185537282336,0.0817367734272315,0,1,0,-1.7104771300843,1.48436489879792,0,0.557197988087615,0,26,98,-0.731423858097495,3.57191529468586,-0.731423858097495,-0.731423858097495,3.57191529468586,-0.731423858097495,0.44841861158275,0.764961404919376,0.44841861158275,0.461314658430107,0.708466524802488,0.461314658430107
2.76190155107633,-0.222928866955183,0,1,0,0.226437715923218,-0.656803856391807,0,0.440727957203598,1,20,99,2.60183044319377,5.13322174896492,2.60183044319377,2.60183044319377,5.13322174896492,2.60183044319377,0.428096595996061,0.43403841210854,0.428096595996061,0.445985826587957,0.450475649306093,0.445985826587957
-2.72340273950191,-2.83357116194294,0,0,0,-2.34511997970545,-0.79720572193801,0,0.440727957203598,1,20,99,-2.68168681360977,0.0538501494809346,-2.68168681360977,-2.68168681360977,0.0538501494809346,-2.68168681360977,0.418675036137,0.909055869805446,0.418675036137,0.43885094664542,0.853110009994857,0.43885094664542
4.6360971880983,2.62032666290519,1,0,0,0.86403554867945,1.39122857581232,0,0.440727957203598,1,20,99,5.92505854091036,9.96057549106713,5.92505854091036,5.92505854091036,9.96057549106713,5.92505854091036,0.360246433191648,0.44493456683306,0.360246433191648,0.394014809001837,0.458691773650069,0.394014809001837
-0.209012712656855,-0.756471030858055,0,0,0,-1.39412475303801,-0.0723751378013211,1,0.440727957203598,1,20,99,-0.0548657761382003,5.05037238443356,-0.0548657761382003,-0.0548657761382003,5.05037238443356,-0.0548657761382003,0.447917528475134,0.766126926763936,0.447917528475134,0.460937544729627,0.709485259757132,0.460937544729627
0.330920277043783,-0.169823591835565,1,0,0,-0.320414663171133,-0.799816098741125,1,0.440727957203598,1,20,99,1.36511344265575,7.10481923446123,1.36511344265575,1.36511344265575,7.10481923446123,1.36511344265575,0.41848320424925,0.54778429256511,0.41848320424925,0.438705459249366,0.535828852535981,0.438705459249366
5.82242418175016,4.25460693815466,0,0,0,1.26276611086643,-1.16239192416608,0,0.440727957203598,1,20,99,4.16889916530593,7.62005415067246,4.16889916530593,4.16889916530593,7.62005415067246,4.16889916530593,0.386132054055725,0.571915424688795,0.386132054055725,0.414023642667955,0.554023257111663,0.414023642667955
3.9819066260168,3.03512376897155,0,0,0,0.267655268727143,1.64794714200806,1,0.440727957203598,1,20,99,4.98901654720149,12.804746330054,4.98901654720149,4.98901654720149,12.804746330054,4.98901654720149,0.326879123304468,0.446451238779141,0.326879123304468,0.367769521996185,0.459833798707333,0.367769521996185
7.3706061442466,8.46284848370537,0,0,1,0.26050829731209,-0.0784585293417265,1,0.440727957203598,1,20,99,8.35447267384806,8.35447267384806,3.2483169330216,8.35447267384806,8.35447267384806,3.2483169330216,0.57322068996578,0.57322068996578,0.447874658563812,0.555010542802156,0.555010542802156,0.460905279191234
-3.32834087980832,-2.58770837962727,1,0,0,-1.47389057569027,-1.39095877058607,0,0.440727957203598,1,20,99,-1.53298105422746,2.50178524724285,-1.53298105422746,-1.53298105422746,2.50178524724285,-1.53298105422746,0.360279226716593,0.611231773639296,0.360279226716593,0.394040333180115,0.583952929184079,0.394040333180115
4.0155916903819,1.35253265310101,0,1,0,-0.10762887905362,-0.335565294655736,1,0.440727957203598,1,20,99,2.25493581497617,7.46753988195356,2.25493581497617,2.25493581497617,7.46753988195356,2.25493581497617,0.44290649034741,0.561756069001442,0.44290649034741,0.457164090238647,0.546350703843897,0.457164090238647
-3.62356791385523,-2.23344193178334,0,1,0,-2.44606997899589,0.470162736315764,1,0.440727957203598,1,20,99,-1.61621835393688,3.70483464468305,-1.61621835393688,-1.61621835393688,3.70483464468305,-1.61621835393688,0.437856119398028,0.957462430018218,0.437856119398028,0.45335676999083,0.918479642672699,0.45335676999083
4.8014074440214,3.7167126469943,1,1,0,1.10344492957567,0.46915892391209,0,0.440727957203598,1,20,99,5.48180765080258,7.80191774668893,5.48180765080258,5.48180765080258,7.80191774668893,5.48180765080258,0.437899978205105,0.580620267844604,0.437899978205105,0.45338985327013,0.560614673684581,0.45338985327013
-0.512292368734826,-0.764598386460636,1,0,0,-1.37404521951647,0.873582445053451,1,0.440727957203598,1,20,99,0.931250873759652,6.79439716206522,0.931250873759652,0.931250873759652,6.79439716206522,0.931250873759652,0.41281386621862,0.734012603969737,0.41281386621862,0.434401637085763,0.681955231078628,0.434401637085763
3.47934728262642,1.79233433638294,0,0,0,-0.346628478055951,1.52149222759884,0,0.440727957203598,1,20,99,3.63399413922608,8.04893273786975,3.63399413922608,3.63399413922608,8.04893273786975,3.63399413922608,0.343835292431331,0.356800288179665,0.343835292431331,0.381178217873148,0.391329862579047,0.381178217873148
8.19049154519557,8.98329143198573,0,1,1,0.0928664676311195,-0.668942538808103,1,0.440727957203598,1,20,99,7.87003338442031,7.87003338442031,2.32254926419328,7.87003338442031,7.87003338442031,2.32254926419328,0.545776771478652,0.545776771478652,0.427351998239085,0.534319454080599,0.534319454080599,0.445422669271181
-0.410202220760492,-2.70930368613186,0,1,0,-1.67881354738026,0.867709078223883,0,0.440727957203598,1,20,99,0.315840851202507,3.16875989563465,0.315840851202507,0.315840851202507,3.16875989563465,0.315840851202507,0.413282764494464,0.727867414441087,0.413282764494464,0.434757907045256,0.676803850338112,0.434757907045256
6.84841272984419,8.24117845836427,0,0,1,0.829643870389898,-2.06894834274494,0,0.440727957203598,1,20,99,8.77664551072103,8.77664551072103,2.396098265774,8.77664551072103,8.77664551072103,2.396098265774,0.333428653719557,0.333428653719557,0.26496989177559,0.372967664615483,0.372967664615483,0.317188471726242
7.18858223179379,6.37801905798821,0,0,0,1.57680268741894,0.856148850380483,0,0.440727957203598,1,20,99,6.81551309295751,9.64850394696534,6.81551309295751,6.81551309295751,9.64850394696534,6.81551309295751,0.414196861369585,0.69623657850041,0.414196861369585,0.435452276034652,0.650787573651625,0.435452276034652
-1.63281411138587,-4.01187881060815,0,1,0,-1.57262860372627,-2.05982310549691,0,0.440727957203598,1,20,99,-2.39932144521032,3.94354978072863,-2.39932144521032,-2.39932144521032,3.94354978072863,-2.39932144521032,0.266373072965438,0.539492519209408,0.266373072965438,0.318369085985752,0.529597861142245,0.318369085985752
1.48491795014741,-1.58222940034881,0,1,0,-1.01109385381937,0.0941228874126308,0,0.440727957203598,1,20,99,0.877694047513036,2.98655316544793,0.877694047513036,0.877694047513036,2.98655316544793,0.877694047513036,0.447748359421779,0.567821084327409,0.447748359421779,0.460810219990068,0.550928670059071,0.460810219990068
5.37457014995097,3.75164948407518,1,0,1,0.592652411607157,-0.440092137652636,0,-1.46849011717008,1,29,100,3.88243055095916,3.88243055095916,1.58874946133549,3.88243055095916,3.88243055095916,1.58874946133549,0.69521678961885,0.69521678961885,0.658762235701184,0.649961440173078,0.649961440173078,0.620865755511986
2.05924296975697,-1.57139341576923,1,1,0,-0.339942963515586,1.92111825260961,0,-1.46849011717008,1,29,100,2.08476910135225,7.87546444186205,2.08476910135225,2.08476910135225,7.87546444186205,2.08476910135225,0.499080846322622,0.512717024225447,0.499080846322622,0.499311820928695,0.509522287055723,0.499311820928695
-2.05478933797087,-1.90248373837944,1,1,0,-0.227675503140464,-0.216901629288865,0,-1.46849011717008,1,29,100,0.171284140204017,2.31833045699218,0.171284140204017,0.171284140204017,2.31833045699218,0.171284140204017,0.664990724349387,0.67044996137195,0.664990724349387,0.625781486734497,0.630107681720006,0.625781486734497
0.180712810171031,-1.2726891127988,1,1,0,-0.34004681258438,0.345351400733702,0,-1.46849011717008,1,29,100,0.508794551338752,2.72806214132748,0.508794551338752,0.508794551338752,2.72806214132748,0.508794551338752,0.661929742429738,0.674101779986893,0.661929742429738,0.623363046248519,0.633011128679877,0.623363046248519
6.9802901003087,7.88339249312563,1,1,1,1.12295042941282,-1.21091466415548,1,-1.46849011717008,1,29,100,8.44483729431075,8.44483729431075,1.87852297044396,8.44483729431075,8.44483729431075,1.87852297044396,0.816835690488117,0.816835690488117,0.602681535900013,0.755574062554798,0.755574062554798,0.577406140794231
6.82888347712915,4.98573605191671,1,1,1,-0.871638208505145,0.992128332543763,1,-1.46849011717008,1,29,100,6.17670731954335,6.17670731954335,0.0923886913072834,6.17670731954335,6.17670731954335,0.0923886913072834,0.793580068801106,0.793580068801106,0.624313264096641,0.73397612352986,0.73397612352986,0.594018402410602
5.82687510153283,5.8854585033494,1,1,1,-0.500506791059742,0.607857959687935,1,-1.46849011717008,1,29,100,5.91987245249824,5.91987245249824,0.450381153342261,5.91987245249824,5.91987245249824,0.450381153342261,0.772118083210902,0.772118083210902,0.651225022378788,0.714747447895012,0.714747447895012,0.614944286041179
2.44373146474491,1.55103809405972,1,1,1,-0.103271447017028,-1.22201103816377,0,-1.46849011717008,1,29,100,3.00829382097007,3.00829382097007,-0.585017156424013,3.00829382097007,3.00829382097007,-0.585017156424013,0.602666394351741,0.602666394351741,0.601457705926708,0.577394568044378,0.577394568044378,0.576470992538616
1.19194758866197,-0.391415234516089,0,1,0,-0.337038298555547,1.26562568839942,0,-1.46849011717008,1,29,100,1.43508586706214,5.13689425019865,1.43508586706214,1.43508586706214,5.13689425019865,1.43508586706214,0.596527164607592,0.609390884509923,0.596527164607592,0.572708103762257,0.582541349503421,0.572708103762257
3.82543358166157,1.64968146789604,1,1,1,-2.67417843917837,1.85019720036915,0,-1.46849011717008,1,29,100,2.86860677804007,2.86860677804007,-2.65462290221377,2.86860677804007,2.86860677804007,-2.65462290221377,0.970924661206806,0.970924661206806,0.511705564171145,0.940262081572948,0.940262081572948,0.508764784352311
0.169784417736992,0.576206770032595,1,1,0,-0.563939864467843,0.987512030709889,0,-1.46849011717008,1,29,100,0.703169077548013,3.77834908834478,0.703169077548013,0.703169077548013,3.77834908834478,0.703169077548013,0.624719149513447,0.65934094478656,0.624719149513447,0.594331731227965,0.621321617556855,0.594331731227965
3.30682519997233,2.19348863973146,1,0,0,0.217228370398529,0.560439388068372,0,-1.46849011717008,1,29,100,1.83843290463924,4.25252521233769,1.83843290463924,1.83843290463924,4.25252521233769,1.83843290463924,0.653608064359881,0.658658108094882,0.653608064359881,0.616813362720661,0.620783750569275,0.616813362720661
4.2435536785675,2.84218729189691,1,1,1,0.647022357693547,-0.0932135340792251,0,-1.46849011717008,1,29,100,4.15305672001722,4.15305672001722,2.04436795708168,4.15305672001722,4.15305672001722,2.04436795708168,0.709285200234157,0.709285200234157,0.666611088996672,0.661424767643189,0.661424767643189,0.627063801329623
3.42396225872416,1.43068771797832,1,1,1,0.112620015800376,0.0142915526442342,0,-1.46849011717008,1,29,100,3.18327260849578,3.18327260849578,1.08306836001879,3.18327260849578,3.18327260849578,1.08306836001879,0.668304947628161,0.668304947628161,0.666969000114714,0.628405847611843,0.628405847611843,0.627347240286482
-3.42014196110935,-3.06640018007747,1,0,0,-0.686989069062613,-1.46578423767413,0,-1.46849011717008,1,29,100,-1.99622560002554,2.25229783138838,-1.99622560002554,-1.99622560002554,2.25229783138838,-1.99622560002554,0.571416989310421,0.625009584525134,0.571416989310421,0.553646343043548,0.594555975989015,0.553646343043548
1.71477961940722,0.375888896535838,1,1,1,-0.44083829960639,-1.14546818425568,0,-1.46849011717008,1,29,100,2.22848935344735,2.22848935344735,-1.18360800769465,2.22848935344735,2.22848935344735,-1.18360800769465,0.631309809118381,0.631309809118381,0.609648739813822,0.599428659638904,0.599428659638904,0.582739001961612
-2.81438068315754,-3.25297234044926,1,1,0,-1.71940673510653,-0.196608758880817,0,-1.46849011717008,1,29,100,-2.79188545332006,-0.653230449251407,-2.79188545332006,-2.79188545332006,-0.653230449251407,-2.79188545332006,0.665345523756265,0.891781431223239,0.665345523756265,0.62606214116303,0.83286997051808,0.62606214116303
-2.47040566120008,-3.61286867985422,1,0,0,-1.55257003884746,1.0616043070233,1,-1.46849011717008,1,29,100,-1.19999899489781,5.0270047097926,-1.19999899489781,-1.19999899489781,5.0270047097926,-1.19999899489781,0.617954690997481,0.892662013097277,0.617954690997481,0.589118024227546,0.833873338601731,0.589118024227546
2.26046708668019,1.4315268052727,1,1,1,-0.0987204485786538,-0.102274565638407,0,-1.46849011717008,1,29,100,2.65428139975462,2.65428139975462,0.543821312978095,2.65428139975462,2.65428139975462,0.543821312978095,0.667563745264358,0.667563745264358,0.66653634420757,0.62781839318312,0.62781839318312,0.627004618073482
11.0837152787017,8.03156845795648,1,1,1,1.78303933916033,-0.731198936842804,1,-1.46849011717008,1,29,100,9.31306840249172,9.31306840249172,3.67841651725167,9.31306840249172,9.31306840249172,3.67841651725167,0.931552459713767,0.931552459713767,0.644077851420813,0.881565739666026,0.881565739666026,0.609355175929978
7.69646050960208,5.12206759560377,1,1,1,0.672193947834092,-0.441512563555635,1,-1.46849011717008,1,29,100,7.04134545166383,7.04134545166383,1.74641210788636,7.04134545166383,7.04134545166383,1.74641210788636,0.794196813740713,0.794196813740713,0.658708814914137,0.7345380777306,0.7345380777306,0.620823683646831
2.20960975222251,2.18643462714549,1,1,1,-1.12664032618381,-0.629720697122304,1,-1.46849011717008,1,29,100,3.45708358266808,3.45708358266808,-2.03946457371612,3.45708358266808,3.45708358266808,-2.03946457371612,0.846278341684731,0.846278341684731,0.650058505817388,0.784311778475422,0.784311778475422,0.6140303844576
5.48169979689357,4.23850419542504,1,1,1,-0.453408628460766,0.630698308442677,1,-1.46849011717008,1,29,100,6.06519818356741,6.06519818356741,0.567417827294954,6.06519818356741,6.06519818356741,0.567417827294954,0.767342830686081,0.767342830686081,0.650005340365582,0.710549737327903,0.710549737327903,0.61398874814409
6.14123077883304,3.15613843474247,1,0,1,-0.596818919118748,-2.11990259515973,0,-1.46849011717008,1,29,100,4.12398335534154,4.12398335534154,-2.47000365762342,4.12398335534154,4.12398335534154,-2.47000365762342,0.503196964561729,0.503196964561729,0.461232565048689,0.502393596757046,0.502393596757046,0.470946609837859
3.14134066520524,4.28061870831906,1,1,1,-0.961334312895036,0.0649237777671923,1,-1.46849011717008,1,29,100,4.09000702467049,4.09000702467049,-1.01420807224907,4.09000702467049,4.09000702467049,-1.01420807224907,0.834062684318515,0.834062684318515,0.66679982922727,0.772177089439627,0.772177089439627,0.627213260596138
7.62059868876404,4.72357413441668,1,1,1,1.57107065039904,-0.293268218280743,0,-1.46849011717008,1,29,100,5.87841610614472,5.87841610614472,3.69240985829115,5.87841610614472,5.87841610614472,3.69240985829115,0.86557000142554,0.86557000142554,0.663341099133949,0.804184031904754,0.804184031904754,0.624477505335027
6.37987687530186,3.56169415116071,1,1,1,-0.439161640084691,-0.589119777178608,1,-1.46849011717008,1,29,100,4.82315583028879,4.82315583028879,-0.62390628157418,4.82315583028879,4.82315583028879,-0.62390628157418,0.767989513112542,0.767989513112542,0.652190714069156,0.711116598098006,0.711116598098006,0.615701360177281
0.679444466414396,-0.467314919660709,1,1,0,-0.707559928072108,1.50207020222585,0,-1.46849011717008,1,29,100,0.930487121855441,5.28670201427024,0.930487121855441,0.930487121855441,5.28670201427024,0.930487121855441,0.566425074362309,0.623411340857976,0.566425074362309,0.549874313802406,0.59332237943516,0.549874313802406
4.38752652092082,2.74363781474714,1,1,1,0.0283246484812914,0.412086088686798,0,-1.46849011717008,1,29,100,3.58208710591237,3.58208710591237,1.31227216142319,3.58208710591237,3.58208710591237,1.31227216142319,0.659865058157194,0.659865058157194,0.659779620910833,0.621734625802444,0.621734625802444,0.621667290212669
